788015 788132 2
788315 788413 2
820520 820743 2
824182 824504 1
825582 825726 1
826998 827315 2
828187 828376 1
831493 831726 2
832326 832587 2
834372 834540 2
834832 834985 1
835454 835626 2
838498 838670 1
838826 838998 1
840017 840352 1
840723 840890 2
842448 842765 1
843937 844282 2
845470 845620 1
846382 846804 1
847226 847332 2
848772 849142 1
852909 853311 2
853782 854137 1
854632 854804 1
855587 855709 1
858298 858609 1
859959 860115 2
861287 861404 1
862143 862276 2
862965 863159 1
864676 864804 2
866323 866531 2
866801 866903 1
867429 867573 2
868826 868937 2
873315 873432 1
877454 877598 2
882293 882387 2
882459 882642 1
882859 883259 2
885760 885859 2
886268 886397 1
887320 887482 2
889215 889554 2
890809 890943 1
891654 891809 1
895624 895790 1
898182 898315 1
898909 899076 1
899769 899961 1
905326 905443 1
908559 908670 1
908928 909034 1
909615 909820 2
910748 910859 1
911541 911603 1
911659 911776 1
912976 913209 1
917193 917359 1
922064 922508 1
924952 925193 2
926318 926522 1
934814 934943 2
937193 937321 1
937904 937987 1
939864 940002 2
948412 948500 1
948536 948642 1
962735 962841 2
967548 967682 1
974364 974494 1
984349 984511 2
996401 996474 2
997201 997326 1
998720 998832 2
1016220 1016376 1
1065111 1065231 1
1088498 1088620 2
1096015 1096143 1
1101613 1101712 2
1125665 1125760 2
1127020 1127193 2
1129542 1129688 2
1132814 1132938 1
1135287 1135409 1
1147298 1147404 1
1201698 1202104 1
1202692 1203038 1
1203176 1203437 2
1204104 1204259 1
1205643 1205993 1
1208037 1208382 1
1208848 1209143 1
1219554 1219809 2
1220196 1220352 1
1220693 1221096 1
1221232 1221415 1
1222243 1222748 2
1224843 1225020 1
1226004 1226237 2
1227110 1227274 1
1229515 1230037 2
1230372 1230461 1
1230540 1230665 1
1231198 1231398 1
1232087 1232237 2
1238062 1238218 2
1240293 1240482 2
1244720 1244904 2
1247626 1247887 1
1249348 1249476 2
1251504 1251682 2
1252337 1252470 1
1253526 1253654 1
1255470 1255726 1
1256726 1256920 1
1265089 1265191 1
1268509 1268713 1
1288165 1288304 1
1310415 1310568 2
1312210 1312330 1
1312476 1312698 2
1321165 1321432 1
1321481 1321612 2
1322789 1322900 1
1323715 1323893 1
1325320 1325565 1
1339066 1339191 1
1348052 1348335 1
1358848 1359065 1
1362654 1362854 1
1369548 1369932 1
1371565 1371687 1
1378793 1379020 1
1382603 1382844 1
1387272 1387832 1
1389015 1389115 2
1389591 1389804 1
1389817 1389932 1
1390337 1390554 2
1391209 1391409 1
1393241 1393352 2
1394820 1395382 1
1396604 1396726 2
1399393 1399882 2
1400520 1400643 2
1401959 1402137 2
1402415 1402665 1
1403954 1404270 2
1404959 1405120 1
1405965 1406126 2
1408343 1408809 2
1409337 1409770 1
1410276 1410843 1
1413159 1413404 2
1413720 1413854 1
1415548 1415670 1
1416043 1416232 2
1417120 1417570 2
1419937 1420143 1
1420965 1421304 1
1422148 1422270 2
1422837 1423287 1
1424504 1424904 1
1426015 1426487 1
1427409 1427504 2
1428274 1428451 1
1429293 1429593 1
1430258 1430337 2
1431037 1431204 1
1432204 1432343 2
1433215 1433620 2
1439532 1439682 1
1439954 1440182 1
1442716 1442846 2
1443026 1443154 1
1444564 1444883 1
1445804 1445937 2
1447253 1447425 2
1448906 1449068 1
1450554 1450693 1
1453325 1453466 1
1456382 1456504 1
1457682 1457893 2
1459139 1459335 1
1464415 1464737 1
1468932 1469032 1
1471219 1471415 2
1471472 1471561 1
1472920 1473093 2
2215637 2215848 2
2218352 2218508 2
2218548 2218793 1
2220837 2221026 2
2225198 2225459 1
2229198 2229504 2
2230487 2230748 2
2235031 2235161 1
2236498 2236737 2
2238843 2239282 1
2239976 2240126 1
2240849 2241001 1
2242132 2242648 1
2243743 2243954 2
2246248 2246593 1
2247673 2247804 1
2250132 2250570 1
2254026 2254220 2
2254670 2255076 2
2255809 2256165 1
2256343 2256455 2
2257370 2257487 1
2260982 2261182 1
2262059 2262432 2
2263226 2263487 1
2264165 2264320 1
2264943 2265265 2
2265759 2266015 1
2266281 2266410 1
2266534 2266667 1
2266764 2266832 2
2267943 2268143 1
2268758 2268890 2
2271487 2271732 2
2272748 2273015 1
2273509 2274093 1
2274660 2274817 1
2278437 2278720 1
2279748 2279898 1
2280215 2280615 1
2280748 2280853 2
2282065 2282404 1
2282508 2282677 1
2283282 2283420 1
2283865 2284037 2
2284793 2285026 1
2285187 2285415 1
2285615 2285770 1
2286332 2286526 1
2288837 2288987 2
2290876 2291115 1
2291721 2291852 1
2293204 2293537 1
2293870 2294082 2
2295258 2295531 2
2296209 2296382 1
2297879 2297972 2
2298057 2298145 2
2299450 2299641 1
2301309 2301420 1
2302215 2302698 1
2303932 2304020 2
2304743 2304904 1
2306737 2306865 2
2308470 2308670 1
2309420 2309720 1
2310426 2310548 2
2311244 2311610 1
2311862 2312000 2
2313526 2314020 1
2314715 2315109 2
2315593 2316020 2
2319848 2320009 1
2320909 2321187 1
2322148 2322376 2
2322893 2323076 1
2330243 2330443 2
2330515 2330719 1
2332100 2332173 1
2334593 2334854 1
2334962 2335068 1
2335712 2335845 2
2335969 2336142 1
2339748 2339876 1
2341559 2341659 2
2343148 2343532 1
2344215 2344398 1
2345087 2345248 1
2351548 2351654 1
2356579 2356659 2
2358393 2358543 1
2360898 2361065 1
2364506 2364652 1
2367893 2368109 2
2370814 2370945 1
2373770 2373909 1
2383818 2383929 2
2383976 2384176 2
2384948 2385143 1
2385472 2385718 1
2390548 2390687 1
2393314 2393462 1
2397744 2397897 1
2399436 2399564 2
2404681 2404809 2
2406937 2407126 1
2424082 2424187 1
2426823 2426902 2
2447585 2447705 1
2451277 2451386 2
2454749 2454842 2
2464253 2464397 1
2470934 2471049 2
2473815 2473937 1
2474878 2475147 2
2480418 2480554 1
2481854 2481982 2
2482504 2482626 1
2488409 2488520 2
2489517 2489690 1
2493749 2493988 2
2494576 2494659 1
2526065 2526181 1
2583625 2583758 2
2602102 2602207 2
2603352 2603473 1
2615933 2616027 2
2617248 2617320 2
2620587 2620661 1
2629337 2629503 1
2653162 2653230 2
2681724 2681991 1
2710885 2710978 2
2736812 2736979 2
2738114 2738282 1
2744643 2744765 2
2776086 2776207 1
2776272 2776411 1
2779900 2779984 2
2804858 2804975 1
2806698 2806781 1
2845645 2845734 2
2859263 2859360 1
2904676 2904882 2
2906522 2906675 1
2907365 2907876 2
2908476 2908643 2
2909309 2909576 1
2915048 2915232 2
2917793 2918237 2
2919143 2919332 1
2924971 2925110 1
2926309 2926459 2
2928498 2928609 1
2936765 2937048 2
2939515 2939826 1
2940459 2940635 2
2941404 2941643 1
2942815 2943020 2
2944982 2945198 1
2945498 2945887 1
2947120 2947309 1
2948891 2949279 1
2950048 2950209 1
2950809 2951119 1
2951671 2951855 2
2952498 2952620 1
2958911 2959170 2
2961298 2961604 1
2962076 2962420 1
2963043 2963232 2
2964748 2965037 1
2966065 2966182 1
2969854 2970115 1
2970498 2970776 2
2974037 2974243 1
2979770 2980004 2
2982126 2982337 1
2984814 2985027 2
2993032 2993120 2
3117354 3117659 2
3118632 3118959 1
3119532 3119732 2
3122037 3122132 1
3122865 3123065 2
3124290 3124434 1
3125232 3125643 2
3127809 3127976 2
3129032 3129111 2
3130598 3130909 2
3134220 3134470 2
3138187 3138426 1
3139204 3139466 2
3139982 3140098 1
3142193 3142320 2
3142926 3143148 1
3143793 3144254 2
3146993 3147293 1
3147404 3147609 1
3149204 3149515 2
3152476 3152715 1
3156220 3156670 2
3158009 3158426 1
3159387 3159501 2
3162576 3162732 2
3162748 3162868 2
3162948 3163094 1
3164409 3164599 1
3166192 3166304 1
3167215 3167448 1
3168165 3168609 2
3169259 3169598 1
3170959 3171215 1
3171793 3171982 2
3172739 3172976 2
3173582 3173837 1
3174865 3175126 2
3176732 3176998 1
3178320 3178537 2
3179702 3179806 1
3186043 3186143 1
3187676 3188054 1
3188732 3188904 1
3189715 3190087 1
3190648 3190815 2
3191326 3191504 1
3191555 3191737 1
3192320 3192748 1
3193604 3193893 1
3194515 3194765 2
3196459 3196676 1
3197454 3197587 1
3198480 3198631 2
3199678 3199903 2
3200189 3200411 1
3202082 3202609 1
3204522 3205076 1
3205687 3205887 1
3207248 3207582 1
3208337 3208643 2
3209815 3210020 2
3210359 3210659 2
3211532 3211898 2
3212493 3212870 1
3215152 3215383 2
3217198 3217682 2
3218132 3218526 1
3220398 3220715 1
3222987 3223170 1
3224142 3224323 2
3225198 3225354 2
3228282 3228420 1
3228514 3228665 1
3229532 3229759 1
3230476 3230637 2
3231216 3231406 1
3232202 3232370 2
3232698 3232915 2
3234120 3234409 1
3235165 3235326 2
3238182 3238393 1
3239570 3239687 1
3240959 3241354 2
3243315 3243576 1
3244609 3244865 1
3246559 3246820 1
3247637 3247798 2
3248816 3248930 2
3249569 3249715 1
3251087 3251370 2
3254582 3254909 1
3256397 3256522 2
3256748 3257070 1
3257598 3257743 1
3258426 3258659 1
3259943 3260109 2
3261242 3261707 1
3262382 3262654 2
3263582 3263815 2
3264302 3264652 1
3265693 3265870 1
3267615 3267920 1
3269048 3269393 2
3270198 3270398 1
3272409 3272648 1
3274970 3275259 1
3275843 3276104 2
3276959 3277382 1
3278364 3278531 1
3279784 3279922 1
3281070 3281274 1
3283109 3283532 1
3284898 3285043 2
3287320 3287504 2
3288286 3288412 1
3290348 3290676 2
3292832 3293076 2
3293526 3293898 1
3294304 3294604 1
3295209 3295459 2
3296256 3296507 1
3297232 3297582 2
3298883 3299198 2
3299748 3299943 1
3300865 3301148 1
3301848 3302070 2
3303261 3303371 1
3304504 3304698 1
3306040 3306184 1
3307221 3307374 1
3308209 3308404 1
3310249 3310337 1
3310787 3311120 1
3311659 3311815 2
3312193 3312359 1
3312461 3312728 1
3320270 3320815 1
3321890 3322008 1
3323619 3323920 1
3325076 3325293 1
3325982 3326470 1
3327215 3327509 1
3328264 3328447 1
3329432 3329737 1
3331647 3331735 2
3332161 3332292 1
3333604 3333837 1
3334959 3335137 1
3335698 3336054 1
3339298 3339454 1
3340998 3341359 1
3342286 3342605 1
3343214 3343345 1
3343587 3343804 1
3344670 3344865 1
3345397 3345605 2
3346487 3346682 1
3348709 3348932 1
3350804 3351070 1
3352065 3352287 1
3353137 3353387 1
3354337 3354620 1
3355576 3355820 1
3357593 3357870 2
3359115 3359398 1
3360922 3361024 1
3362159 3362409 2
3363709 3363859 1
3364459 3364682 2
3364848 3365026 2
3367105 3367351 1
3368037 3368409 1
3369393 3369704 1
3370665 3371087 1
3371569 3371695 1
3372302 3372422 1
3373482 3373693 1
3374387 3374643 1
3374862 3374987 1
3376727 3376947 1
3377151 3377433 1
3380485 3380712 1
3381670 3381865 1
3404404 3404554 1
3413565 3413787 1
3415332 3415484 1
3416462 3416776 1
3416834 3417027 1
3417692 3417964 1
3418408 3418549 1
3419554 3419787 1
3420665 3421048 1
3421737 3421959 1
3422096 3422216 1
3422642 3422739 2
3422976 3423216 1
3423404 3423693 2
3424398 3424815 1
3425520 3426059 2
3426826 3427243 1
3427882 3428187 2
3429054 3429237 1
3431437 3431620 1
3432791 3433120 1
3433426 3433870 2
3435126 3435376 1
3436726 3436965 1
3438398 3438582 1
3439509 3439759 2
3439870 3440043 1
3440737 3440937 2
3441887 3442030 1
3442610 3442795 2
3443298 3443493 1
3444119 3444286 2
3444698 3444781 1
3445489 3445702 1
3445960 3446358 2
3448643 3448959 2
3453137 3453309 1
3454097 3454323 1
3455248 3455643 2
3457866 3458080 2
3460220 3460366 1
3460595 3460861 2
3463015 3463176 2
3463754 3463898 1
3465004 3465193 2
3466226 3466532 2
3467182 3467409 1
3469357 3469468 2
3469826 3470004 1
3472237 3472504 1
3473570 3473798 2
3475176 3475293 1
3476037 3476159 2
3476284 3476483 1
3477059 3477315 2
3478470 3478598 1
3479793 3480098 2
3481170 3481343 2
3482259 3482398 1
3483739 3483957 1
3487437 3487637 2
3489076 3489476 2
3490442 3490594 1
3492298 3492543 2
3494315 3494582 2
3495476 3495909 2
3496737 3497204 1
3500032 3500204 1
3501487 3501887 2
3502832 3502993 1
3506256 3506465 2
3507595 3507684 1
3510559 3510870 2
3512037 3512332 2
3512954 3513193 1
3514232 3514382 1
3515420 3515582 2
3517493 3517665 1
3519320 3519498 2
3520141 3520293 1
3523504 3523682 2
3525498 3525765 2
3526043 3526282 1
3526737 3526848 2
3527703 3527881 1
3528526 3528804 1
3529937 3530154 2
3530653 3530810 1
3532043 3532326 1
3532971 3533201 1
3534467 3534571 2
3536226 3536337 1
3537437 3537548 1
3538823 3539018 1
3539771 3539870 2
3539954 3540182 2
3541176 3541459 1
3542004 3542204 1
3542848 3543054 1
3543686 3543875 1
3545120 3545209 2
3550759 3551037 2
3551893 3552170 1
3552909 3553320 1
3553837 3554082 1
3554976 3555165 1
3555170 3555306 1
3556094 3556256 1
3557451 3557557 1
3559254 3559382 2
3561620 3561743 1
3565254 3565459 1
3568685 3568889 2
3570126 3570320 1
3572604 3572709 2
3574887 3575165 1
3575754 3575987 1
3583887 3584165 1
3584920 3585137 2
3585437 3585604 1
3586332 3586582 1
3587393 3587570 2
3587698 3587920 1
3588637 3588993 2
3590459 3590754 2
3591487 3591661 1
3592453 3592752 1
3593409 3593815 1
3594398 3594698 1
3595537 3595776 1
3596448 3596709 2
3597409 3597543 1
3599098 3599343 2
3602704 3602993 1
3603787 3604026 1
3605659 3605893 2
3606676 3606920 2
3610908 3611143 1
3612209 3612415 1
3618143 3618354 2
3619987 3620165 2
3623232 3623604 1
3624182 3624465 1
3626204 3626437 2
3627070 3627415 1
3628159 3628476 2
3629909 3630465 1
3632156 3632271 1
3633489 3633675 1
3635215 3635532 1
3635743 3636154 1
3636854 3637093 2
3638682 3638843 1
3639587 3639759 2
3640693 3640876 1
3641870 3642137 2
3643926 3644137 1
3645115 3645404 2
3646487 3646682 2
3647165 3647493 2
3648687 3648948 1
3650243 3650482 2
3651370 3651620 1
3653109 3653315 2
3656487 3656732 1
3658832 3659226 2
3660004 3660276 2
3660676 3660843 2
3661931 3662057 1
3662304 3662426 1
3662837 3662998 1
3664232 3664582 1
3665382 3665820 2
3666526 3666682 1
3669817 3669964 1
3670221 3670434 1
3671704 3671948 2
3672865 3673126 2
3673770 3674070 1
3676676 3676926 2
3677659 3677765 1
3678420 3678876 1
3683504 3683640 1
3683920 3684204 2
3685926 3686143 1
3688082 3688259 2
3689220 3689354 2
3689837 3689937 1
3691976 3692365 2
3693694 3693814 1
3694615 3694848 1
3696191 3696379 2
3696743 3696998 2
3697589 3697762 1
3698374 3698564 1
3700296 3700409 1
3702720 3702903 1
3705704 3705882 2
3706236 3706403 1
3708083 3708205 1
3708543 3708743 1
3711137 3711265 1
3711365 3711554 2
3712187 3712593 1
3713243 3713437 1
3714076 3714276 1
3714926 3715043 2
3716854 3717037 1
3718859 3719076 2
3721081 3721301 1
3721997 3722300 2
3722484 3722603 2
3725459 3725809 2
3726187 3726380 1
3726590 3726699 1
3727082 3727248 2
3727570 3727776 1
3728530 3728745 1
3730476 3730693 2
3731682 3731815 1
3733604 3733787 2
3734815 3734932 1
3736393 3736659 2
3737598 3737826 1
3739132 3739315 2
3739932 3740215 1
3743026 3743198 2
3754337 3754615 1
3755693 3756093 2
3756870 3757143 2
3757843 3758393 2
3758987 3759520 1
3760315 3760493 1
3761493 3761582 2
3764715 3764982 2
3767409 3767726 1
3768492 3768779 2
3771476 3771637 2
3772643 3772826 2
3773843 3774009 1
3774765 3774987 1
3775482 3775732 1
3778543 3778715 1
3815059 3815133 1
3819070 3819265 1
4219109 4219220 2
4220237 4220504 1
4221308 4221514 2
4223098 4223248 2
4224179 4224679 2
4227432 4227715 1
4230226 4230398 1
4230643 4230887 1
4234504 4234659 1
4235504 4235787 2
4236406 4236675 1
4237459 4237926 2
4238404 4238507 2
4238787 4239026 1
4239965 4240109 1
4241998 4242232 1
4242876 4243243 2
4244496 4244685 1
4245197 4245365 1
4246020 4246248 1
4246732 4246876 1
4247662 4247981 1
4248565 4248770 1
4249179 4249300 1
4249587 4249787 1
4250826 4251093 1
4252193 4252354 2
4252537 4252737 1
4255015 4255348 1
4257367 4257576 1
4259320 4259482 1
4260582 4260737 1
4261398 4261826 1
4262326 4262648 1
4263426 4263626 2
4266748 4266943 1
4269718 4269901 1
4270548 4270837 2
4271654 4271820 1
4271985 4272226 1
4274798 4275009 1
4276187 4276687 1
4277440 4277839 1
4278459 4278820 1
4279568 4279878 1
4281348 4281582 2
4282248 4282504 1
4283964 4284236 1
4285124 4285323 2
4287193 4287420 1
4289898 4290143 2
4291426 4291559 1
4291765 4292043 2
4292604 4292982 1
4293698 4293959 1
4294648 4294809 1
4300276 4300632 1
4301076 4301237 1
4303315 4303732 1
4304498 4304915 1
4305509 4305859 1
4307031 4307149 1
4307365 4307543 2
4307659 4307948 1
4308770 4308976 2
4311765 4311998 2
4313504 4313926 1
4318932 4319232 1
4320182 4320448 1
4321682 4322154 1
4322414 4322518 1
4323087 4323354 2
4324048 4324320 1
4326404 4326732 2
4326937 4327232 1
4327798 4328132 1
4328326 4328559 2
4329294 4329613 1
4332332 4332737 2
4333476 4333693 2
4334115 4334343 1
4334876 4335104 2
4335698 4335864 1
4338568 4338693 1
4339454 4339620 1
4340954 4341248 2
4342276 4342543 2
4343543 4343915 2
4344807 4344927 1
4346320 4346509 1
4347565 4347715 1
4349570 4349898 2
4351815 4352054 1
4352848 4353076 2
4354104 4354220 1
4355637 4355904 2
4356576 4356920 1
4359059 4359337 1
4360065 4360298 1
4360925 4361096 1
4361201 4361331 2
4363086 4363254 1
4365387 4365587 1
4366120 4366493 1
4369309 4369648 1
4370659 4370954 2
4371709 4372226 2
4372665 4373070 1
4373843 4374132 2
4374707 4375022 1
4375765 4376126 1
4380661 4380758 1
4382343 4382520 1
4386126 4386293 1
4393343 4393515 1
4396082 4396309 1
4397082 4397270 2
4398698 4398859 1
4399737 4399982 1
4403067 4403250 1
4404309 4404537 1
4405576 4405782 1
4406559 4406704 1
4407432 4407593 1
4408509 4408787 1
4410595 4410882 1
4411532 4411632 1
4413982 4414170 2
4414720 4414887 2
4415720 4416076 1
4417717 4417999 2
4418611 4418721 1
4418965 4419104 2
4419615 4419726 1
4420443 4420605 1
4421259 4421404 1
4423615 4423748 2
4424676 4424826 1
4427346 4427466 2
4428215 4428509 2
4430237 4430420 1
4433670 4434109 1
4441537 4441809 1
4446187 4446482 1
4448293 4448493 2
4450949 4451120 1
4452043 4452248 1
4453272 4453425 1
4456864 4456957 1
4457676 4457882 1
4461057 4461176 2
4466593 4466698 1
4467654 4467859 1
4469237 4469365 1
4471170 4471298 2
4482265 4482509 1
4483476 4483654 1
4485948 4486170 2
4493265 4493476 1
4495387 4495670 1
4505998 4506148 2
4509132 4509265 1
4512670 4512782 1
4526948 4527298 2
4528343 4528454 1
4530637 4530815 2
4531481 4531676 1
4531737 4532054 2
4532998 4533254 2
4534670 4534970 1
4537032 4537141 1
4538809 4539076 2
4539748 4540059 1
4542035 4542197 2
4543315 4543465 1
4545320 4545420 2
4548782 4548898 2
4550265 4550587 1
4552376 4552504 2
4553765 4553987 1
4554854 4555043 2
4555815 4555948 1
4557165 4557393 2
4557752 4558118 1
4559970 4560076 1
4561137 4561259 2
4562734 4562964 1
4563276 4563465 2
4564009 4564226 1
4564848 4564965 1
4565637 4566020 1
4567123 4567364 1
4570398 4570565 1
4572087 4572376 1
4573082 4573237 1
4574886 4575027 1
4576032 4576176 1
4576785 4576978 1
4577576 4577787 1
4579176 4579315 1
4580965 4581287 1
4583215 4583420 1
4583898 4584109 2
4584726 4585098 1
4585993 4586220 2
4587220 4587482 1
4587920 4588165 1
4590133 4590271 2
4590965 4591198 1
4591693 4591937 2
4597304 4597682 1
4598893 4599087 1
4600162 4600351 1
4602698 4602882 1
4604770 4604909 2
4608437 4608570 1
4609893 4610148 1
4612437 4612687 1
4613304 4613504 2
4617153 4617257 2
4620948 4621120 2
4622093 4622454 1
4623382 4623559 1
4625382 4625565 1
4625783 4625886 1
4626043 4626343 2
4627665 4628048 1
4631815 4632048 1
4633443 4633782 1
4634670 4634904 2
4635570 4635720 1
4636382 4636754 2
4637687 4637787 1
4638370 4638493 1
4638626 4638848 2
4639415 4639732 1
4640146 4640418 2
4642226 4642576 1
4643576 4643909 1
4644665 4644770 1
4646354 4646759 2
4647787 4647948 1
4648683 4648840 2
4649787 4649943 1
4650659 4650976 1
4655405 4655588 1
4656243 4656582 1
4658318 4658705 2
4659259 4659537 2
4663031 4663152 1
4664453 4664573 1
4665270 4665626 1
4666636 4666871 2
4667404 4667693 1
4668454 4668782 2
4670067 4670261 1
4670653 4670821 1
4671209 4671498 2
4674248 4674420 1
4674888 4674976 2
4675204 4675330 1
4675670 4676093 2
4677898 4678232 2
4679487 4679604 1
4683244 4683349 1
4686801 4686890 2
4687682 4687837 1
4688954 4689098 2
4690115 4690293 1
4693288 4693654 2
4694437 4694654 1
4695426 4695576 1
4695959 4696082 1
4698287 4698470 1
4699293 4699420 1
4700004 4700348 1
4700987 4701276 1
4710720 4710882 1
4715915 4716032 1
4716487 4716643 1
4717359 4717565 2
4718172 4718297 1
4721770 4721882 1
4722609 4722832 1
4723727 4723811 1
4725593 4725704 2
4726800 4726962 1
4728044 4728152 1
4729783 4729978 1
4730779 4730946 1
4740404 4740693 1
4741348 4741609 1
4742232 4742587 2
4743684 4744008 1
4744987 4745248 2
4746158 4746383 1
4747059 4747348 2
4748487 4748620 1
4750427 4750641 1
4751593 4751976 1
4752582 4752815 1
4753632 4753904 1
4755465 4755732 2
4756837 4757237 2
4758197 4758424 1
4762854 4763143 1
4763881 4763980 1
4768109 4768309 2
4769316 4769661 1
4771604 4771787 1
4778105 4778221 1
5321998 5322193 2
5322906 5323184 1
5324804 5325182 1
5329570 5329690 2
5333120 5333271 1
5334698 5334793 1
5335004 5335120 1
5339048 5339159 2
5340737 5341098 1
5343526 5343698 1
5345798 5345887 1
5346726 5346909 1
5347593 5347732 2
5349782 5350026 1
5351304 5351576 1
5354098 5354365 1
5354959 5355554 2
5356126 5356632 1
5357626 5357832 1
5358387 5358615 2
5361393 5361582 1
5362326 5362726 2
5367226 5367509 1
5368109 5368254 1
5370165 5370318 2
5371354 5371620 1
5372032 5372270 2
5372676 5372887 1
5373744 5373883 1
5374545 5374680 2
5376676 5377115 2
5378632 5378837 1
5380437 5380593 1
5382259 5382676 2
5383632 5383976 2
5385226 5385370 1
5387220 5387587 2
5390005 5390120 2
5390665 5390876 2
5391754 5391870 1
5392765 5393109 2
5393360 5393536 1
5393882 5394126 1
5394809 5395059 1
5395826 5396176 2
5399604 5399748 1
5400736 5400909 1
5400976 5401126 2
5401754 5402065 1
5402993 5403382 2
5404309 5404482 2
5405093 5405393 1
5407954 5408159 2
5408915 5409043 1
5409482 5409593 1
5411582 5411737 2
5412790 5413036 1
5414603 5414739 2
5416970 5417209 2
5418065 5418326 1
5418915 5419309 2
5419406 5419550 1
5420404 5420770 2
5421526 5421759 1
5422493 5422737 1
5424876 5425259 1
5426448 5426704 1
5428193 5428437 1
5429361 5429495 1
5430232 5430626 1
5431459 5431698 1
5436165 5436287 1
5444826 5444946 1
5446570 5446854 1
5447545 5447777 2
5448176 5448459 1
5450015 5450165 1
5451937 5452209 1
5453465 5453832 1
5456834 5457116 1
5457854 5458187 1
5458798 5459298 1
5460129 5460229 2
5460654 5461065 1
5461554 5461787 1
5462309 5462565 1
5463343 5463543 1
5464026 5464137 1
5464904 5465026 1
5467694 5467835 1
5468687 5469143 2
5469565 5469965 1
5472544 5472645 1
5474337 5474648 1
5476582 5476732 1
5479892 5480059 2
5480666 5480768 1
5484243 5484459 1
5485370 5485587 1
5486031 5486128 1
5487348 5487776 1
5488179 5488402 2
5489120 5489348 1
5490601 5490713 1
5491721 5491976 1
5492209 5492470 1
5492954 5493104 1
5497048 5497309 1
5498570 5499015 1
5500482 5500665 1
5501815 5501998 1
5504743 5504998 2
5506609 5506915 2
5510133 5510402 1
5511415 5511576 1
5512415 5512548 2
5513249 5513466 1
5516370 5516543 2
5518485 5518601 1
5519690 5519805 2
5520632 5520843 1
5526059 5526293 2
5528209 5528320 2
5529137 5529254 1
5530454 5530597 1
5533815 5533965 1
5534859 5535032 2
5535832 5536020 2
5536416 5536521 1
5537282 5537409 1
5537700 5537842 1
5538054 5538220 1
5539076 5539420 1
5540948 5541082 2
5541954 5542109 2
5543088 5543350 1
5544043 5544204 2
5544472 5544613 1
5545525 5545694 2
5546288 5546430 2
5547265 5547548 1
5556832 5556925 2
5558087 5558249 1
5559576 5559759 1
5561712 5562031 2
5562926 5563393 2
5564159 5564370 1
5565532 5565698 2
5566593 5566865 1
5567554 5567820 1
5568550 5568818 1
5569809 5569937 2
5570715 5571009 1
5575226 5575532 2
5577893 5578070 1
5579254 5579548 1
5580632 5580737 1
5581498 5581976 2
5582914 5583045 1
5583248 5583454 1
5584443 5584554 1
5585332 5585487 1
5586165 5586319 1
5587376 5587526 1
5588165 5588520 2
5589126 5589354 1
5591460 5591732 1
5593796 5593960 2
5597031 5597165 1
5599254 5599454 2
5601032 5601159 1
5608982 5609193 2
5611187 5611459 2
5613859 5613970 1
5614796 5614897 1
5615376 5615637 2
5618891 5618996 2
5619184 5619294 2
5621665 5621870 1
5622987 5623060 1
5623337 5623493 1
5626147 5626398 1
5626837 5627004 2
5628104 5628237 1
5637582 5637911 1
5639041 5639219 1
5639982 5640104 2
5640619 5641017 1
5641937 5642098 2
5645476 5645587 1
5647570 5647679 2
5648261 5648438 2
5649426 5649654 1
5650543 5650837 1
5652382 5652509 2
5654704 5654887 1
5657321 5657515 2
5659811 5659905 1
5659991 5660107 1
5660643 5660754 1
5666325 5666500 1
5667759 5667920 1
5667984 5668077 2
5670487 5670648 2
5671954 5672082 1
5675459 5675748 2
5676198 5676320 1
5677237 5677432 1
5678989 5679105 2
5679259 5679359 1
5688632 5688759 1
5695204 5695343 2
5698582 5698709 1
5707320 5707498 1
5710030 5710176 1
5717004 5717170 2
5719532 5719637 1
5721270 5721432 2
5726010 5726161 1
5728559 5728748 1
5729933 5730053 1
5731026 5731246 1
5736624 5736712 1
5739354 5739487 1
5742015 5742126 1
5743148 5743298 2
5744709 5744798 2
5753389 5753504 1
5774426 5774559 1
5777175 5777300 1
5778095 5778276 1
5778493 5778681 1
5780818 5780980 1
5783693 5783820 1
5784783 5784987 1
5786026 5786120 1
5788176 5788287 2
5790490 5790626 1
5791076 5791232 2
5794337 5794476 2
5796759 5797015 1
5798293 5798443 1
5798954 5799104 2
5802176 5802309 2
5804070 5804165 2
5807814 5807986 1
5808829 5808971 2
5811293 5811582 1
5812557 5812667 1
5813737 5813882 2
5814679 5814851 1
5817846 5817962 1
5820812 5820958 1
6313439 6313549 2
6328005 6328147 1
6336920 6337126 2
6366872 6367003 1
6368782 6369315 2
6370854 6370959 2
6372148 6372248 1
6373184 6373378 1
6380039 6380180 2
6382320 6382737 2
6384582 6384804 1
6385237 6385409 1
6387026 6387170 1
6389237 6389443 1
6390620 6390743 1
6398443 6398604 2
6400957 6401138 1
6405854 6405970 2
6409432 6409570 1
6410265 6410543 1
6411587 6412137 1
6412587 6413098 2
6420676 6420854 2
6421682 6422220 1
6430448 6430587 1
6435159 6435276 1
6437132 6437237 1
6439776 6439998 1
6441332 6441409 1
6445015 6445504 2
6448604 6448793 1
6451037 6451454 2
6451904 6452126 1
6452676 6452876 1
6462526 6462693 1
6463276 6463409 1
6463645 6463801 1
6465409 6465804 1
6469744 6470064 1
6472624 6472753 1
6478237 6478348 1
6483215 6483620 1
6484148 6484298 1
6485476 6485676 2
6485954 6486070 1
6486587 6486860 1
6487098 6487226 1
6494082 6494204 1
6495576 6495843 1
6496404 6496620 1
6497429 6497587 1
6497893 6498120 2
6502259 6502704 2
6504105 6504346 1
6504465 6504832 1
6505487 6505937 2
6506882 6507104 1
6508004 6508182 2
6517032 6517370 1
6523709 6523976 1
6527049 6527196 1
6528043 6528237 1
6536298 6536598 2
6539308 6539522 2
6561293 6561737 1
6563687 6563920 1
6574712 6574863 1
