1 788015 788132
1 788315 788413
1 820520 820743
1 824182 824504
1 825582 825726
1 826998 827315
1 828187 828376
1 831493 831726
1 832326 832587
2 1201698 1202104
2 1202692 1203038
2 1203176 1203437
2 1204104 1204259
2 1205643 1205993
2 1208037 1208382
2 1208848 1209143
2 1219554 1219809
2 1220196 1220352
2 1220693 1221096
2 1221232 1221415
2 1222243 1222748
2 1224843 1225020
2 1226004 1226237
2 1227110 1227274
2 1229515 1230037
2 1230372 1230461
2 1230540 1230665
2 1231198 1231398
2 1232087 1232237
2 1238062 1238218
2 1240293 1240482
2 1244720 1244904
2 1247626 1247887
2 1249348 1249476
2 1251504 1251682
2 1252337 1252470
2 1253526 1253654
2 1255470 1255726
2 1256726 1256920
2 1265089 1265191
2 1268509 1268713
2 1288165 1288304
2 1310415 1310568
2 1312210 1312330
2 1312476 1312698
2 1321165 1321612
2 1322789 1322900
2 1323715 1323893
2 1325320 1325565
2 1339066 1339191
2 1348052 1348335
2 1358848 1359065
2 1362654 1362854
2 1369548 1369932
2 1371565 1371687
2 1378793 1379020
2 1382603 1382844
2 1387272 1387832
2 1389015 1389115
2 1389591 1389932
2 1390337 1390554
2 1391209 1391409
2 1393241 1393352
2 1394820 1395382
2 1396604 1396726
2 1399393 1399882
2 1400520 1400643
2 1401959 1402137
2 1402415 1402665
2 1403954 1404270
2 1404959 1405120
2 1405965 1406126
2 1408343 1408809
2 1409337 1409770
2 1410276 1410843
2 1413159 1413404
2 1413720 1413854
2 1415548 1415670
2 1416043 1416232
2 1417120 1417570
2 1419937 1420143
2 1420965 1421304
2 1422148 1422270
2 1422837 1423287
2 1424504 1424904
2 1426015 1426487
2 1427409 1427504
2 1428274 1428451
2 1429293 1429593
2 1430258 1430337
2 1431037 1431204
2 1432204 1432343
2 1433215 1433620
3 2215637 2215848
3 2218352 2218793
3 2220837 2221026
3 2225198 2225459
3 2229198 2229504
3 2230487 2230748
3 2235031 2235161
3 2236498 2236737
3 2238843 2239282
3 2239976 2240126
3 2240849 2241001
3 2242132 2242648
3 2243743 2243954
3 2246248 2246593
3 2247673 2247804
3 2250132 2250570
3 2254026 2254220
3 2254670 2255076
3 2255809 2256165
3 2256343 2256455
3 2257370 2257487
3 2260982 2261182
3 2262059 2262432
3 2263226 2263487
3 2264165 2264320
3 2264943 2265265
3 2265759 2266015
3 2266281 2266410
3 2266534 2266667
3 2266764 2266832
3 2267943 2268143
3 2268758 2268890
3 2271487 2271732
3 2272748 2273015
3 2273509 2274093
3 2274660 2274817
3 2278437 2278720
3 2279748 2279898
3 2280215 2280615
3 2280748 2280853
3 2282065 2282404
3 2282508 2282677
3 2283282 2283420
3 2283865 2284037
3 2284793 2285026
3 2285187 2285415
3 2285615 2285770
3 2286332 2286526
3 2288837 2288987
3 2290876 2291115
3 2291721 2291852
3 2293204 2293537
3 2293870 2294082
3 2295258 2295531
3 2296209 2296382
3 2297879 2297972
3 2298057 2298145
3 2299450 2299641
3 2301309 2301420
3 2302215 2302698
3 2303932 2304020
3 2304743 2304904
3 2306737 2306865
3 2308470 2308670
3 2309420 2309720
4 2904676 2904882
4 2906522 2906675
4 2907365 2907876
4 2908476 2908643
4 2909309 2909576
4 2915048 2915232
4 2917793 2918237
4 2919143 2919332
4 2924971 2925110
4 2926309 2926459
4 2928498 2928609
4 2936765 2937048
4 2939515 2939826
4 2940459 2940635
4 2941404 2941643
4 2942815 2943020
4 2944982 2945198
4 2945498 2945887
4 2947120 2947309
4 2948891 2949279
4 2950048 2950209
4 2950809 2951119
4 2951671 2951855
4 2952498 2952620
4 2958911 2959170
4 2961298 2961604
4 2962076 2962420
4 2963043 2963232
4 2964748 2965037
4 2966065 2966182
4 2969854 2970115
4 2970498 2970776
4 2974037 2974243
4 2979770 2980004
4 2982126 2982337
4 2984814 2985027
4 2993032 2993120
5 3117354 3117659
5 3118632 3118959
5 3119532 3119732
5 3122037 3122132
5 3122865 3123065
5 3124290 3124434
5 3125232 3125643
5 3127809 3127976
5 3129032 3129111
5 3130598 3130909
5 3134220 3134470
5 3138187 3138426
5 3139204 3139466
5 3139982 3140098
5 3142193 3142320
5 3142926 3143148
5 3143793 3144254
5 3146993 3147293
5 3147404 3147609
5 3149204 3149515
5 3152476 3152715
5 3156220 3156670
5 3158009 3158426
5 3159387 3159501
5 3162576 3162868
5 3162948 3163094
5 3164409 3164599
5 3166192 3166304
5 3167215 3167448
5 3168165 3168609
5 3169259 3169598
5 3170959 3171215
5 3171793 3171982
5 3172739 3172976
5 3173582 3173837
5 3174865 3175126
5 3176732 3176998
5 3178320 3178537
5 3179702 3179806
5 3186043 3186143
5 3187676 3188054
5 3188732 3188904
5 3189715 3190087
5 3190648 3190815
5 3191326 3191737
5 3192320 3192748
5 3193604 3193893
5 3194515 3194765
5 3196459 3196676
5 3197454 3197587
5 3198480 3198631
5 3199678 3199903
5 3200189 3200411
5 3202082 3202609
5 3204522 3205076
5 3205687 3205887
5 3207248 3207582
5 3208337 3208643
5 3209815 3210020
5 3210359 3210659
5 3211532 3211898
5 3212493 3212870
5 3215152 3215383
5 3217198 3217682
5 3218132 3218526
5 3220398 3220715
5 3222987 3223170
5 3224142 3224323
5 3225198 3225354
5 3228282 3228420
5 3228514 3228665
5 3229532 3229759
5 3230476 3230637
5 3231216 3231406
5 3232202 3232370
5 3232698 3232915
5 3234120 3234409
5 3235165 3235326
5 3238182 3238393
5 3239570 3239687
5 3240959 3241354
5 3243315 3243576
5 3244609 3244865
5 3246559 3246820
5 3247637 3247798
5 3248816 3248930
5 3249569 3249715
5 3251087 3251370
5 3254582 3254909
5 3256397 3256522
5 3256748 3257070
5 3257598 3257743
5 3258426 3258659
5 3259943 3260109
5 3261242 3261707
5 3262382 3262654
5 3263582 3263815
5 3264302 3264652
5 3265693 3265870
5 3267615 3267920
5 3269048 3269393
5 3270198 3270398
5 3272409 3272648
5 3274970 3275259
5 3275843 3276104
5 3276959 3277382
5 3278364 3278531
5 3279784 3279922
5 3281070 3281274
5 3283109 3283532
5 3284898 3285043
5 3287320 3287504
5 3288286 3288412
5 3290348 3290676
5 3292832 3293076
5 3293526 3293898
5 3294304 3294604
5 3295209 3295459
5 3296256 3296507
5 3297232 3297582
5 3298883 3299198
5 3299748 3299943
5 3300865 3301148
5 3301848 3302070
5 3303261 3303371
5 3304504 3304698
5 3306040 3306184
5 3307221 3307374
5 3308209 3308404
5 3310249 3310337
5 3310787 3311120
5 3311659 3311815
5 3312193 3312359
5 3312461 3312728
5 3320270 3320815
5 3321890 3322008
5 3323619 3323920
5 3325076 3325293
5 3325982 3326470
5 3327215 3327509
5 3328264 3328447
5 3329432 3329737
5 3331647 3331735
5 3332161 3332292
5 3333604 3333837
5 3334959 3335137
5 3335698 3336054
5 3339298 3339454
5 3340998 3341359
5 3342286 3342605
5 3343214 3343345
5 3343587 3343804
5 3344670 3344865
5 3345397 3345605
5 3346487 3346682
5 3348709 3348932
5 3350804 3351070
5 3352065 3352287
5 3353137 3353387
5 3354337 3354620
5 3355576 3355820
5 3357593 3357870
5 3359115 3359398
5 3360922 3361024
5 3362159 3362409
5 3363709 3363859
5 3364459 3364682
5 3364848 3365026
5 3367105 3367351
5 3368037 3368409
5 3369393 3369704
5 3370665 3371087
5 3371569 3371695
5 3372302 3372422
5 3373482 3373693
5 3374387 3374643
5 3374862 3374987
5 3376727 3376947
5 3377151 3377433
5 3380485 3380712
5 3381670 3381865
6 3404404 3404554
6 3413565 3413787
6 3415332 3415484
6 3416462 3417027
6 3417692 3417964
6 3418408 3418549
6 3419554 3419787
6 3420665 3421048
6 3421737 3421959
6 3422096 3422216
6 3422642 3422739
6 3422976 3423216
6 3423404 3423693
6 3424398 3424815
6 3425520 3426059
6 3426826 3427243
6 3427882 3428187
6 3429054 3429237
6 3431437 3431620
6 3432791 3433120
6 3433426 3433870
6 3435126 3435376
6 3436726 3436965
6 3438398 3438582
6 3439509 3439759
6 3439870 3440043
6 3440737 3440937
6 3441887 3442030
6 3442610 3442795
6 3443298 3443493
6 3444119 3444286
6 3444698 3444781
6 3445489 3445702
6 3445960 3446358
6 3448643 3448959
6 3453137 3453309
6 3454097 3454323
6 3455248 3455643
6 3457866 3458080
6 3460220 3460366
6 3460595 3460861
6 3463015 3463176
6 3463754 3463898
6 3465004 3465193
6 3466226 3466532
6 3467182 3467409
6 3469357 3469468
6 3469826 3470004
6 3472237 3472504
6 3473570 3473798
6 3475176 3475293
6 3476037 3476159
6 3476284 3476483
6 3477059 3477315
6 3478470 3478598
6 3479793 3480098
6 3481170 3481343
6 3482259 3482398
6 3483739 3483957
6 3487437 3487637
6 3489076 3489476
6 3490442 3490594
6 3492298 3492543
6 3494315 3494582
6 3495476 3495909
6 3496737 3497204
6 3500032 3500204
6 3501487 3501887
6 3502832 3502993
6 3506256 3506465
6 3507595 3507684
6 3510559 3510870
6 3512037 3512332
6 3512954 3513193
6 3514232 3514382
6 3515420 3515582
6 3517493 3517665
6 3519320 3519498
6 3520141 3520293
6 3523504 3523682
6 3525498 3525765
6 3526043 3526282
6 3526737 3526848
6 3527703 3527881
6 3528526 3528804
6 3529937 3530154
6 3530653 3530810
6 3532043 3532326
6 3532971 3533201
6 3534467 3534571
6 3536226 3536337
6 3537437 3537548
6 3538823 3539018
6 3539771 3539870
6 3539954 3540182
6 3541176 3541459
6 3542004 3542204
6 3542848 3543054
6 3543686 3543875
6 3545120 3545209
6 3550759 3551037
6 3551893 3552170
6 3552909 3553320
6 3553837 3554082
6 3554976 3555306
6 3556094 3556256
6 3557451 3557557
6 3559254 3559382
6 3561620 3561743
6 3565254 3565459
6 3568685 3568889
6 3570126 3570320
6 3572604 3572709
6 3574887 3575165
6 3575754 3575987
6 3583887 3584165
6 3584920 3585137
6 3585437 3585604
6 3586332 3586582
6 3587393 3587570
6 3587698 3587920
6 3588637 3588993
6 3590459 3590754
6 3591487 3591661
6 3592453 3592752
6 3593409 3593815
6 3594398 3594698
6 3595537 3595776
6 3596448 3596709
6 3597409 3597543
6 3599098 3599343
6 3602704 3602993
6 3603787 3604026
6 3605659 3605893
6 3606676 3606920
6 3610908 3611143
6 3612209 3612415
6 3618143 3618354
6 3619987 3620165
6 3623232 3623604
6 3624182 3624465
6 3626204 3626437
6 3627070 3627415
6 3628159 3628476
6 3629909 3630465
6 3632156 3632271
6 3633489 3633675
6 3635215 3635532
6 3635743 3636154
6 3636854 3637093
6 3638682 3638843
6 3639587 3639759
6 3640693 3640876
6 3641870 3642137
6 3643926 3644137
6 3645115 3645404
6 3646487 3646682
6 3647165 3647493
6 3648687 3648948
6 3650243 3650482
6 3651370 3651620
6 3653109 3653315
6 3656487 3656732
6 3658832 3659226
6 3660004 3660276
6 3660676 3660843
6 3661931 3662057
6 3662304 3662426
6 3662837 3662998
6 3664232 3664582
6 3665382 3665820
6 3666526 3666682
6 3669817 3669964
6 3670221 3670434
6 3671704 3671948
6 3672865 3673126
6 3673770 3674070
6 3676676 3676926
6 3677659 3677765
6 3678420 3678876
6 3683504 3683640
6 3683920 3684204
6 3685926 3686143
6 3688082 3688259
6 3689220 3689354
6 3689837 3689937
6 3691976 3692365
6 3693694 3693814
6 3694615 3694848
6 3696191 3696379
6 3696743 3696998
6 3697589 3697762
6 3698374 3698564
6 3700296 3700409
6 3702720 3702903
6 3705704 3705882
6 3706236 3706403
6 3708083 3708205
6 3708543 3708743
6 3711137 3711265
6 3711365 3711554
6 3712187 3712593
6 3713243 3713437
6 3714076 3714276
6 3714926 3715043
6 3716854 3717037
6 3718859 3719076
6 3721081 3721301
6 3721997 3722300
6 3722484 3722603
6 3725459 3725809
6 3726187 3726380
6 3726590 3726699
6 3727082 3727248
6 3727570 3727776
6 3728530 3728745
6 3730476 3730693
6 3731682 3731815
6 3733604 3733787
6 3734815 3734932
6 3736393 3736659
6 3737598 3737826
6 3739132 3739315
6 3739932 3740215
6 3743026 3743198
6 3754337 3754615
6 3755693 3756093
6 3756870 3757143
6 3757843 3758393
6 3758987 3759520
6 3760315 3760493
6 3761493 3761582
6 3764715 3764982
6 3767409 3767726
6 3768492 3768779
6 3771476 3771637
6 3772643 3772826
6 3773843 3774009
6 3774765 3774987
6 3775482 3775732
6 3778543 3778715
7 3815059 3815133
7 3819070 3819265
8 4219109 4219220
8 4220237 4220504
8 4221308 4221514
8 4223098 4223248
8 4224179 4224679
8 4227432 4227715
8 4230226 4230398
8 4230643 4230887
8 4234504 4234659
8 4235504 4235787
8 4236406 4236675
8 4237459 4237926
8 4238404 4238507
8 4238787 4239026
8 4239965 4240109
8 4241998 4242232
8 4242876 4243243
8 4244496 4244685
8 4245197 4245365
8 4246020 4246248
8 4246732 4246876
8 4247662 4247981
8 4248565 4248770
8 4249179 4249300
8 4249587 4249787
8 4250826 4251093
8 4252193 4252354
8 4252537 4252737
8 4255015 4255348
8 4257367 4257576
8 4259320 4259482
8 4260582 4260737
8 4261398 4261826
8 4262326 4262648
8 4263426 4263626
8 4266748 4266943
8 4269718 4269901
8 4270548 4270837
8 4271654 4271820
8 4271985 4272226
8 4274798 4275009
8 4276187 4276687
8 4277440 4277839
8 4278459 4278820
8 4279568 4279878
8 4281348 4281582
8 4282248 4282504
8 4283964 4284236
8 4285124 4285323
8 4287193 4287420
8 4289898 4290143
8 4291426 4291559
8 4291765 4292043
8 4292604 4292982
8 4293698 4293959
8 4294648 4294809
8 4300276 4300632
8 4301076 4301237
8 4303315 4303732
8 4304498 4304915
8 4305509 4305859
8 4307031 4307149
8 4307365 4307543
8 4307659 4307948
8 4308770 4308976
8 4311765 4311998
8 4313504 4313926
8 4318932 4319232
8 4320182 4320448
8 4321682 4322154
8 4322414 4322518
8 4323087 4323354
8 4324048 4324320
8 4326404 4326732
8 4326937 4327232
8 4327798 4328132
8 4328326 4328559
8 4329294 4329613
8 4332332 4332737
8 4333476 4333693
8 4334115 4334343
8 4334876 4335104
8 4335698 4335864
8 4338568 4338693
8 4339454 4339620
8 4340954 4341248
8 4342276 4342543
8 4343543 4343915
8 4344807 4344927
8 4346320 4346509
8 4347565 4347715
8 4349570 4349898
8 4351815 4352054
8 4352848 4353076
8 4354104 4354220
8 4355637 4355904
8 4356576 4356920
8 4359059 4359337
8 4360065 4360298
8 4360925 4361096
8 4361201 4361331
8 4363086 4363254
8 4365387 4365587
8 4366120 4366493
8 4369309 4369648
8 4370659 4370954
8 4371709 4372226
8 4372665 4373070
8 4373843 4374132
8 4374707 4375022
8 4375765 4376126
8 4380661 4380758
8 4382343 4382520
8 4386126 4386293
8 4393343 4393515
8 4396082 4396309
8 4397082 4397270
9 4526948 4527298
9 4528343 4528454
9 4530637 4530815
9 4531481 4531676
9 4531737 4532054
9 4532998 4533254
9 4534670 4534970
9 4537032 4537141
9 4538809 4539076
9 4539748 4540059
9 4542035 4542197
9 4543315 4543465
9 4545320 4545420
9 4548782 4548898
9 4550265 4550587
9 4552376 4552504
9 4553765 4553987
9 4554854 4555043
9 4555815 4555948
9 4557165 4557393
9 4557752 4558118
9 4559970 4560076
9 4561137 4561259
9 4562734 4562964
9 4563276 4563465
9 4564009 4564226
9 4564848 4564965
9 4565637 4566020
9 4567123 4567364
9 4570398 4570565
9 4572087 4572376
9 4573082 4573237
9 4574886 4575027
9 4576032 4576176
9 4576785 4576978
9 4577576 4577787
9 4579176 4579315
9 4580965 4581287
9 4583215 4583420
9 4583898 4584109
9 4584726 4585098
9 4585993 4586220
9 4587220 4587482
9 4587920 4588165
9 4590133 4590271
9 4590965 4591198
9 4591693 4591937
9 4597304 4597682
9 4598893 4599087
9 4600162 4600351
9 4602698 4602882
9 4604770 4604909
9 4608437 4608570
9 4609893 4610148
9 4612437 4612687
9 4613304 4613504
9 4617153 4617257
9 4620948 4621120
9 4622093 4622454
9 4623382 4623559
9 4625382 4625565
9 4625783 4625886
9 4626043 4626343
9 4627665 4628048
9 4631815 4632048
9 4633443 4633782
9 4634670 4634904
9 4635570 4635720
9 4636382 4636754
9 4637687 4637787
9 4638370 4638493
9 4638626 4638848
9 4639415 4639732
9 4640146 4640418
9 4642226 4642576
9 4643576 4643909
9 4644665 4644770
9 4646354 4646759
9 4647787 4647948
9 4648683 4648840
9 4649787 4649943
9 4650659 4650976
9 4655405 4655588
9 4656243 4656582
9 4658318 4658705
9 4659259 4659537
9 4663031 4663152
9 4664453 4664573
9 4665270 4665626
9 4666636 4666871
9 4667404 4667693
9 4668454 4668782
9 4670067 4670261
9 4670653 4670821
9 4671209 4671498
9 4674248 4674420
9 4674888 4674976
9 4675204 4675330
9 4675670 4676093
9 4677898 4678232
9 4679487 4679604
9 4683244 4683349
9 4686801 4686890
9 4687682 4687837
9 4688954 4689098
9 4690115 4690293
9 4693288 4693654
9 4694437 4694654
9 4695426 4695576
9 4695959 4696082
9 4698287 4698470
9 4699293 4699420
9 4700004 4700348
9 4700987 4701276
9 4710720 4710882
9 4715915 4716032
9 4716487 4716643
9 4717359 4717565
9 4718172 4718297
9 4721770 4721882
9 4722609 4722832
9 4723727 4723811
9 4725593 4725704
9 4726800 4726962
9 4728044 4728152
9 4729783 4729978
9 4730779 4730946
9 4740404 4740693
9 4741348 4741609
9 4742232 4742587
9 4743684 4744008
9 4744987 4745248
9 4746158 4746383
9 4747059 4747348
9 4748487 4748620
9 4750427 4750641
9 4751593 4751976
9 4752582 4752815
9 4753632 4753904
9 4755465 4755732
9 4756837 4757237
9 4758197 4758424
9 4762854 4763143
9 4763881 4763980
9 4768109 4768309
9 4769316 4769661
9 4771604 4771787
9 4778105 4778221
10 5321998 5322193
10 5322906 5323184
10 5324804 5325182
10 5329570 5329690
10 5333120 5333271
10 5334698 5334793
10 5335004 5335120
10 5339048 5339159
10 5340737 5341098
10 5343526 5343698
10 5345798 5345887
10 5346726 5346909
10 5347593 5347732
10 5349782 5350026
10 5351304 5351576
10 5354098 5354365
10 5354959 5355554
10 5356126 5356632
10 5357626 5357832
10 5358387 5358615
10 5361393 5361582
10 5362326 5362726
10 5367226 5367509
10 5368109 5368254
10 5370165 5370318
10 5371354 5371620
10 5372032 5372270
10 5372676 5372887
10 5373744 5373883
10 5374545 5374680
10 5376676 5377115
10 5378632 5378837
10 5380437 5380593
10 5382259 5382676
10 5383632 5383976
10 5385226 5385370
10 5387220 5387587
10 5390005 5390120
10 5390665 5390876
10 5391754 5391870
10 5392765 5393109
10 5393360 5393536
10 5393882 5394126
10 5394809 5395059
10 5395826 5396176
10 5399604 5399748
10 5400736 5400909
10 5400976 5401126
10 5401754 5402065
10 5402993 5403382
10 5404309 5404482
10 5405093 5405393
10 5407954 5408159
10 5408915 5409043
10 5409482 5409593
10 5411582 5411737
10 5412790 5413036
10 5414603 5414739
10 5416970 5417209
10 5418065 5418326
10 5418915 5419309
10 5419406 5419550
10 5420404 5420770
10 5421526 5421759
10 5422493 5422737
10 5424876 5425259
10 5426448 5426704
10 5428193 5428437
10 5429361 5429495
10 5430232 5430626
10 5431459 5431698
10 5436165 5436287
10 5444826 5444946
10 5446570 5446854
10 5447545 5447777
10 5448176 5448459
10 5450015 5450165
10 5451937 5452209
10 5453465 5453832
10 5456834 5457116
10 5457854 5458187
10 5458798 5459298
10 5460129 5460229
10 5460654 5461065
10 5461554 5461787
10 5462309 5462565
10 5463343 5463543
10 5464026 5464137
10 5464904 5465026
10 5467694 5467835
10 5468687 5469143
10 5469565 5469965
10 5472544 5472645
10 5474337 5474648
10 5476582 5476732
10 5479892 5480059
10 5480666 5480768
10 5484243 5484459
10 5485370 5485587
10 5486031 5486128
10 5487348 5487776
10 5488179 5488402
10 5489120 5489348
10 5490601 5490713
10 5491721 5491976
10 5492209 5492470
10 5492954 5493104
10 5497048 5497309
10 5498570 5499015
10 5500482 5500665
10 5501815 5501998
10 5504743 5504998
10 5506609 5506915
10 5510133 5510402
10 5511415 5511576
10 5512415 5512548
10 5513249 5513466
10 5516370 5516543
10 5518485 5518601
10 5519690 5519805
10 5520632 5520843
10 5526059 5526293
10 5528209 5528320
10 5529137 5529254
10 5530454 5530597
10 5533815 5533965
10 5534859 5535032
10 5535832 5536020
10 5536416 5536521
10 5537282 5537409
10 5537700 5537842
10 5538054 5538220
10 5539076 5539420
10 5540948 5541082
10 5541954 5542109
10 5543088 5543350
10 5544043 5544204
10 5544472 5544613
10 5545525 5545694
10 5546288 5546430
10 5547265 5547548
10 5556832 5556925
10 5558087 5558249
10 5559576 5559759
10 5561712 5562031
10 5562926 5563393
10 5564159 5564370
10 5565532 5565698
10 5566593 5566865
10 5567554 5567820
10 5568550 5568818
10 5569809 5569937
10 5570715 5571009
10 5575226 5575532
10 5577893 5578070
10 5579254 5579548
10 5580632 5580737
10 5581498 5581976
10 5582914 5583045
10 5583248 5583454
10 5584443 5584554
10 5585332 5585487
10 5586165 5586319
10 5587376 5587526
10 5588165 5588520
10 5589126 5589354
10 5591460 5591732
10 5593796 5593960
10 5597031 5597165
10 5599254 5599454
10 5601032 5601159
10 5608982 5609193
10 5611187 5611459
10 5613859 5613970
10 5614796 5614897
10 5615376 5615637
11 6313439 6313549
11 6328005 6328147
11 6336920 6337126
11 6366872 6367003
11 6368782 6369315
11 6370854 6370959
11 6372148 6372248
11 6373184 6373378
11 6380039 6380180
11 6382320 6382737
11 6384582 6384804
11 6385237 6385409
11 6387026 6387170
11 6389237 6389443
11 6390620 6390743
11 6398443 6398604
11 6400957 6401138
11 6405854 6405970
11 6409432 6409570
11 6410265 6410543
11 6411587 6412137
11 6412587 6413098
11 6420676 6420854
11 6421682 6422220
11 6430448 6430587
11 6435159 6435276
11 6437132 6437237
11 6439776 6439998
11 6441332 6441409
11 6445015 6445504
11 6448604 6448793
11 6451037 6451454
11 6451904 6452126
11 6452676 6452876
11 6462526 6462693
11 6463276 6463409
11 6463645 6463801
11 6465409 6465804
11 6469744 6470064
11 6472624 6472753
11 6478237 6478348
11 6483215 6483620
11 6484148 6484298
11 6485476 6485676
11 6485954 6486070
11 6486587 6486860
11 6487098 6487226
11 6494082 6494204
11 6495576 6495843
11 6496404 6496620
11 6497429 6497587
11 6497893 6498120
11 6502259 6502704
11 6504105 6504346
11 6504465 6504832
11 6505487 6505937
11 6506882 6507104
11 6508004 6508182
11 6517032 6517370
11 6523709 6523976
11 6527049 6527196
11 6528043 6528237
11 6536298 6536598
11 6539308 6539522
11 6561293 6561737
11 6563687 6563920
11 6574712 6574863
