 2 154070 154193
2 156615 156759
2 157054 157537
2 162343 162509
2 163209 163287
2 163998 164226
2 165076 165270
2 168032 168165
2 170020 170343
2 171165 171470
2 174154 174670
2 176254 176565
2 177154 177326
2 178039 178113
2 178948 179209
2 180015 180515
2 181393 181904
2 182282 182693
2 183576 183820
2 184932 185048
2 187776 187959
2 189332 189726
2 191987 192176
2 192526 192648
2 192965 193404
2 193987 194320
2 196487 196682
2 199793 200170
2 204598 204748
2 204838 204901
2 205398 205754
2 208370 208510
2 209343 209570
2 214426 214604
2 214943 215220
2 215398 215576
2 216120 216254
2 217084 217361
2 218870 219043
2 219209 219648
2 220876 221237
2 222999 223204
2 223670 223909
2 224287 224376
2 225324 225430
2 225508 225650
2 226137 226254
2 226380 226591
2 227787 227965
2 230048 230437
2 230737 230887
2 232470 232643
2 241143 241309
2 246116 246347
2 249526 249737
2 255165 255320
2 258154 258337
2 260320 260626
2 261526 261620
3 714609 714732
3 716567 716729
3 718548 718782
3 719882 720037
3 720487 720748
3 720843 720982
3 721359 721648
3 722214 722439
3 722881 722975
3 725329 725554
3 732120 732332
3 736176 736432
3 739267 739481
3 740443 740693
3 741970 742337
3 742840 743065
3 743185 743326
3 744843 745365
3 745859 746204
3 746329 746528
3 747332 747565
3 749576 749748
3 754226 754459
3 755643 755859
3 756087 756298
3 757770 757954
3 758132 758270
3 761515 761754
3 762370 762820
3 764720 765120
3 768120 768370
3 768492 768645
3 769270 769498
3 770104 770282
3 773298 773504
3 776348 776559
3 777693 777882
3 779893 780115
3 784076 784593
3 785274 785426
3 786382 786604
3 787698 788209
3 788921 789330
3 789486 789591
3 790920 791337
3 794059 794226
3 794698 794870
3 796493 796982
3 800509 800854
3 801265 801509
3 802115 802376
3 803137 803265
3 804154 804298
3 804865 804965
3 807087 807248
3 807548 807682
3 809004 809259
3 809959 810135
3 811100 811382
3 812768 812910
3 813748 813993
3 815432 815832
3 816587 816776
3 822009 822243
3 823304 823604
3 824070 824387
3 830682 831022
3 836015 836215
3 837665 837993
3 839120 839250
3 840720 841132
3 841759 842132
3 842648 843032
3 845802 845954
3 846409 846624
3 848617 848758
3 849458 849567
3 850855 851269
3 851431 851635
3 852587 852749
3 853199 853717
3 853957 854193
3 854486 854805
3 858616 858766
3 860600 860745
3 862913 863080
3 863834 864137
3 864529 864880
3 865994 866428
3 867276 867626
3 870365 870885
3 873159 873404
3 875237 875572
3 875891 876294
3 876608 876833
3 877628 877952
3 879153 879629
3 879995 880136
3 880532 880837
3 883351 883717
3 884559 884930
3 885930 886217
3 887091 887258
3 887656 887896
3 890365 890498
3 892442 892903
3 893572 894148
3 895131 895413
3 896161 896554
3 897888 898123
3 898298 898770
3 899227 899562
3 900922 901267
3 902229 902313
3 904026 904576
3 905386 905852
3 906437 906798
3 908556 909001
3 913055 913406
3 915911 916157
3 919003 919233
3 924420 924670
3 930762 931097
3 931479 931850
3 932656 933163
3 934450 934842
3 936349 936663
3 937620 937861
3 940454 940615
3 941970 942193
3 945950 946128
3 947248 947494
3 950073 950203
3 951293 951504
3 951626 951778
3 952337 952548
3 952976 953232
3 954780 954932
3 955215 955722
3 956459 956854
3 958819 958939
3 959932 960076
3 961481 961842
3 964887 965112
3 969767 970018
3 971443 971565
3 973900 974073
3 974582 974687
3 976398 976526
3 977363 977828
3 978629 978854
3 980541 980865
3 982895 983460
3 985071 985395
3 988314 988529
3 989759 989954
3 995815 995904
3 998303 998402
4 1061770 1061882
4 1062920 1063115
4 1066059 1066359
4 1067917 1068017
4 1078887 1079033
4 1080012 1080503
4 1085834 1086028
4 1086487 1086782
5 1140535 1140859
5 1141706 1142036
5 1142187 1142404
5 1157415 1157565
5 1161193 1161315
5 1163234 1163477
6 1431932 1432089
6 1432497 1432811
6 1442420 1442813
6 1443791 1444199
6 1445062 1445271
6 1446032 1446456
6 1463159 1463311
6 1468743 1468926
6 1470414 1470488
6 1470793 1470965
6 1471931 1472156
6 1472873 1472941
6 1474620 1474798
6 1475426 1475808
7 1778729 1778912
7 1779660 1779765
7 1801643 1801843
7 1807720 1808020
7 1808693 1808887
7 1810602 1810884
7 1812438 1812584
7 1815859 1816361
7 1816701 1816957
7 1817240 1817407
7 1817813 1818153
7 1818970 1819098
7 1820057 1820203
7 1820355 1820444
7 1820959 1821158
7 1821352 1821592
7 1821676 1822021
7 1822615 1822754
7 1824752 1825008
7 1825926 1826148
7 1826556 1826844
7 1828115 1828432
7 1829159 1829354
7 1830609 1830848
7 1833922 1834325
7 1834651 1834965
7 1836665 1836885
7 1837330 1837748
7 1838632 1838943
7 1839870 1840437
7 1840942 1841303
7 1841915 1842159
7 1843718 1843979
7 1844304 1844587
7 1846353 1846573
7 1847096 1847488
7 1848243 1848659
7 1848958 1849298
7 1851076 1851465
7 1853107 1853311
7 1853535 1853713
7 1854133 1854236
7 1855126 1855516
7 1856475 1856753
7 1859354 1859793
7 1860832 1861170
7 1862565 1862726
7 1862993 1863215
7 1871082 1871265
7 1872904 1873020
7 1876293 1876548
7 1876987 1877159
7 1878069 1878378
7 1879243 1879526
7 1879859 1879965
7 1880059 1880298
7 1880402 1880554
7 1881396 1881610
7 1882212 1882505
7 1883143 1883253
7 1884074 1884639
7 1886334 1886821
7 1887110 1887213
7 1887504 1887676
7 1888220 1888693
7 1889682 1889837
7 1890426 1890820
7 1892682 1892954
7 1893554 1893809
7 1894698 1894948
7 1896143 1896670
7 1897058 1897455
7 1897948 1898248
7 1901959 1902393
7 1903082 1903326
7 1904065 1904320
7 1906465 1906720
7 1907298 1907554
7 1909004 1909593
7 1909804 1910098
7 1910698 1910926
7 1912570 1912970
7 1913898 1914237
7 1914770 1915059
7 1916332 1916670
7 1918008 1918395
7 1918854 1919032
7 1919315 1919737
7 1919904 1920048
7 1922809 1923237
7 1923991 1924337
7 1925176 1925532
7 1927811 1928214
7 1929426 1929670
7 1930532 1930770
7 1930950 1931018
7 1931976 1932109
7 1932243 1932565
7 1933115 1933465
7 1933865 1934093
7 1935093 1935255
7 1936332 1936498
7 1937154 1937347
7 1939048 1939170
7 1940854 1940987
7 1943792 1944069
7 1945644 1946188
7 1947637 1947970
7 1948504 1948704
7 1949159 1949447
7 1949693 1949970
7 1953776 1954098
7 1955866 1956084
7 1956820 1957026
7 1958098 1958443
7 1960137 1960398
7 1961720 1961970
7 1964167 1964454
7 1965482 1965704
7 1967407 1967491
7 1971566 1971846
7 1972586 1972806
7 1975131 1975325
7 1976470 1976664
7 1981087 1981270
7 1984476 1984654
7 1985093 1985224
7 1986043 1986232
7 1987097 1987421
7 1987976 1988169
7 1989958 1990152
7 1998427 1998699
7 2000405 2000677
7 2006470 2006654
7 2007812 2007927
7 2011181 2011400
7 2018546 2018703
7 2020602 2020937
7 2024982 2025120
7 2026168 2026256
7 2026931 2027297
7 2028621 2028872
7 2029699 2029903
7 2030096 2030352
7 2030562 2030724
7 2032246 2032450
7 2035104 2035304
7 2038421 2038599
7 2038866 2039002
7 2039494 2039876
7 2041365 2041659
7 2043176 2043448
7 2043987 2044282
7 2044437 2044589
7 2045343 2045726
7 2046150 2046330
7 2047476 2047598
7 2048462 2049022
7 2050159 2050309
7 2051832 2051998
7 2052954 2053354
8 2522478 2522729
8 2525948 2526082
8 2527319 2527685
8 2531347 2531520
8 2537086 2537347
8 2538822 2539011
8 2540151 2540486
8 2541387 2541698
8 2542315 2542459
8 2542882 2543122
8 2551461 2551874
8 2552582 2553093
8 2554314 2554513
8 2555593 2555848
8 2556503 2556859
8 2557319 2557602
8 2557858 2558324
8 2559465 2559820
8 2560676 2560904
8 2561204 2561320
8 2562043 2562446
8 2562718 2563089
8 2564582 2564798
8 2565376 2565682
8 2566437 2566559
8 2566910 2567297
8 2567818 2568142
8 2568832 2569004
8 2573532 2573826
8 2574715 2574970
8 2575048 2575226
8 2576170 2576648
8 2577115 2577437
8 2578013 2578264
8 2579326 2579420
8 2579559 2579765
8 2580451 2580660
8 2581759 2581947
8 2584315 2584543
8 2584782 2584954
8 2586001 2586236
8 2587361 2587617
8 2588815 2588993
8 2589470 2589754
8 2590304 2590443
8 2591770 2592137
8 2592598 2592909
8 2593009 2593276
8 2593932 2594098
8 2594648 2594748
8 2596215 2596565
8 2597365 2597810
8 2598454 2598687
8 2599882 2600185
8 2601137 2601613
8 2604337 2604732
8 2606632 2606920
8 2608041 2608351
8 2609470 2609587
8 2610767 2611139
8 2612065 2612204
8 2614665 2615109
8 2615748 2615932
8 2619676 2619854
8 2619971 2620217
8 2621243 2621363
8 2622670 2622854
8 2623183 2623586
8 2624478 2624870
8 2625937 2626209
8 2626843 2627009
8 2629498 2629798
8 2631009 2631376
8 2634315 2634437
8 2634737 2635054
8 2636087 2636354
8 2640176 2640291
8 2640542 2640652
8 2641097 2641296
8 2641765 2642276
8 2642473 2642572
8 2643604 2643815
8 2645637 2645859
8 2646597 2646979
8 2648057 2648292
8 2649616 2649877
8 2651195 2651473
8 2652506 2652783
8 2653385 2653620
8 2655195 2655370
8 2656194 2656602
8 2657329 2657549
8 2657627 2657826
8 2659770 2659876
8 2661854 2661959
8 2662157 2662345
8 2662565 2662769
8 2663562 2664032
8 2664655 2664922
8 2665372 2665644
8 2666126 2666226
8 2666454 2666664
8 2669086 2669499
8 2670704 2671009
8 2671302 2671461
8 2672270 2672493
8 2673865 2674226
8 2674714 2675059
8 2675426 2675520
8 2676362 2676728
8 2677361 2677869
8 2679204 2679515
8 2680374 2680793
8 2682357 2682707
8 2684402 2684716
8 2685699 2686018
8 2690355 2690679
8 2691119 2691448
8 2692332 2692487
8 2693104 2693554
8 2694085 2694362
8 2697192 2697694
8 2700720 2701154
8 2705049 2705635
8 2706189 2706650
8 2708250 2708679
8 2709647 2709762
8 2710459 2710576
8 2711588 2712179
8 2713482 2713670
8 2714036 2714402
8 2714622 2714868
8 2718587 2718859
8 2720048 2720193
8 2723520 2723933
8 2724697 2724911
8 2724979 2725230
8 2726098 2726365
8 2730710 2730816
8 2731693 2731855
8 2735067 2735308
8 2735896 2736216
8 2737795 2738052
8 2739720 2739909
8 2740865 2741076
8 2744048 2744404
8 2745170 2745326
8 2750504 2750648
8 2752698 2752882
9 2972826 2973109
9 2975287 2975705
9 2976308 2976511
9 2977032 2977454
9 2978332 2978715
9 2979247 2979556
9 2981167 2981758
9 2984112 2984410
9 2985476 2985793
9 2987109 2987215
9 2988668 2988935
9 2989719 2990295
9 2991378 2991896
9 2992466 2992994
9 2993891 2994106
9 2994592 2994712
9 2996266 2996695
9 2998482 2998893
9 2999965 3000115
9 3001320 3001576
9 3005331 3005535
9 3006170 3006298
9 3007182 3007509
9 3008476 3008765
9 3010045 3010317
9 3011504 3011818
9 3016311 3016594
9 3017037 3017187
9 3019230 3019393
9 3020493 3020698
9 3027948 3028120
9 3028787 3028954
9 3029687 3029980
9 3035828 3035944
9 3036221 3036702
9 3037335 3037832
9 3038088 3038658
9 3039506 3039830
9 3040793 3040997
9 3041222 3041713
9 3043126 3043345
9 3043544 3043743
9 3043837 3043963
9 3044350 3044517
9 3045129 3045443
9 3046452 3046658
9 3047096 3047284
9 3048326 3048515
9 3050729 3051095
9 3052147 3052450
9 3052565 3052863
9 3054652 3055045
9 3056671 3056886
9 3058549 3058832
9 3059392 3059889
9 3060668 3061217
9 3062554 3062748
9 3065151 3065261
9 3067154 3067479
9 3068033 3068169
9 3068996 3069383
9 3069964 3070382
9 3072025 3072338
9 3073866 3074410
9 3075399 3075869
9 3076089 3076497
9 3077057 3077172
9 3077360 3077758
9 3079737 3080087
9 3084090 3084252
9 3084399 3084472
9 3084754 3085037
9 3087584 3087694
9 3088986 3089379
9 3089886 3090059
9 3092423 3092507
9 3093153 3093488
9 3094926 3095126
9 3098431 3098886
9 3099461 3099613
9 3102064 3102231
9 3103176 3103432
9 3105783 3105888
9 3109582 3109704
9 3111022 3111503
9 3112989 3113214
9 3115395 3115510
9 3116058 3116329
9 3119240 3119543
9 3123372 3123718
9 3126515 3126704
9 3127887 3128004
9 3131224 3131355
9 3131543 3131637
9 3132370 3132637
9 3133685 3133889
9 3134587 3134693
9 3137214 3137345
9 3139563 3139746
9 3147948 3148187
9 3149896 3150189
9 3151413 3151602
9 3153032 3153132
9 3155190 3155305
9 3157131 3157492
9 3160404 3160687
9 3164256 3164418
9 3165587 3165910
9 3167332 3167715
9 3171087 3171404
9 3172275 3172699
9 3173284 3173729
9 3174859 3175131
9 3175785 3176120
9 3177270 3177537
9 3180414 3180681
9 3181738 3182010
9 3184237 3184493
9 3191198 3191498
9 3192833 3193094
9 3194985 3195294
9 3196824 3197216
9 3198969 3199141
9 3201490 3201621
9 3202767 3202950
9 3205120 3205445
9 3206496 3206747
9 3207579 3207652
9 3212476 3212620
9 3213604 3213854
9 3216965 3217348
9 3220487 3220576
9 3225258 3225564
9 3230604 3230843
9 3233818 3234027
9 3241320 3241437
9 3242067 3242334
9 3243202 3243354
9 3244536 3244814
9 3248896 3249189
9 3263339 3263622
