154070 154193 1
156615 156759 2
157054 157537 1
162343 162509 1
163209 163287 2
163998 164226 1
165076 165270 2
168032 168165 1
170020 170343 2
171165 171470 1
174154 174670 2
176254 176565 2
177154 177326 1
178039 178113 2
178948 179209 2
180015 180515 1
181393 181904 2
182282 182693 1
183576 183820 2
184932 185048 2
187776 187959 1
189332 189726 1
191987 192176 2
192526 192648 1
192965 193404 2
193987 194320 1
196487 196682 2
199793 200170 1
204598 204748 2
204838 204901 1
205398 205754 2
208370 208510 2
209343 209570 1
214426 214604 2
214943 215220 1
215398 215576 2
216120 216254 1
217084 217361 1
218870 219043 2
219209 219648 1
220876 221237 2
222999 223204 1
223670 223909 1
224287 224376 1
225324 225430 1
225508 225650 2
226137 226254 1
226380 226591 2
227787 227965 1
230048 230437 1
230737 230887 2
232470 232643 1
241143 241309 1
246116 246347 1
249526 249737 1
255165 255320 2
258154 258337 2
260320 260626 1
261526 261620 2
264793 264959 1
274009 274193 1
287404 287532 1
291958 292100 1
293067 293193 2
312737 312893 1
313291 313489 1
316461 316586 1
321176 321393 2
367458 367563 1
425437 425548 1
441681 441822 2
489692 489850 1
556997 557070 2
559104 559332 1
572800 572873 1
601921 602078 2
662009 662126 1
714609 714732 1
716567 716729 2
718548 718782 1
719882 720037 1
720487 720748 2
720843 720982 1
721359 721648 2
722214 722439 1
722881 722975 2
725329 725554 1
732120 732332 1
736176 736432 2
739267 739481 1
740443 740693 1
741970 742337 2
742840 743065 1
743185 743326 2
744843 745365 1
745859 746204 2
746329 746528 1
747332 747565 1
749576 749748 2
754226 754459 2
755643 755859 1
756087 756298 1
757770 757954 1
758132 758270 1
761515 761754 1
762370 762820 2
764720 765120 1
768120 768370 1
768492 768645 1
769270 769498 1
770104 770282 1
773298 773504 1
776348 776559 1
777693 777882 1
779893 780115 2
784076 784593 1
785274 785426 1
786382 786604 1
787698 788209 1
788921 789330 2
789486 789591 1
790920 791337 1
794059 794226 1
794698 794870 2
796493 796982 1
800509 800854 2
801265 801509 1
802115 802376 2
803137 803265 2
804154 804298 1
804865 804965 1
807087 807248 2
807548 807682 1
809004 809259 1
809959 810135 1
811100 811382 1
812768 812910 2
813748 813993 1
815432 815832 1
816587 816776 1
822009 822243 2
823304 823604 1
824070 824387 2
830682 831022 1
836015 836215 1
837665 837993 2
839120 839250 2
840720 841132 1
841759 842132 2
842648 843032 1
845802 845954 2
846409 846624 1
848617 848758 1
849458 849567 2
850855 851269 2
851431 851635 1
852587 852749 1
853199 853717 2
853957 854193 2
854486 854805 1
858616 858766 2
860600 860745 1
862913 863080 2
863834 864137 1
864529 864880 1
865994 866428 2
867276 867626 1
870365 870885 2
873159 873404 2
875237 875572 1
875891 876294 2
876608 876833 1
877628 877952 1
879153 879629 1
879995 880136 2
880532 880837 1
883351 883717 1
884559 884930 1
885930 886217 1
887091 887258 2
887656 887896 1
890365 890498 2
892442 892903 1
893572 894148 2
895131 895413 1
896161 896554 1
897888 898123 2
898298 898770 2
899227 899562 1
900922 901267 2
902229 902313 1
904026 904576 1
905386 905852 2
906437 906798 1
908556 909001 1
913055 913406 1
915911 916157 1
919003 919233 1
924420 924670 1
930762 931097 2
931479 931850 1
932656 933163 2
934450 934842 2
936349 936663 1
937620 937861 2
940454 940615 2
941970 942193 2
945950 946128 2
947248 947494 1
950073 950203 1
951293 951504 2
951626 951778 2
952337 952548 2
952976 953232 2
954780 954932 1
955215 955722 2
956459 956854 2
958819 958939 1
959932 960076 1
961481 961842 1
964887 965112 1
969767 970018 2
971443 971565 1
973900 974073 1
974582 974687 2
976398 976526 2
977363 977828 1
978629 978854 2
980541 980865 1
982895 983460 1
985071 985395 2
988314 988529 1
989759 989954 2
995815 995904 1
998303 998402 1
1003765 1003898 1
1011954 1012148 2
1014043 1014148 1
1014959 1015082 2
1016176 1016365 2
1019376 1019754 2
1025009 1025204 1
1032004 1032226 1
1035354 1035506 1
1038624 1038786 1
1048034 1048128 2
1061770 1061882 1
1062920 1063115 1
1066059 1066359 2
1067917 1068017 1
1078887 1079033 1
1080012 1080503 2
1085834 1086028 1
1086487 1086782 2
1125673 1125935 2
1127337 1127624 1
1138939 1139222 2
1140535 1140859 1
1141706 1142036 1
1142187 1142404 2
1157415 1157565 1
1161193 1161315 1
1163234 1163477 1
1431932 1432089 2
1432497 1432811 2
1442420 1442813 1
1443791 1444199 2
1445062 1445271 1
1446032 1446456 1
1463159 1463311 1
1468743 1468926 1
1470414 1470488 1
1470793 1470965 2
1471931 1472156 1
1472873 1472941 2
1474620 1474798 1
1475426 1475808 2
1778729 1778912 1
1779660 1779765 2
1801643 1801843 1
1807720 1808020 2
1808693 1808887 1
1810602 1810884 1
1812438 1812584 2
1815859 1816361 1
1816701 1816957 2
1817240 1817407 1
1817813 1818153 2
1818970 1819098 1
1820057 1820203 2
1820355 1820444 1
1820959 1821158 2
1821352 1821592 1
1821676 1822021 2
1822615 1822754 1
1824752 1825008 2
1825926 1826148 2
1826556 1826844 1
1828115 1828432 2
1829159 1829354 1
1830609 1830848 1
1833922 1834325 1
1834651 1834965 2
1836665 1836885 2
1837330 1837748 1
1838632 1838943 1
1839870 1840437 2
1840942 1841303 1
1841915 1842159 2
1843718 1843979 1
1844304 1844587 2
1846353 1846573 2
1847096 1847488 2
1848243 1848659 1
1848958 1849298 2
1851076 1851465 2
1853107 1853311 1
1853535 1853713 1
1854133 1854236 2
1855126 1855516 2
1856475 1856753 1
1859354 1859793 1
1860832 1861170 2
1862565 1862726 1
1862993 1863215 1
1871082 1871265 2
1872904 1873020 1
1876293 1876548 2
1876987 1877159 1
1878069 1878378 2
1879243 1879526 1
1879859 1879965 1
1880059 1880298 2
1880402 1880554 1
1881396 1881610 1
1882212 1882505 2
1883143 1883253 1
1884074 1884639 2
1886334 1886821 2
1887110 1887213 1
1887504 1887676 2
1888220 1888693 1
1889682 1889837 1
1890426 1890820 1
1892682 1892954 1
1893554 1893809 2
1894698 1894948 1
1896143 1896670 1
1897058 1897455 2
1897948 1898248 1
1901959 1902393 1
1903082 1903326 1
1904065 1904320 1
1906465 1906720 1
1907298 1907554 2
1909004 1909593 1
1909804 1910098 2
1910698 1910926 1
1912570 1912970 1
1913898 1914237 1
1914770 1915059 1
1916332 1916670 2
1918008 1918395 2
1918854 1919032 1
1919315 1919737 1
1919904 1920048 2
1922809 1923237 1
1923991 1924337 1
1925176 1925532 1
1927811 1928214 2
1929426 1929670 1
1930532 1930770 2
1930950 1931018 1
1931976 1932109 1
1932243 1932565 2
1933115 1933465 1
1933865 1934093 1
1935093 1935255 1
1936332 1936498 1
1937154 1937347 2
1939048 1939170 2
1940854 1940987 1
1943792 1944069 1
1945644 1946188 1
1947637 1947970 1
1948504 1948704 1
1949159 1949447 1
1949693 1949970 1
1953776 1954098 1
1955866 1956084 1
1956820 1957026 1
1958098 1958443 2
1960137 1960398 1
1961720 1961970 2
1964167 1964454 1
1965482 1965704 1
1967407 1967491 1
1971566 1971846 1
1972586 1972806 1
1975131 1975325 2
1976470 1976664 1
1981087 1981270 1
1984476 1984654 2
1985093 1985224 1
1986043 1986232 1
1987097 1987421 1
1987976 1988169 2
1989958 1990152 1
1998427 1998699 2
2000405 2000677 1
2006470 2006654 2
2007812 2007927 1
2011181 2011400 2
2018546 2018703 1
2020602 2020937 2
2024982 2025120 1
2026168 2026256 1
2026931 2027297 2
2028621 2028872 1
2029699 2029903 1
2030096 2030352 2
2030562 2030724 1
2032246 2032450 1
2035104 2035304 2
2038421 2038599 1
2038866 2039002 2
2039494 2039876 1
2041365 2041659 2
2043176 2043448 1
2043987 2044282 1
2044437 2044589 2
2045343 2045726 2
2046150 2046330 1
2047476 2047598 2
2048462 2049022 1
2050159 2050309 1
2051832 2051998 2
2052954 2053354 1
2080814 2081018 1
2522478 2522729 1
2525948 2526082 1
2527319 2527685 2
2531347 2531520 1
2537086 2537347 1
2538822 2539011 1
2540151 2540486 1
2541387 2541698 1
2542315 2542459 1
2542882 2543122 1
2551461 2551874 2
2552582 2553093 1
2554314 2554513 1
2555593 2555848 2
2556503 2556859 2
2557319 2557602 1
2557858 2558324 1
2559465 2559820 2
2560676 2560904 1
2561204 2561320 1
2562043 2562446 1
2562718 2563089 2
2564582 2564798 1
2565376 2565682 1
2566437 2566559 2
2566910 2567297 1
2567818 2568142 2
2568832 2569004 1
2573532 2573826 2
2574715 2574970 1
2575048 2575226 2
2576170 2576648 1
2577115 2577437 1
2578013 2578264 2
2579326 2579420 1
2579559 2579765 1
2580451 2580660 1
2581759 2581947 1
2584315 2584543 2
2584782 2584954 1
2586001 2586236 2
2587361 2587617 1
2588815 2588993 2
2589470 2589754 2
2590304 2590443 1
2591770 2592137 1
2592598 2592909 2
2593009 2593276 1
2593932 2594098 1
2594648 2594748 2
2596215 2596565 1
2597365 2597810 1
2598454 2598687 1
2599882 2600185 1
2601137 2601613 2
2604337 2604732 1
2606632 2606920 1
2608041 2608351 2
2609470 2609587 1
2610767 2611139 2
2612065 2612204 1
2614665 2615109 1
2615748 2615932 1
2619676 2619854 2
2619971 2620217 1
2621243 2621363 1
2622670 2622854 1
2623183 2623586 1
2624478 2624870 2
2625937 2626209 1
2626843 2627009 1
2629498 2629798 1
2631009 2631376 1
2634315 2634437 1
2634737 2635054 1
2636087 2636354 1
2640176 2640291 1
2640542 2640652 1
2641097 2641296 2
2641765 2642276 1
2642473 2642572 1
2643604 2643815 1
2645637 2645859 1
2646597 2646979 1
2648057 2648292 2
2649616 2649877 1
2651195 2651473 1
2652506 2652783 2
2653385 2653620 1
2655195 2655370 1
2656194 2656602 2
2657329 2657549 1
2657627 2657826 2
2659770 2659876 1
2661854 2661959 1
2662157 2662345 1
2662565 2662769 1
2663562 2664032 1
2664655 2664922 1
2665372 2665644 1
2666126 2666226 1
2666454 2666664 1
2669086 2669499 2
2670704 2671009 1
2671302 2671461 2
2672270 2672493 1
2673865 2674226 1
2674714 2675059 1
2675426 2675520 1
2676362 2676728 1
2677361 2677869 1
2679204 2679515 1
2680374 2680793 1
2682357 2682707 1
2684402 2684716 1
2685699 2686018 1
2690355 2690679 1
2691119 2691448 1
2692332 2692487 1
2693104 2693554 2
2694085 2694362 2
2697192 2697694 1
2700720 2701154 1
2705049 2705635 1
2706189 2706650 1
2708250 2708679 1
2709647 2709762 2
2710459 2710576 1
2711588 2712179 2
2713482 2713670 1
2714036 2714402 1
2714622 2714868 1
2718587 2718859 1
2720048 2720193 1
2723520 2723933 1
2724697 2724911 1
2724979 2725230 1
2726098 2726365 2
2730710 2730816 1
2731693 2731855 1
2735067 2735308 1
2735896 2736216 2
2737795 2738052 1
2739720 2739909 1
2740865 2741076 2
2744048 2744404 1
2745170 2745326 1
2750504 2750648 2
2752698 2752882 1
2754970 2755159 1
2770003 2770249 1
2774392 2774491 2
2775605 2775799 1
2777426 2777739 1
2783630 2783996 1
2785398 2785659 1
2797304 2797403 1
2817041 2817431 1
2820927 2821220 1
2824034 2824254 1
2828768 2828899 2
2835887 2835982 2
2840844 2841100 1
2855293 2855393 2
2856098 2856193 1
2872502 2872748 1
2893761 2894023 1
2898202 2898349 1
2898798 2898893 2
2902659 2902806 1
2904464 2904610 1
2905573 2905787 1
2924760 2924876 1
2951759 2951970 1
2953993 2954176 1
2972826 2973109 2
2975287 2975705 1
2976308 2976511 1
2977032 2977454 1
2978332 2978715 2
2979247 2979556 1
2981167 2981758 2
2984112 2984410 1
2985476 2985793 1
2987109 2987215 2
2988668 2988935 1
2989719 2990295 2
2991378 2991896 2
2992466 2992994 1
2993891 2994106 2
2994592 2994712 1
2996266 2996695 1
2998482 2998893 1
2999965 3000115 1
3001320 3001576 1
3005331 3005535 2
3006170 3006298 2
3007182 3007509 1
3008476 3008765 1
3010045 3010317 2
3011504 3011818 1
3016311 3016594 1
3017037 3017187 2
3019230 3019393 1
3020493 3020698 1
3027948 3028120 1
3028787 3028954 1
3029687 3029980 2
3035828 3035944 1
3036221 3036702 1
3037335 3037832 1
3038088 3038658 1
3039506 3039830 1
3040793 3040997 1
3041222 3041713 2
3043126 3043345 1
3043544 3043743 1
3043837 3043963 1
3044350 3044517 1
3045129 3045443 1
3046452 3046658 1
3047096 3047284 1
3048326 3048515 2
3050729 3051095 1
3052147 3052450 1
3052565 3052863 1
3054652 3055045 2
3056671 3056886 1
3058549 3058832 2
3059392 3059889 2
3060668 3061217 1
3062554 3062748 1
3065151 3065261 1
3067154 3067479 2
3068033 3068169 1
3068996 3069383 2
3069964 3070382 1
3072025 3072338 1
3073866 3074410 2
3075399 3075869 1
3076089 3076497 1
3077057 3077172 2
3077360 3077758 1
3079737 3080087 1
3084090 3084252 2
3084399 3084472 1
3084754 3085037 2
3087584 3087694 1
3088986 3089379 2
3089886 3090059 1
3092423 3092507 1
3093153 3093488 1
3094926 3095126 1
3098431 3098886 2
3099461 3099613 1
3102064 3102231 1
3103176 3103432 1
3105783 3105888 1
3109582 3109704 1
3111022 3111503 2
3112989 3113214 2
3115395 3115510 1
3116058 3116329 2
3119240 3119543 1
3123372 3123718 1
3126515 3126704 1
3127887 3128004 1
3131224 3131355 1
3131543 3131637 1
3132370 3132637 1
3133685 3133889 1
3134587 3134693 1
3137214 3137345 1
3139563 3139746 2
3147948 3148187 2
3149896 3150189 1
3151413 3151602 1
3153032 3153132 1
3155190 3155305 1
3157131 3157492 2
3160404 3160687 1
3164256 3164418 2
3165587 3165910 1
3167332 3167715 1
3171087 3171404 1
3172275 3172699 1
3173284 3173729 1
3174859 3175131 1
3175785 3176120 1
3177270 3177537 1
3180414 3180681 1
3181738 3182010 2
3184237 3184493 1
3191198 3191498 2
3192833 3193094 1
3194985 3195294 1
3196824 3197216 2
3198969 3199141 1
3201490 3201621 1
3202767 3202950 1
3205120 3205445 1
3206496 3206747 1
3207579 3207652 1
3212476 3212620 2
3213604 3213854 1
3216965 3217348 2
3220487 3220576 2
3225258 3225564 1
3230604 3230843 2
3233818 3234027 1
3241320 3241437 1
3242067 3242334 2
3243202 3243354 1
3244536 3244814 1
3248896 3249189 1
3263339 3263622 1
