504 848 1
2037 2248 1
3532 3676 1
6282 6404 2
6976 7359 1
7827 7994 1
8639 8869 1
11381 11481 1
11923 12195 2
15331 15583 1
17802 17902 1
19387 19509 1
20448 20693 2
22964 23094 1
24026 24220 1
25876 26154 1
26397 26568 2
26665 26993 1
27610 27771 1
27904 28109 2
29012 29171 2
29337 29432 1
31070 31443 2
32154 32498 2
33465 33643 1
33976 34132 2
36076 36176 1
36493 36787 1
38082 38332 2
39067 39213 1
40759 40874 1
41870 42037 1
42432 42669 1
43426 43765 1
44287 44509 1
45682 46176 1
47426 47632 1
48202 48383 1
49109 49209 1
50993 51215 1
51909 52220 1
52587 52721 1
53726 54032 1
54648 54782 1
55504 55726 1
56826 56982 1
57443 57854 1
58493 58609 2
59693 60120 1
60554 60709 1
61265 61620 2
62533 62689 1
64513 64767 2
66487 66604 2
68054 68420 1
69193 69415 1
71216 71452 2
75098 75443 1
76426 76720 2
77493 77859 1
78326 78582 2
79576 79759 1
80265 80582 1
81476 81548 2
82198 82554 1
83902 84068 1
84198 84643 2
85032 85343 2
86526 86948 1
87520 87820 2
88393 88654 1
89504 89776 2
90537 90787 2
91432 91637 1
97531 97665 2
353975 354125 1
354982 355209 1
355659 355982 2
356685 356779 1
363087 363364 2
363932 364193 1
366929 367212 2
367498 367665 1
369073 369286 2
370059 370346 2
370656 371050 2
374587 374932 1
375859 376304 2
377332 377494 1
381043 381151 1
381735 381971 2
382138 382503 1
383032 383304 1
383576 383809 1
384826 385143 2
385637 385848 1
386003 386309 2
386770 387070 2
389995 390149 2
391032 391254 1
391548 391715 2
391962 392119 1
392682 392843 2
395000 395194 1
395977 396206 1
396268 396398 2
396545 396726 1
397670 397892 1
401348 401576 1
402976 403526 1
404022 404267 1
405122 405611 1
406526 406698 2
408882 409204 1
410843 411076 2
413743 414070 1
415408 415593 2
416237 416487 1
418520 418859 2
419832 420354 2
421684 421876 1
423004 423420 1
424013 424286 2
425273 425454 1
426218 426344 2
427528 427800 2
428243 428487 2
428998 429237 2
430816 430900 1
431346 431614 2
434737 435115 2
435767 435971 2
436993 437232 2
437598 437732 1
438494 438587 2
439066 439458 1
440000 440398 2
443303 443512 1
444255 444652 1
444965 445182 2
446898 447118 1
447493 447659 1
448160 448525 2
449454 449704 1
450000 450407 2
452847 453278 1
453864 454027 2
454865 454982 2
456320 456504 2
457720 458165 1
459132 459559 2
459791 459943 1
461070 461432 1
462155 462433 2
463498 463832 1
465109 465293 2
465887 466309 1
467876 468015 2
471070 471420 2
471515 471726 1
472497 472659 2
473565 473954 1
474718 474911 2
476737 476852 2
477675 477830 2
478638 478858 1
479748 480232 2
480351 480633 1
481077 481383 1
482070 482398 2
483519 483751 2
486587 487015 1
492795 493069 2
494143 494420 1
494826 495265 2
496148 496276 1
496993 497459 2
497976 498154 1
499313 499445 2
500304 500565 2
500798 501070 1
501513 501684 2
501943 502225 2
502365 502659 1
503420 503826 1
504315 504637 2
505048 505187 2
505767 506080 1
506887 507087 1
507793 508082 2
508909 509154 1
509276 509498 1
510115 510570 1
511237 511626 1
512393 512732 1
513348 513537 2
515048 515437 1
515993 516193 2
519326 519637 2
521454 521793 1
525901 526288 2
529128 529346 1
530248 530570 1
532765 532954 1
533104 533593 2
533908 534173 1
534615 534820 2
535132 535287 1
536343 536904 2
537359 537620 2
539043 539198 1
544020 544237 2
545638 545750 1
547298 547504 1
549365 549532 2
551559 552032 1
553148 553432 2
554932 555143 1
557682 557920 2
558566 558701 1
559882 560232 1
561328 561490 2
563137 563282 1
564598 564809 2
565398 565570 1
565693 565865 2
566348 566582 1
567915 568265 2
569565 569948 1
571570 571870 2
573154 573398 2
574165 574448 1
575493 575804 2
576959 577276 1
578588 578996 1
583120 583304 2
583909 584287 1
584854 585109 1
585870 586204 1
587115 587304 1
588115 588259 2
589077 589295 1
592548 592782 1
593276 593676 1
594298 594598 1
595946 596097 1
597082 597270 1
598248 598487 1
599765 600082 1
602059 602304 1
603376 603526 2
604276 604465 1
607747 607958 1
613270 613487 1
614659 614787 1
615526 615687 1
616943 617065 1
617320 617526 1
618782 619148 2
623142 623267 2
624987 625132 1
625909 626415 2
627432 627659 1
628015 628187 2
628880 629119 2
629687 629854 1
631798 632276 2
633376 633637 1
635404 635559 2
636007 636111 1
641493 641898 1
643482 643665 2
644619 645142 1
645493 645743 1
646498 646659 2
646816 646921 2
647665 648009 1
648954 649176 2
649968 650141 1
650620 650809 2
652043 652198 2
654009 654215 2
655032 655282 1
656520 656715 1
657693 658243 2
658809 659237 1
659843 659943 2
661032 661315 1
662470 662770 1
663737 663948 2
668126 668470 1
670804 670926 1
671043 671372 2
672078 672279 1
673443 673654 1
676787 676970 1
679693 679903 1
680709 680920 1
681748 682054 1
685293 685476 1
686226 686609 1
687709 688020 2
689204 689454 1
691509 691754 2
693684 693888 1
694828 694929 1
695505 695731 1
697032 697170 2
698004 698198 1
699637 699798 2
700554 700682 1
700804 700920 1
701665 701915 2
702054 702354 2
702970 703109 2
705793 705948 1
707137 707509 1
708515 708709 2
712304 712609 1
713693 713859 2
715609 715754 1
715987 716165 2
718470 718609 1
721982 722365 1
722970 723332 2
725387 725659 1
725827 725952 2
728235 728347 1
728515 728593 1
729754 729982 2
730902 731295 1
731582 731876 2
732415 732604 1
733620 733954 2
734859 735087 2
737893 738093 1
739671 739803 1
741093 741476 2
745188 745366 1
745632 745826 2
748526 748787 1
750859 751143 1
755994 756161 2
756509 756620 2
759132 759393 2
760304 760461 2
761057 761229 2
763265 763376 1
764086 764488 2
766748 767020 1
768937 769052 2
770177 770329 2
772228 772311 1
773854 774198 1
780432 780537 2
781343 781537 1
783876 784004 2
785904 786048 1
786743 786915 1
790196 790359 2
792654 792887 1
794537 794815 2
795670 795932 1
796720 796876 1
797311 797504 2
797937 798109 2
799970 800076 1
803315 803437 1
804998 805082 1
805732 805882 2
810493 810626 2
814228 814327 1
816093 816326 1
817548 817637 1
820269 820544 2
823215 823343 1
823993 824115 1
827993 828093 1
831670 831920 1
833028 833222 1
838082 838226 1
839587 839909 1
841843 842143 1
846284 846383 1
847320 847465 2
848559 848715 1
850726 850826 2
855757 855945 1
858515 858698 2
860659 860809 1
869126 869282 1
873626 873793 1
890554 890954 2
891715 892098 1
892587 892732 2
893054 893159 2
895626 895826 1
896320 896604 2
897359 897604 1
898026 898220 2
898920 899309 1
899922 900030 2
900127 900476 2
900965 901365 1
902909 903098 2
903970 904159 1
904220 904676 1
905370 905776 1
906470 906815 2
909198 909548 1
909776 909937 1
923232 923415 2
927670 927893 1
928843 929076 1
929565 929804 2
931976 932359 1
933220 933570 1
934476 934648 1
943326 943488 1
944418 944657 1
947490 947628 2
949598 949832 1
951254 951459 1
951920 952248 1
952954 953120 2
953674 953763 1
955009 955543 1
956543 956693 1
957893 958337 2
958898 959354 1
959565 959720 1
960259 960443 2
960648 960882 1
961556 961919 2
962415 962604 1
962837 963193 2
963954 964487 1
965359 965598 1
966433 966668 2
966982 967293 1
968298 968498 2
968582 968826 1
969565 970004 2
971093 971476 1
972204 972554 1
974726 975009 1
975726 976026 1
977515 977659 2
978559 978826 1
979293 979698 2
980437 980520 1
982826 983182 1
985420 985770 2
986159 986504 1
986688 986836 2
987114 987364 1
987470 987726 1
988720 988920 1
990537 990909 2
991593 991887 1
993859 994154 2
999215 999487 1
999682 999959 1
1001448 1001604 1
1002565 1002770 1
1003790 1003942 1
1004804 1005232 2
1006198 1006448 2
1007320 1007482 1
1009609 1009843 2
1010765 1011109 1
1014137 1014443 2
1014887 1015059 2
1016265 1016409 1
1016933 1017436 1
1018009 1018154 2
1018909 1019470 1
1020570 1020904 1
1022532 1023015 1
1023893 1024426 2
1025350 1025606 1
1028332 1028604 1
1030020 1030359 2
1030832 1031159 2
1031837 1032170 1
1032804 1033087 1
1038713 1039107 1
1039782 1040087 1
1041432 1041726 1
1042493 1043054 1
1047265 1047569 2
1048870 1049032 1
1051076 1051443 2
1051678 1051798 2
1068432 1068670 1
1075795 1076114 1
1078309 1078904 2
1079393 1079515 1
1539773 1540089 1
1545159 1545382 1
1547693 1547932 2
1549426 1549620 1
1552403 1552534 2
1556682 1556820 1
1557604 1557926 1
1559109 1559326 2
1560365 1560490 1
1570770 1570970 2
1578048 1578309 1
1578593 1578987 1
1579670 1579882 2
1580337 1580687 1
1581664 1582033 2
1582848 1583215 1
1584682 1584848 2
1585943 1586532 1
1588404 1588515 1
1590276 1590732 1
1591191 1591264 1
1592870 1593054 1
1593532 1593609 2
1594932 1595148 1
1596826 1597120 2
1597701 1597809 1
1597876 1598143 2
1599198 1599604 1
1600220 1600351 2
1600454 1600748 1
1601459 1601643 1
1601943 1602115 1
1602482 1602604 2
1603068 1603283 2
1603947 1604067 1
1604565 1604682 2
1605225 1605706 1
1606043 1606198 1
1609020 1609165 1
1609254 1609543 2
1610098 1610287 1
1611704 1612087 2
1614904 1615004 1
1617696 1618123 2
1618804 1618937 1
1620210 1620420 1
1620920 1621159 1
1623898 1624087 2
1625120 1625426 1
1626354 1626537 1
1627787 1627926 1
1629326 1629459 2
1630987 1631337 1
1631737 1631943 1
1632593 1632698 2
1635348 1635615 2
1636270 1636520 1
1637304 1637632 1
1638182 1638298 2
1639549 1639659 1
1642854 1642976 1
1645832 1646043 1
1646665 1647009 1
1648070 1648376 1
1649398 1649570 1
1650420 1650550 2
1652413 1652705 1
1653626 1653762 1
1653854 1654026 1
1654981 1655107 1
1655437 1655854 1
1657548 1657920 1
1658709 1659009 1
1661287 1661407 1
1662193 1662498 2
1666882 1667026 1
1667659 1667726 1
1669798 1670109 2
1671167 1671519 1
1675767 1675908 2
1676096 1676248 1
1679304 1679404 1
1679809 1679976 2
1681848 1681987 1
1682115 1682276 1
1684932 1685048 1
1690759 1690882 2
1691164 1691316 1
1693515 1693598 2
1694337 1694658 1
1695459 1695715 1
1696387 1696482 1
1697698 1697771 2
1700676 1700954 2
1701597 1701775 1
1702737 1702815 1
1702876 1703009 2
1705657 1705960 1
1707943 1708109 2
1709293 1709659 1
1709849 1709970 1
1710565 1710793 1
1711637 1711898 1
1715237 1715499 1
1716315 1716448 1
1717315 1717598 1
1719515 1719643 1
1720442 1720552 1
1721148 1721426 2
1722015 1722159 1
1723126 1723415 1
1723787 1724037 1
1724576 1724698 1
1725843 1725943 1
1726793 1726926 2
1728826 1728948 1
1730226 1730354 1
1731365 1731474 1
1732509 1732765 2
1733693 1733843 1
1734637 1734854 2
1736276 1736448 1
1738415 1738587 1
1739615 1739704 2
1739787 1739893 1
1740626 1740720 1
1741033 1741165 2
1742559 1742848 1
1743516 1743887 2
1744032 1744198 1
1745521 1745666 2
1748243 1748494 1
1751432 1751604 2
1753348 1753576 1
1754076 1754282 1
1755298 1755443 2
1756209 1756393 1
1758626 1758726 2
1759537 1759687 2
1761367 1761540 1
1762543 1762670 2
1764859 1764998 2
1767515 1767804 1
1770061 1770255 2
1773236 1773503 1
1774000 1774136 2
1775177 1775460 1
1776737 1776854 1
1779132 1779357 1
1781493 1781604 2
1781920 1782176 1
1787179 1787295 2
1788032 1788176 1
1789109 1789432 2
1790020 1790182 2
1792315 1792643 1
1793320 1793420 2
1794511 1794731 1
1795487 1795765 1
1799671 1799959 2
1802337 1802498 1
1804359 1804670 2
1805354 1805459 1
1806670 1806776 2
1809387 1809593 1
1811582 1811787 2
1812376 1812509 2
1815070 1815287 1
1816583 1816740 2
1824520 1824720 1
1825043 1825165 2
1825959 1826093 1
1826709 1826837 1
1826915 1827043 1
1828315 1828404 2
1829637 1829765 1
1830404 1830537 1
1831432 1831620 2
1834587 1834759 1
1836737 1837004 2
1856882 1856965 1
1857569 1857668 2
1859614 1859959 1
1861706 1861952 2
1863291 1863631 1
1873593 1873754 1
1923476 1923815 1
1925290 1925399 2
1928537 1928620 2
1930870 1931137 1
1935426 1935554 1
1938048 1938382 2
1939432 1939893 2
1941359 1941582 1
1961137 1961304 2
1962237 1962465 2
1964924 1965063 1
1965582 1965720 1
1967798 1967943 2
1969582 1969987 2
