1 504 848
1 2037 2248
1 3532 3676
1 6282 6404
1 6976 7359
1 7827 7994
1 8639 8869
1 11381 11481
1 11923 12195
1 15331 15583
1 17802 17902
1 19387 19509
1 20448 20693
1 22964 23094
1 24026 24220
1 25876 26154
1 26397 26568
1 26665 26993
1 27610 27771
1 27904 28109
1 29012 29171
1 29337 29432
1 31070 31443
1 32154 32498
1 33465 33643
1 33976 34132
1 36076 36176
1 36493 36787
1 38082 38332
1 39067 39213
1 40759 40874
1 41870 42037
1 42432 42669
1 43426 43765
1 44287 44509
1 45682 46176
1 47426 47632
1 48202 48383
1 49109 49209
1 50993 51215
1 51909 52220
1 52587 52721
1 53726 54032
1 54648 54782
1 55504 55726
1 56826 56982
1 57443 57854
1 58493 58609
1 59693 60120
1 60554 60709
1 61265 61620
1 62533 62689
1 64513 64767
1 66487 66604
1 68054 68420
1 69193 69415
1 71216 71452
1 75098 75443
1 76426 76720
1 77493 77859
1 78326 78582
1 79576 79759
1 80265 80582
1 81476 81548
1 82198 82554
1 83902 84068
1 84198 84643
1 85032 85343
1 86526 86948
1 87520 87820
1 88393 88654
1 89504 89776
1 90537 90787
1 91432 91637
2 353975 354125
2 354982 355209
2 355659 355982
2 356685 356779
2 363087 363364
2 363932 364193
2 366929 367212
2 367498 367665
2 369073 369286
2 370059 370346
2 370656 371050
2 374587 374932
2 375859 376304
2 377332 377494
2 381043 381151
2 381735 381971
2 382138 382503
2 383032 383304
2 383576 383809
2 384826 385143
2 385637 385848
2 386003 386309
2 386770 387070
2 389995 390149
2 391032 391254
2 391548 391715
2 391962 392119
2 392682 392843
2 395000 395194
2 395977 396206
2 396268 396398
2 396545 396726
2 397670 397892
2 401348 401576
2 402976 403526
2 404022 404267
2 405122 405611
2 406526 406698
2 408882 409204
2 410843 411076
2 413743 414070
2 415408 415593
2 416237 416487
2 418520 418859
2 419832 420354
2 421684 421876
2 423004 423420
2 424013 424286
2 425273 425454
2 426218 426344
2 427528 427800
2 428243 428487
2 428998 429237
2 430816 430900
2 431346 431614
2 434737 435115
2 435767 435971
2 436993 437232
2 437598 437732
2 438494 438587
2 439066 439458
2 440000 440398
2 443303 443512
2 444255 444652
2 444965 445182
2 446898 447118
2 447493 447659
2 448160 448525
2 449454 449704
2 450000 450407
2 452847 453278
2 453864 454027
2 454865 454982
2 456320 456504
2 457720 458165
2 459132 459559
2 459791 459943
2 461070 461432
2 462155 462433
2 463498 463832
2 465109 465293
2 465887 466309
2 467876 468015
2 471070 471420
2 471515 471726
2 472497 472659
2 473565 473954
2 474718 474911
2 476737 476852
2 477675 477830
2 478638 478858
2 479748 480232
2 480351 480633
2 481077 481383
2 482070 482398
2 483519 483751
2 486587 487015
2 492795 493069
2 494143 494420
2 494826 495265
2 496148 496276
2 496993 497459
2 497976 498154
2 499313 499445
2 500304 500565
2 500798 501070
2 501513 501684
2 501943 502225
2 502365 502659
2 503420 503826
2 504315 504637
2 505048 505187
2 505767 506080
2 506887 507087
2 507793 508082
2 508909 509154
2 509276 509498
2 510115 510570
2 511237 511626
2 512393 512732
2 513348 513537
2 515048 515437
2 515993 516193
2 519326 519637
2 521454 521793
2 525901 526288
2 529128 529346
2 530248 530570
2 532765 532954
2 533104 533593
2 533908 534173
2 534615 534820
2 535132 535287
2 536343 536904
2 537359 537620
2 539043 539198
2 544020 544237
2 545638 545750
2 547298 547504
2 549365 549532
2 551559 552032
2 553148 553432
2 554932 555143
2 557682 557920
2 558566 558701
2 559882 560232
2 561328 561490
2 563137 563282
2 564598 564809
2 565398 565570
2 565693 565865
2 566348 566582
2 567915 568265
2 569565 569948
2 571570 571870
2 573154 573398
2 574165 574448
2 575493 575804
2 576959 577276
2 578588 578996
2 583120 583304
2 583909 584287
2 584854 585109
2 585870 586204
2 587115 587304
2 588115 588259
2 589077 589295
2 592548 592782
2 593276 593676
2 594298 594598
2 595946 596097
2 597082 597270
2 598248 598487
2 599765 600082
2 602059 602304
2 603376 603526
2 604276 604465
2 607747 607958
2 613270 613487
2 614659 614787
2 615526 615687
2 616943 617065
2 617320 617526
2 618782 619148
2 623142 623267
2 624987 625132
2 625909 626415
2 627432 627659
2 628015 628187
2 628880 629119
2 629687 629854
2 631798 632276
2 633376 633637
2 635404 635559
2 636007 636111
2 641493 641898
2 643482 643665
2 644619 645142
2 645493 645743
2 646498 646659
2 646816 646921
2 647665 648009
2 648954 649176
2 649968 650141
2 650620 650809
2 652043 652198
2 654009 654215
2 655032 655282
2 656520 656715
2 657693 658243
2 658809 659237
2 659843 659943
2 661032 661315
2 662470 662770
2 663737 663948
2 668126 668470
2 670804 670926
2 671043 671372
2 672078 672279
2 673443 673654
2 676787 676970
2 679693 679903
2 680709 680920
2 681748 682054
2 685293 685476
2 686226 686609
2 687709 688020
2 689204 689454
2 691509 691754
2 693684 693888
2 694828 694929
2 695505 695731
2 697032 697170
2 698004 698198
2 699637 699798
2 700554 700682
2 700804 700920
2 701665 701915
2 702054 702354
2 702970 703109
2 705793 705948
2 707137 707509
2 708515 708709
2 712304 712609
2 713693 713859
2 715609 715754
2 715987 716165
2 718470 718609
2 721982 722365
2 722970 723332
2 725387 725659
2 725827 725952
2 728235 728347
2 728515 728593
2 729754 729982
2 730902 731295
2 731582 731876
2 732415 732604
2 733620 733954
2 734859 735087
2 737893 738093
2 739671 739803
2 741093 741476
2 745188 745366
2 745632 745826
2 748526 748787
2 750859 751143
2 755994 756161
2 756509 756620
2 759132 759393
2 760304 760461
2 761057 761229
2 763265 763376
2 764086 764488
2 766748 767020
2 768937 769052
2 770177 770329
2 772228 772311
2 773854 774198
2 780432 780537
2 781343 781537
2 783876 784004
2 785904 786048
2 786743 786915
2 790196 790359
2 792654 792887
2 794537 794815
2 795670 795932
2 796720 796876
2 797311 797504
2 797937 798109
2 799970 800076
2 803315 803437
2 804998 805082
2 805732 805882
3 869126 869282
3 873626 873793
3 890554 890954
3 891715 892098
3 892587 892732
3 893054 893159
3 895626 895826
3 896320 896604
3 897359 897604
3 898026 898220
3 898920 899309
3 899922 900030
3 900127 900476
3 900965 901365
3 902909 903098
3 903970 904159
3 904220 904676
3 905370 905776
3 906470 906815
3 909198 909548
3 909776 909937
3 923232 923415
3 927670 927893
3 928843 929076
3 929565 929804
3 931976 932359
3 933220 933570
3 934476 934648
3 943326 943488
3 944418 944657
3 947490 947628
3 949598 949832
3 951254 951459
3 951920 952248
3 952954 953120
3 953674 953763
3 955009 955543
3 956543 956693
3 957893 958337
3 958898 959354
3 959565 959720
3 960259 960443
3 960648 960882
3 961556 961919
3 962415 962604
3 962837 963193
3 963954 964487
3 965359 965598
3 966433 966668
3 966982 967293
3 968298 968498
3 968582 968826
3 969565 970004
3 971093 971476
3 972204 972554
3 974726 975009
3 975726 976026
3 977515 977659
3 978559 978826
3 979293 979698
3 980437 980520
3 982826 983182
3 985420 985770
3 986159 986504
3 986688 986836
3 987114 987364
3 987470 987726
3 988720 988920
3 990537 990909
3 991593 991887
3 993859 994154
3 999215 999487
3 999682 999959
3 1001448 1001604
3 1002565 1002770
3 1003790 1003942
3 1004804 1005232
3 1006198 1006448
3 1007320 1007482
3 1009609 1009843
3 1010765 1011109
3 1014137 1014443
3 1014887 1015059
3 1016265 1016409
3 1016933 1017436
3 1018009 1018154
3 1018909 1019470
3 1020570 1020904
3 1022532 1023015
3 1023893 1024426
3 1025350 1025606
3 1028332 1028604
3 1030020 1030359
3 1030832 1031159
3 1031837 1032170
3 1032804 1033087
3 1038713 1039107
3 1039782 1040087
3 1041432 1041726
3 1042493 1043054
3 1047265 1047569
3 1048870 1049032
3 1051076 1051443
3 1051678 1051798
3 1068432 1068670
3 1075795 1076114
3 1078309 1078904
3 1079393 1079515
4 1539773 1540089
4 1545159 1545382
4 1547693 1547932
4 1549426 1549620
4 1552403 1552534
4 1556682 1556820
4 1557604 1557926
4 1559109 1559326
4 1560365 1560490
4 1570770 1570970
4 1578048 1578309
4 1578593 1578987
4 1579670 1579882
4 1580337 1580687
4 1581664 1582033
4 1582848 1583215
4 1584682 1584848
4 1585943 1586532
4 1588404 1588515
4 1590276 1590732
4 1591191 1591264
4 1592870 1593054
4 1593532 1593609
4 1594932 1595148
4 1596826 1597120
4 1597701 1597809
4 1597876 1598143
4 1599198 1599604
4 1600220 1600351
4 1600454 1600748
4 1601459 1601643
4 1601943 1602115
4 1602482 1602604
4 1603068 1603283
4 1603947 1604067
4 1604565 1604682
4 1605225 1605706
4 1606043 1606198
4 1609020 1609165
4 1609254 1609543
4 1610098 1610287
4 1611704 1612087
4 1614904 1615004
4 1617696 1618123
4 1618804 1618937
4 1620210 1620420
4 1620920 1621159
4 1623898 1624087
4 1625120 1625426
4 1626354 1626537
4 1627787 1627926
4 1629326 1629459
4 1630987 1631337
4 1631737 1631943
4 1632593 1632698
4 1635348 1635615
4 1636270 1636520
4 1637304 1637632
4 1638182 1638298
4 1639549 1639659
4 1642854 1642976
4 1645832 1646043
4 1646665 1647009
4 1648070 1648376
4 1649398 1649570
4 1650420 1650550
4 1652413 1652705
4 1653626 1653762
4 1653854 1654026
4 1654981 1655107
4 1655437 1655854
4 1657548 1657920
4 1658709 1659009
4 1661287 1661407
4 1662193 1662498
4 1666882 1667026
4 1667659 1667726
4 1669798 1670109
4 1671167 1671519
4 1675767 1675908
4 1676096 1676248
4 1679304 1679404
4 1679809 1679976
4 1681848 1681987
4 1682115 1682276
4 1684932 1685048
4 1690759 1690882
4 1691164 1691316
4 1693515 1693598
4 1694337 1694658
4 1695459 1695715
4 1696387 1696482
4 1697698 1697771
4 1700676 1700954
4 1701597 1701775
4 1702737 1702815
4 1702876 1703009
4 1705657 1705960
4 1707943 1708109
4 1709293 1709659
4 1709849 1709970
4 1710565 1710793
4 1711637 1711898
4 1715237 1715499
4 1716315 1716448
4 1717315 1717598
4 1719515 1719643
4 1720442 1720552
4 1721148 1721426
4 1722015 1722159
4 1723126 1723415
4 1723787 1724037
4 1724576 1724698
4 1725843 1725943
4 1726793 1726926
4 1728826 1728948
4 1730226 1730354
4 1731365 1731474
4 1732509 1732765
4 1733693 1733843
4 1734637 1734854
4 1736276 1736448
4 1738415 1738587
4 1739615 1739704
4 1739787 1739893
4 1740626 1740720
4 1741033 1741165
4 1742559 1742848
4 1743516 1743887
4 1744032 1744198
4 1745521 1745666
4 1748243 1748494
4 1751432 1751604
4 1753348 1753576
4 1754076 1754282
4 1755298 1755443
4 1756209 1756393
4 1758626 1758726
4 1759537 1759687
4 1761367 1761540
4 1762543 1762670
4 1764859 1764998
4 1767515 1767804
4 1770061 1770255
4 1773236 1773503
4 1774000 1774136
4 1775177 1775460
4 1776737 1776854
4 1779132 1779357
4 1781493 1781604
4 1781920 1782176
4 1787179 1787295
4 1788032 1788176
4 1789109 1789432
4 1790020 1790182
4 1792315 1792643
4 1793320 1793420
4 1794511 1794731
4 1795487 1795765
4 1799671 1799959
4 1802337 1802498
4 1804359 1804670
4 1805354 1805459
4 1806670 1806776
4 1809387 1809593
4 1811582 1811787
4 1812376 1812509
4 1815070 1815287
4 1816583 1816740
4 1824520 1824720
4 1825043 1825165
4 1825959 1826093
4 1826709 1826837
4 1826915 1827043
4 1828315 1828404
4 1829637 1829765
4 1830404 1830537
4 1831432 1831620
4 1834587 1834759
4 1836737 1837004
4 1856882 1856965
4 1857569 1857668
4 1859614 1859959
4 1861706 1861952
4 1863291 1863631
4 1873593 1873754
5 1923476 1923815
5 1925290 1925399
5 1928537 1928620
5 1930870 1931137
5 1935426 1935554
5 1938048 1938382
5 1939432 1939893
5 1941359 1941582
5 1961137 1961304
5 1962237 1962465
5 1964924 1965063
5 1965582 1965720
5 1967798 1967943
5 1969582 1969987
