1709587 1709765 -50 -50 1 1
1711660 1711770 -50 -50 1 1
1713615 1713787 -50 -50 2 1
1719527 1719809 -50 -50 1 1
1720459 1720770 -50 -50 2 1
1728229 1728422 -50 -50 1 1
1732701 1732842 -50 -50 1 1
1737287 1737537 -50 -50 1 1
1744818 1744951 -50 -50 1 1
1748374 1748573 -50 -50 2 1
1749559 1749659 -50 -50 1 1
1750370 1750476 -50 -50 1 1
1750948 1751132 -50 -50 2 1
1751760 1751968 -50 -50 2 1
1754609 1754759 -50 -50 1 1
1756680 1757062 -50 -50 1 1
1766753 1766902 -50 -50 2 1
1768795 1768929 -50 -50 1 1
1769585 1769763 -50 -50 2 1
1771684 1771800 -50 -50 2 1
1772966 1773064 -50 -50 1 1
1773737 1773948 -50 -50 1 1
1775355 1775480 -50 -50 2 1
1778293 1778433 -50 -50 1 1
1780287 1780426 -50 -50 1 1
1781193 1781293 -50 -50 1 1
1781767 1781931 -50 -50 1 1
1783527 1783624 -50 -50 2 1
1784559 1784670 -50 -50 2 1
1784959 1785093 -50 -50 1 1
1785954 1786148 -50 -50 1 1
1787043 1787220 -50 -50 1 1
1788767 1788856 -50 -50 1 1
1801504 1801670 -50 -50 2 1
1802235 1802601 -50 -50 1 1
1802881 1803059 -50 -50 1 1
1805483 1805938 -50 -50 2 1
1813832 1813904 -50 -50 2 1
1814425 1814550 -50 -50 2 1
1817059 1817148 -50 -50 1 1
1817532 1817598 -50 -50 1 1
1818962 1819175 -50 -50 2 1
1821687 1821870 -50 -50 1 1
1822934 1823028 -50 -50 1 1
1824093 1824412 -50 -50 1 1
1825332 1825487 -50 -50 1 1
1826837 1826932 -50 -50 2 1
1831187 1831343 -50 -50 1 1
1831770 1831920 -50 -50 2 1
1833272 1833402 -50 -50 1 1
1834087 1834293 -50 -50 1 1
1838389 1838588 -50 -50 2 1
1838917 1838985 -50 -50 1 1
1840632 1840859 -50 -50 2 1
1845172 1845341 -50 -50 1 1
1845709 1845787 -50 -50 1 1
1848970 1849237 -50 -50 1 1
1854579 1854668 -50 -50 1 1
1855897 1856023 -50 -50 1 1
1860670 1860804 -50 -50 1 1
1867075 1867196 -50 -50 1 1
1868231 1868383 -50 -50 1 1
1871289 1871422 -50 -50 2 1
1872026 1872120 -50 -50 1 1
1874106 1874237 -50 -50 1 1
1876204 1876359 -50 -50 1 1
1881984 1882107 -50 -50 2 1
1884263 1884439 -50 -50 2 1
1885027 1885161 -50 -50 2 1
1888758 1888860 -50 -50 2 1
1892679 1892786 -50 -50 1 1
1893922 1894033 -50 -50 2 1
1895622 1895716 -50 -50 1 1
1897744 1897902 -50 -50 1 1
1898494 1898610 -50 -50 1 1
1901700 1901821 -50 -50 2 1
1906009 1906115 -50 -50 1 1
1913041 1913151 -50 -50 2 1
1915248 1915526 -50 -50 1 1
1917115 1917259 -50 -50 1 1
1922293 1922435 -50 -50 1 1
1924569 1924738 -50 -50 1 1
1937261 1937418 -50 -50 1 1
1953363 1953478 -50 -50 1 1
1955355 1955444 -50 -50 1 1
1960065 1960254 -50 -50 1 1
1962457 1962591 -50 -50 1 1
1963615 1963683 -50 -50 1 1
1964304 1964536 -50 -50 1 1
1969565 1969715 -50 -50 2 1
1974145 1974375 -50 -50 1 1
1976459 1976648 -50 -50 2 1
1977995 1978100 -50 -50 1 1
1979104 1979198 -50 -50 2 1
1980022 1980168 -50 -50 1 1
1980437 1980598 -50 -50 2 1
1989487 1989616 -50 -50 1 1
1996536 1996636 -50 -50 1 1
2002105 2002272 -50 -50 1 1
2005712 2005795 -50 -50 2 1
2008912 2009071 -50 -50 1 1
2012116 2012267 -50 -50 1 1
2015506 2015586 -50 -50 1 1
2018087 2018220 -50 -50 1 1
2019637 2019770 -50 -50 1 1
2031909 2032018 -50 -50 1 1
2032160 2032222 -50 -50 1 1
2036031 2036147 -50 -50 2 1
2038800 2038878 -50 -50 2 1
2048173 2048287 -50 -50 1 1
2065113 2065321 -50 -50 1 1
2071929 2072098 -50 -50 1 1
2078271 2078386 -50 -50 1 1
2090637 2090770 -50 -50 2 1
2095330 2095476 -50 -50 1 1
2100852 2100960 -50 -50 1 1
2102802 2103012 -50 -50 1 1
2103503 2103639 -50 -50 2 1
2105088 2105167 -50 -50 1 1
2105747 2105852 -50 -50 1 1
2108249 2108329 -50 -50 1 1
2110759 2110887 -50 -50 1 1
2119636 2119761 -50 -50 1 1
2121080 2121325 -50 -50 1 1
2123320 2123404 -50 -50 1 1
2149636 2149703 -50 -50 2 1
2151526 2151643 -50 -50 1 1
2152089 2152204 -50 -50 1 1
2154209 2154364 -50 -50 1 1
2155226 2155304 -50 -50 1 1
2156392 2156501 -50 -50 1 1
2159304 2159387 -50 -50 1 1
2164220 2164415 -50 -50 1 1
2165143 2165247 -50 -50 2 1
2166003 2166247 -50 -50 1 1
2168787 2168937 -50 -50 1 1
2170733 2170806 -50 -50 1 1
2176465 2176565 -50 -50 1 1
2181137 2181272 -50 -50 1 1
2182212 2182397 -50 -50 1 1
2182943 2183050 -50 -50 1 1
2183550 2183683 -50 -50 1 1
2184765 2184912 -50 -50 2 1
2186897 2187003 -50 -50 1 1
2189577 2189662 -50 -50 2 1
2194387 2194502 -50 -50 1 1
2195054 2195151 -50 -50 1 1
2195742 2195842 -50 -50 1 1
2196456 2196744 -50 -50 1 1
2198805 2198925 -50 -50 1 1
2238760 2238833 -50 -50 2 1
2267364 2267453 -50 -50 1 1
2277223 2277485 -50 -50 1 1
2279936 2280055 -50 -50 1 1
2288644 2288768 -50 -50 1 1
2290428 2290543 -50 -50 1 1
2303598 2303682 -50 -50 1 1
2307759 2307876 -50 -50 1 1
2311842 2311921 -50 -50 2 1
2351070 2351195 -50 -50 1 1
2357766 2358158 -50 -50 1 1
2362301 2362400 -50 -50 1 1
2364864 2365168 -50 -50 1 1
2367048 2367263 -50 -50 1 1
2367633 2367753 -50 -50 1 1
2373069 2373174 -50 -50 2 1
2377636 2377808 -50 -50 1 1
2379974 2380079 -50 -50 1 1
2380942 2381088 -50 -50 1 1
2382841 2383050 -50 -50 1 1
2385148 2385252 -50 -50 1 1
2386984 2387214 -50 -50 1 1
2404476 2404576 -50 -50 1 1
2405182 2405397 -50 -50 1 1
2408588 2408682 -50 -50 2 1
2412733 2412860 -50 -50 2 1
2417443 2417624 -50 -50 1 1
2440876 2440959 -50 -50 2 1
2441564 2441643 -50 -50 2 1
2460752 2460893 -50 -50 1 1
2466282 2466443 -50 -50 1 1
2467565 2467799 -50 -50 2 1
2468826 2468993 -50 -50 2 1
2469715 2469954 -50 -50 1 1
2471298 2471515 -50 -50 2 1
2472587 2472739 -50 -50 1 1
2473015 2473332 -50 -50 1 1
2475885 2476135 -50 -50 2 1
2477202 2477434 -50 -50 1 1
2478470 2478682 -50 -50 1 1
2479943 2480300 -50 -50 1 1
2481289 2481437 -50 -50 1 1
2482050 2482236 -50 -50 2 1
2483077 2483285 -50 -50 1 1
2484162 2484264 -50 -50 2 1
2484916 2485100 -50 -50 1 1
2485456 2485630 -50 -50 2 1
2486348 2486487 -50 -50 1 1
2487326 2487498 -50 -50 1 1
2488031 2488165 -50 -50 1 1
2488693 2488809 -50 -50 1 1
2489776 2489943 -50 -50 1 1
2490578 2490743 -50 -50 1 1
2493748 2493870 -50 -50 2 1
2494954 2495087 -50 -50 1 1
2496004 2496093 -50 -50 1 1
2498243 2498493 -50 -50 1 1
2499553 2499705 -50 -50 1 1
2500217 2500334 -50 -50 1 1
2503254 2503448 -50 -50 1 1
2504384 2504573 -50 -50 2 1
2511509 2511648 -50 -50 2 1
2513520 2513754 -50 -50 2 1
2515093 2515259 -50 -50 1 1
2515698 2515820 -50 -50 1 1
2516233 2516414 -50 -50 1 1
2516670 2516876 -50 -50 1 1
2516993 2517443 -50 -50 1 1
2519120 2519349 -50 -50 1 1
2521043 2521209 -50 -50 1 1
2521967 2522119 -50 -50 1 1
2522589 2522690 -50 -50 1 1
2523320 2523487 -50 -50 1 1
2523943 2524220 -50 -50 1 1
2535929 2536095 -50 -50 1 1
2537215 2537454 -50 -50 1 1
2537904 2538071 -50 -50 1 1
2538493 2538698 -50 -50 1 1
2539232 2539448 -50 -50 1 1
2540178 2540337 -50 -50 1 1
2541386 2541662 -50 -50 1 1
2544639 2544728 -50 -50 1 1
2545155 2545384 -50 -50 1 1
2545927 2546093 -50 -50 1 1
2547046 2547191 -50 -50 1 1
2547832 2547987 -50 -50 1 1
2548376 2548532 -50 -50 1 1
2549109 2549309 -50 -50 1 1
2550299 2550420 -50 -50 1 1
2550970 2551094 -50 -50 2 1
2551693 2552022 -50 -50 1 1
2558554 2558721 -50 -50 2 1
2560782 2560904 -50 -50 1 1
2564809 2564965 -50 -50 2 1
2566198 2566327 -50 -50 2 1
2566937 2567032 -50 -50 2 1
2627460 2627695 -50 -50 1 1
2628064 2628216 -50 -50 2 1
2630172 2630392 -50 -50 1 1
2630993 2631159 -50 -50 2 1
2632593 2632809 -50 -50 2 1
2633044 2633232 -50 -50 1 1
2633457 2633651 -50 -50 2 1
2637109 2637276 -50 -50 2 1
2640126 2640248 -50 -50 1 1
2642393 2642582 -50 -50 2 1
2645980 2646158 -50 -50 2 1
2646664 2646782 -50 -50 1 1
2647642 2648105 -50 -50 1 1
2649509 2649670 -50 -50 2 1
2650040 2650142 -50 -50 2 1
2650542 2650778 -50 -50 2 1
2651155 2651284 -50 -50 1 1
2651357 2651465 -50 -50 1 1
2652520 2652754 -50 -50 2 1
2653389 2653518 -50 -50 2 1
2655176 2655626 -50 -50 2 1
2656520 2656770 -50 -50 1 1
2658760 2658943 -50 -50 2 1
2659721 2659822 -50 -50 1 1
2662237 2662404 -50 -50 2 1
2663669 2663869 -50 -50 1 1
2666623 2666737 -50 -50 2 1
2667598 2667965 -50 -50 2 1
2670032 2670265 -50 -50 1 1
2671165 2671387 -50 -50 2 1
2671932 2672120 -50 -50 2 1
2672621 2672827 -50 -50 1 1
2673609 2674015 -50 -50 2 1
2674743 2675032 -50 -50 2 1
2676276 2676565 -50 -50 1 1
2678106 2678227 -50 -50 1 1
2678850 2678972 -50 -50 2 1
2680079 2680523 -50 -50 1 1
2681938 2682189 -50 -50 2 1
2683497 2683623 -50 -50 1 1
2683748 2683869 -50 -50 1 1
2684250 2684397 -50 -50 2 1
2684965 2685104 -50 -50 1 1
2686098 2686376 -50 -50 1 1
2687054 2687298 -50 -50 2 1
2688325 2688461 -50 -50 2 1
2689154 2689437 -50 -50 1 1
2690064 2690480 -50 -50 1 1
2691175 2691348 -50 -50 2 1
2691970 2692104 -50 -50 2 1
2692604 2692809 -50 -50 2 1
2693093 2693277 -50 -50 2 1
2694359 2694498 -50 -50 1 1
2696343 2696482 -50 -50 1 1
2697336 2697571 -50 -50 1 1
2698570 2698737 -50 -50 1 1
2699673 2699801 -50 -50 1 1
2700485 2700862 -50 -50 2 1
2701491 2701604 -50 -50 2 1
2703169 2703396 -50 -50 1 1
2704270 2704532 -50 -50 2 1
2705645 2706116 -50 -50 1 1
2708754 2709026 -50 -50 2 1
2709969 2710082 -50 -50 1 1
2712554 2712743 -50 -50 1 1
2716369 2716468 -50 -50 1 1
2716735 2716876 -50 -50 2 1
2717379 2717651 -50 -50 1 1
2719120 2719337 -50 -50 2 1
2720210 2720359 -50 -50 1 1
2722527 2722669 -50 -50 2 1
2722908 2723033 -50 -50 1 1
2723687 2723804 -50 -50 2 1
2724383 2724550 -50 -50 2 1
2724868 2725006 -50 -50 1 1
2725889 2726151 -50 -50 2 1
2727188 2727370 -50 -50 1 1
2731540 2731643 -50 -50 2 1
2732517 2732897 -50 -50 2 1
2733776 2734087 -50 -50 1 1
2734915 2735182 -50 -50 1 1
2738693 2738837 -50 -50 2 1
2739213 2739396 -50 -50 1 1
2740054 2740237 -50 -50 2 1
2741009 2741404 -50 -50 1 1
2742287 2742543 -50 -50 1 1
2743363 2743585 -50 -50 2 1
2744098 2744293 -50 -50 2 1
2745253 2745457 -50 -50 1 1
2746647 2746772 -50 -50 2 1
2747454 2747770 -50 -50 1 1
2750348 2750432 -50 -50 1 1
2751068 2751290 -50 -50 2 1
2753198 2753326 -50 -50 1 1
2754121 2754414 -50 -50 1 1
2756665 2756815 -50 -50 1 1
2757513 2757684 -50 -50 2 1
2758542 2758722 -50 -50 2 1
2761325 2761442 -50 -50 2 1
2762176 2762280 -50 -50 1 1
2763223 2763350 -50 -50 1 1
2768920 2769087 -50 -50 2 1
2769770 2769916 -50 -50 1 1
2770401 2770494 -50 -50 2 1
2773617 2773863 -50 -50 1 1
2774928 2775132 -50 -50 2 1
2776000 2776110 -50 -50 1 1
2777832 2778093 -50 -50 2 1
2780259 2780475 -50 -50 1 1
2784352 2784561 -50 -50 1 1
2784944 2785066 -50 -50 1 1
2785776 2785959 -50 -50 1 1
2786358 2786661 -50 -50 2 1
2786972 2787075 -50 -50 2 1
2791580 2791755 -50 -50 1 1
2793498 2793637 -50 -50 2 1
2793959 2794182 -50 -50 1 1
2795182 2795399 -50 -50 1 1
2802957 2803087 -50 -50 1 1
2804928 2805053 -50 -50 2 1
2806498 2806743 -50 -50 1 1
2808187 2808412 -50 -50 1 1
2809515 2809820 -50 -50 1 1
2810509 2810632 -50 -50 1 1
2813815 2813970 -50 -50 1 1
2814437 2814582 -50 -50 1 1
2816428 2816632 -50 -50 1 1
2818772 2818840 -50 -50 1 1
2818955 2819054 -50 -50 1 1
2822365 2822481 -50 -50 1 1
2823053 2823153 -50 -50 2 1
2824662 2824866 -50 -50 1 1
2827246 2827534 -50 -50 1 1
2827921 2828057 -50 -50 1 1
2831632 2831826 -50 -50 2 1
2832754 2832896 -50 -50 1 1
2835417 2835574 -50 -50 2 1
2835776 2836070 -50 -50 1 1
2838032 2838237 -50 -50 1 1
2841859 2842020 -50 -50 2 1
2843080 2843201 -50 -50 1 1
2846334 2846611 -50 -50 2 1
2851591 2851689 -50 -50 1 1
2852364 2852499 -50 -50 2 1
2854131 2854236 -50 -50 2 1
2857679 2857902 -50 -50 1 1
2858786 2858926 -50 -50 2 1
2865870 2866070 -50 -50 2 1
2867358 2867671 -50 -50 1 1
2868465 2868598 -50 -50 1 1
2870865 2871026 -50 -50 2 1
2871948 2872115 -50 -50 1 1
2873355 2873568 -50 -50 2 1
2874166 2874354 -50 -50 2 1
2880940 2881077 -50 -50 1 1
2888216 2888405 -50 -50 1 1
2896532 2896682 -50 -50 2 1
2915007 2915117 -50 -50 1 1
2915860 2916048 -50 -50 2 1
2919658 2919893 -50 -50 2 1
2930292 2930428 -50 -50 1 1
2948376 2948470 -50 -50 2 1
2961302 2961469 -50 -50 2 1
2966114 2966193 -50 -50 1 1
2966870 2966938 -50 -50 2 1
2967461 2967582 -50 -50 2 1
2967927 2968204 -50 -50 1 1
2969454 2969549 -50 -50 2 1
2970736 2970945 -50 -50 2 1
2971447 2971578 -50 -50 1 1
2971948 2972082 -50 -50 2 1
2983876 2983978 -50 -50 1 1
2989730 2989864 -50 -50 2 1
3016104 3016259 -50 -50 2 1
3017426 3017543 -50 -50 1 1
3017679 3017821 -50 -50 2 1
3019359 3019548 -50 -50 2 1
3021812 3022068 -50 -50 1 1
3023565 3023709 -50 -50 2 1
3024409 3024515 -50 -50 1 1
3026065 3026204 -50 -50 2 1
3027554 3027681 -50 -50 1 1
3028343 3028543 -50 -50 2 1
3028920 3029120 -50 -50 1 1
3029277 3029753 -50 -50 2 1
3031876 3032127 -50 -50 1 1
3034826 3034976 -50 -50 1 1
3037767 3038007 -50 -50 1 1
3040142 3040364 -50 -50 1 1
3040931 3041203 -50 -50 2 1
3041969 3042115 -50 -50 1 1
3042603 3042723 -50 -50 1 1
3048909 3049039 -50 -50 2 1
3051115 3051304 -50 -50 1 1
3052232 3052386 -50 -50 1 1
3053161 3053381 -50 -50 1 1
3054106 3054211 -50 -50 1 1
3055832 3055993 -50 -50 1 1
3057200 3057357 -50 -50 1 1
3058982 3059133 -50 -50 1 1
3060026 3060157 -50 -50 1 1
3062429 3062642 -50 -50 1 1
3064400 3064531 -50 -50 2 1
3065420 3065693 -50 -50 1 1
3066425 3066702 -50 -50 2 1
3067706 3067874 -50 -50 1 1
3071619 3071755 -50 -50 2 1
3072106 3072289 -50 -50 2 1
3074337 3074487 -50 -50 1 1
3075437 3075598 -50 -50 1 1
3076152 3076356 -50 -50 2 1
3077101 3077267 -50 -50 2 1
3078126 3078276 -50 -50 1 1
3079509 3079732 -50 -50 2 1
3080268 3080375 -50 -50 2 1
3080520 3080907 -50 -50 2 1
3081179 3081323 -50 -50 1 1
3082254 3082354 -50 -50 1 1
3083454 3083598 -50 -50 2 1
3084558 3085097 -50 -50 1 1
3085814 3086007 -50 -50 1 1
3090359 3090632 -50 -50 1 1
3092441 3092525 -50 -50 2 1
3092692 3092975 -50 -50 1 1
3094311 3094536 -50 -50 2 1
3095454 3095698 -50 -50 2 1
3097306 3097829 -50 -50 1 1
3098671 3098813 -50 -50 1 1
3104373 3104635 -50 -50 2 1
3105443 3105743 -50 -50 1 1
3107608 3107737 -50 -50 2 1
3108328 3108506 -50 -50 1 1
3111765 3112009 -50 -50 2 1
3114807 3114974 -50 -50 1 1
3115759 3115892 -50 -50 2 1
3118759 3118954 -50 -50 2 1
3119525 3119928 -50 -50 2 1
3120704 3121026 -50 -50 1 1
3122250 3122470 -50 -50 1 1
3122726 3122910 -50 -50 1 1
3123154 3123293 -50 -50 2 1
3123499 3123684 -50 -50 2 1
3124054 3124254 -50 -50 1 1
3125537 3125676 -50 -50 2 1
3126391 3126504 -50 -50 2 1
3127548 3127653 -50 -50 1 1
3129270 3129498 -50 -50 1 1
3130498 3130637 -50 -50 2 1
3131472 3131604 -50 -50 1 1
3132254 3132437 -50 -50 2 1
3133534 3133685 -50 -50 2 1
3134304 3134482 -50 -50 1 1
3135072 3135255 -50 -50 2 1
3136043 3136220 -50 -50 1 1
3137504 3137724 -50 -50 2 1
3140072 3140202 -50 -50 2 1
3144093 3144243 -50 -50 1 1
3145482 3145770 -50 -50 2 1
3146448 3146637 -50 -50 2 1
3148754 3149054 -50 -50 1 1
3149504 3149732 -50 -50 2 1
3150017 3150263 -50 -50 1 1
3153290 3153517 -50 -50 1 1
3153694 3153778 -50 -50 2 1
3154654 3154798 -50 -50 1 1
3155724 3155839 -50 -50 1 1
3157369 3157490 -50 -50 2 1
3158256 3158357 -50 -50 1 1
3199793 3200076 -50 -50 2 1
3201778 3201891 -50 -50 1 1
3202354 3202532 -50 -50 1 1
3203870 3204076 -50 -50 2 1
3204593 3204720 -50 -50 1 1
3205448 3205676 -50 -50 2 1
3206498 3206667 -50 -50 1 1
3207048 3207198 -50 -50 2 1
3207658 3207794 -50 -50 2 1
3208298 3208443 -50 -50 1 1
3209112 3209248 -50 -50 2 1
3210074 3210362 -50 -50 1 1
3211454 3211584 -50 -50 1 1
3212104 3212254 -50 -50 2 1
3213008 3213176 -50 -50 1 1
3213709 3213887 -50 -50 2 1
3214482 3214837 -50 -50 1 1
3215483 3215618 -50 -50 1 1
3216059 3216325 -50 -50 2 1
3217202 3217326 -50 -50 1 1
3217444 3217599 -50 -50 2 1
3219387 3219565 -50 -50 1 1
3220076 3220254 -50 -50 1 1
3220820 3221070 -50 -50 2 1
3221488 3221750 -50 -50 2 1
3222054 3222215 -50 -50 1 1
3222787 3222970 -50 -50 2 1
3223852 3223966 -50 -50 1 1
3224770 3225015 -50 -50 2 1
3225587 3225843 -50 -50 1 1
3226287 3226482 -50 -50 2 1
3227449 3227642 -50 -50 1 1
3229517 3229639 -50 -50 1 1
3231276 3231396 -50 -50 2 1
3233098 3233311 -50 -50 1 1
3233520 3233719 -50 -50 1 1
3234682 3234820 -50 -50 2 1
3235740 3235843 -50 -50 2 1
3236744 3236881 -50 -50 1 1
3238098 3238254 -50 -50 1 1
3238545 3238739 -50 -50 2 1
3245117 3245316 -50 -50 1 1
3245874 3246024 -50 -50 2 1
3246723 3246937 -50 -50 2 1
3248359 3248565 -50 -50 1 1
3249001 3249158 -50 -50 2 1
3250013 3250286 -50 -50 2 1
3250769 3250979 -50 -50 1 1
3251475 3251648 -50 -50 2 1
3260798 3261011 -50 -50 2 1
3261951 3262188 -50 -50 1 1
3262632 3262915 -50 -50 2 1
3263265 3263389 -50 -50 1 1
3264714 3264823 -50 -50 2 1
3265151 3265296 -50 -50 1 1
3265770 3266026 -50 -50 2 1
3267743 3267885 -50 -50 2 1
3268715 3268887 -50 -50 1 1
3269503 3269668 -50 -50 1 1
3270876 3271043 -50 -50 1 1
3271118 3271568 -50 -50 1 1
3272307 3272409 -50 -50 2 1
3273136 3273372 -50 -50 2 1
3274037 3274209 -50 -50 2 1
3274962 3275346 -50 -50 2 1
3275733 3275935 -50 -50 1 1
3276677 3276819 -50 -50 1 1
3277544 3277848 -50 -50 1 1
3278164 3278424 -50 -50 1 1
3279002 3279142 -50 -50 2 1
3280626 3280758 -50 -50 2 1
3281698 3281921 -50 -50 2 1
3282532 3282665 -50 -50 1 1
3282904 3283143 -50 -50 2 1
3283665 3283859 -50 -50 1 1
3284370 3284559 -50 -50 2 1
3286332 3286458 -50 -50 1 1
3287365 3287495 -50 -50 2 1
3288977 3289125 -50 -50 1 1
3289309 3289529 -50 -50 2 1
3291207 3291346 -50 -50 2 1
3292487 3292754 -50 -50 1 1
3293398 3293720 -50 -50 2 1
3294140 3294404 -50 -50 2 1
3295100 3295406 -50 -50 2 1
3296010 3296134 -50 -50 1 1
3296730 3296885 -50 -50 2 1
3297489 3297622 -50 -50 1 1
3300015 3300192 -50 -50 1 1
3301989 3302198 -50 -50 1 1
3302678 3302910 -50 -50 1 1
3304382 3304661 -50 -50 2 1
3305654 3305774 -50 -50 1 1
3306580 3306699 -50 -50 2 1
3307101 3307239 -50 -50 2 1
3316311 3316463 -50 -50 2 1
3318027 3318399 -50 -50 2 1
3319403 3319526 -50 -50 1 1
3319726 3319814 -50 -50 1 1
3322849 3322955 -50 -50 2 1
3324556 3324969 -50 -50 1 1
3325716 3325876 -50 -50 1 1
3326176 3326359 -50 -50 1 1
3326954 3327120 -50 -50 1 1
3328565 3328665 -50 -50 1 1
3329298 3329509 -50 -50 1 1
3329893 3330087 -50 -50 1 1
3330760 3330885 -50 -50 1 1
3332159 3332475 -50 -50 1 1
3333954 3334309 -50 -50 1 1
3334565 3334754 -50 -50 2 1
3335041 3335177 -50 -50 1 1
3335601 3335735 -50 -50 2 1
3340243 3340482 -50 -50 1 1
3340577 3340976 -50 -50 1 1
3341787 3342090 -50 -50 1 1
3345930 3346238 -50 -50 1 1
3347824 3348000 -50 -50 1 1
3348745 3348901 -50 -50 1 1
3349900 3350031 -50 -50 1 1
3350820 3351132 -50 -50 1 1
3351393 3351535 -50 -50 2 1
3352054 3352282 -50 -50 1 1
3352549 3352654 -50 -50 1 1
3356293 3356404 -50 -50 1 1
3358115 3358305 -50 -50 1 1
3358842 3358961 -50 -50 2 1
3361061 3361206 -50 -50 1 1
3363465 3363637 -50 -50 2 1
3364152 3364236 -50 -50 1 1
3365593 3365932 -50 -50 1 1
3370682 3370859 -50 -50 1 1
3371827 3371902 -50 -50 1 1
3372193 3372337 -50 -50 1 1
3372440 3372550 -50 -50 1 1
3372893 3373004 -50 -50 1 1
3374271 3374393 -50 -50 2 1
3375393 3375720 -50 -50 2 1
3376754 3376948 -50 -50 1 1
3378345 3378512 -50 -50 1 1
3379289 3379429 -50 -50 1 1
3380619 3380874 -50 -50 1 1
3382270 3382409 -50 -50 1 1
3383017 3383134 -50 -50 1 1
3385043 3385243 -50 -50 1 1
3385773 3385962 -50 -50 1 1
3387300 3387432 -50 -50 1 1
3388210 3388387 -50 -50 1 1
3388965 3389132 -50 -50 1 1
3390520 3390726 -50 -50 1 1
3392800 3392935 -50 -50 1 1
3393374 3393684 -50 -50 1 1
3394244 3394378 -50 -50 2 1
3394952 3395178 -50 -50 1 1
3395593 3395909 -50 -50 2 1
3396579 3396794 -50 -50 1 1
3397262 3397365 -50 -50 1 1
3398290 3398503 -50 -50 1 1
3399001 3399235 -50 -50 1 1
3399732 3399847 -50 -50 1 1
3400539 3400617 -50 -50 1 1
3400826 3401037 -50 -50 2 1
3401687 3401832 -50 -50 1 1
3402535 3402650 -50 -50 1 1
3403249 3403400 -50 -50 1 1
3404054 3404254 -50 -50 1 1
3404767 3404962 -50 -50 2 1
3405620 3405729 -50 -50 2 1
3405826 3405948 -50 -50 1 1
3407454 3407600 -50 -50 1 1
3409903 3410023 -50 -50 1 1
3429978 3430091 -50 -50 1 1
3430854 3431104 -50 -50 2 1
3431507 3431617 -50 -50 2 1
3436232 3436370 -50 -50 2 1
3437776 3437909 -50 -50 1 1
3439032 3439131 -50 -50 2 1
3439687 3439948 -50 -50 2 1
3441561 3441705 -50 -50 1 1
3442315 3442487 -50 -50 2 1
3444709 3444887 -50 -50 1 1
3445507 3445736 -50 -50 1 1
3446156 3446277 -50 -50 2 1
3450009 3450104 -50 -50 1 1
3452509 3452743 -50 -50 1 1
3454546 3454715 -50 -50 1 1
3455559 3455659 -50 -50 2 1
3457848 3458148 -50 -50 1 1
3458369 3458542 -50 -50 2 1
3459541 3459696 -50 -50 1 1
3463603 3463826 -50 -50 1 1
3464356 3464467 -50 -50 2 1
3466526 3466665 -50 -50 1 1
3467247 3467394 -50 -50 2 1
3468628 3468764 -50 -50 2 1
3469293 3469420 -50 -50 2 1
3470320 3470454 -50 -50 1 1
3471948 3472076 -50 -50 1 1
3472648 3472859 -50 -50 2 1
3473159 3473337 -50 -50 2 1
3474815 3475020 -50 -50 1 1
3477193 3477420 -50 -50 2 1
3477654 3477809 -50 -50 2 1
3477993 3478265 -50 -50 2 1
3480257 3480521 -50 -50 2 1
3489904 3490165 -50 -50 1 1
3490676 3491054 -50 -50 1 1
3491404 3491531 -50 -50 2 1
3492010 3492115 -50 -50 2 1
3493487 3493670 -50 -50 1 1
3494387 3494693 -50 -50 1 1
3495387 3495587 -50 -50 2 1
3495920 3496287 -50 -50 2 1
3497154 3497284 -50 -50 1 1
3498193 3498424 -50 -50 2 1
3498932 3499183 -50 -50 2 1
3500376 3500565 -50 -50 1 1
3500770 3500982 -50 -50 1 1
3501329 3501477 -50 -50 2 1
3502854 3503143 -50 -50 1 1
3503747 3503940 -50 -50 1 1
3504647 3504774 -50 -50 1 1
3505978 3506133 -50 -50 2 1
3506382 3506559 -50 -50 2 1
3508556 3508684 -50 -50 2 1
3509237 3509415 -50 -50 1 1
3509671 3509823 -50 -50 1 1
3510514 3510660 -50 -50 1 1
3511982 3512165 -50 -50 2 1
3513831 3513956 -50 -50 2 1
3516684 3516817 -50 -50 1 1
3517707 3517819 -50 -50 1 1
3518098 3518259 -50 -50 1 1
3518554 3518715 -50 -50 1 1
3519748 3519920 -50 -50 2 1
3521698 3521809 -50 -50 1 1
3522720 3522843 -50 -50 1 1
3523455 3523565 -50 -50 2 1
3524203 3524339 -50 -50 1 1
3525176 3525359 -50 -50 1 1
3526837 3527026 -50 -50 2 1
3527898 3528126 -50 -50 2 1
3528898 3529276 -50 -50 1 1
3529715 3529920 -50 -50 1 1
3530582 3530759 -50 -50 1 1
3531273 3531407 -50 -50 2 1
3532994 3533171 -50 -50 1 1
3534033 3534135 -50 -50 2 1
3535125 3535330 -50 -50 1 1
3535989 3536130 -50 -50 2 1
3536660 3536797 -50 -50 1 1
3538232 3538404 -50 -50 1 1
3539059 3539487 -50 -50 1 1
3540262 3540372 -50 -50 1 1
3541209 3541420 -50 -50 1 1
3541795 3541989 -50 -50 1 1
3542409 3542632 -50 -50 1 1
3543232 3543365 -50 -50 1 1
3543954 3544087 -50 -50 2 1
3544248 3544354 -50 -50 1 1
3545037 3545198 -50 -50 2 1
3545845 3545948 -50 -50 1 1
3546908 3547046 -50 -50 1 1
3547824 3547940 -50 -50 1 1
3548343 3548543 -50 -50 1 1
3550520 3550637 -50 -50 1 1
3552932 3553109 -50 -50 1 1
3554676 3554826 -50 -50 1 1
3556380 3556487 -50 -50 2 1
3558937 3559251 -50 -50 1 1
3562761 3563107 -50 -50 1 1
3564001 3564158 -50 -50 2 1
3564259 3564443 -50 -50 1 1
3565220 3565426 -50 -50 2 1
3566220 3566404 -50 -50 2 1
3566784 3566904 -50 -50 1 1
3566995 3567112 -50 -50 2 1
3567917 3567980 -50 -50 2 1
3568798 3569054 -50 -50 1 1
3570697 3570901 -50 -50 1 1
3571612 3571723 -50 -50 1 1
3572677 3572849 -50 -50 2 1
3574591 3574780 -50 -50 1 1
3574954 3575120 -50 -50 2 1
3575826 3575962 -50 -50 1 1
3581077 3581179 -50 -50 2 1
3591486 3591632 -50 -50 1 1
3592746 3592908 -50 -50 2 1
3594069 3594231 -50 -50 1 1
3596515 3596635 -50 -50 1 1
3597471 3597617 -50 -50 2 1
3597787 3597926 -50 -50 1 1
3598459 3598698 -50 -50 1 1
3599120 3599293 -50 -50 2 1
3599780 3600000 -50 -50 1 1
3600279 3600403 -50 -50 2 1
3601026 3601187 -50 -50 1 1
3603964 3604152 -50 -50 1 1
3604952 3605097 -50 -50 2 1
3606248 3606387 -50 -50 2 1
3606637 3606793 -50 -50 1 1
3607498 3607632 -50 -50 1 1
3608248 3608387 -50 -50 2 1
3608515 3608637 -50 -50 1 1
3611137 3611493 -50 -50 1 1
3613470 3613643 -50 -50 2 1
3615387 3615598 -50 -50 1 1
3616910 3617089 -50 -50 1 1
3618437 3618887 -50 -50 2 1
3619829 3619950 -50 -50 2 1
3620384 3620502 -50 -50 1 1
3621333 3621522 -50 -50 1 1
3622232 3622437 -50 -50 2 1
3623005 3623135 -50 -50 2 1
3623687 3623970 -50 -50 2 1
3624495 3624702 -50 -50 1 1
3625742 3625843 -50 -50 2 1
3627208 3627393 -50 -50 1 1
3628076 3628359 -50 -50 1 1
3628727 3628877 -50 -50 2 1
3629457 3629609 -50 -50 1 1
3632654 3632797 -50 -50 1 1
3633476 3633582 -50 -50 2 1
3634258 3634371 -50 -50 2 1
3634909 3635132 -50 -50 1 1
3635697 3635865 -50 -50 1 1
3636509 3636737 -50 -50 1 1
3637325 3637539 -50 -50 2 1
3637920 3638120 -50 -50 1 1
3638972 3639094 -50 -50 1 1
3641315 3641509 -50 -50 1 1
3643285 3643510 -50 -50 2 1
3644119 3644309 -50 -50 1 1
3644987 3645170 -50 -50 2 1
3645982 3646120 -50 -50 1 1
3646926 3647098 -50 -50 2 1
3648104 3648259 -50 -50 1 1
3648787 3649004 -50 -50 2 1
3649765 3650004 -50 -50 2 1
3650392 3650522 -50 -50 2 1
3652593 3653032 -50 -50 1 1
3662393 3662665 -50 -50 1 1
3664220 3664359 -50 -50 2 1
3665026 3665282 -50 -50 2 1
3665888 3666206 -50 -50 1 1
3667176 3667290 -50 -50 1 1
3667574 3667686 -50 -50 2 1
3668137 3668343 -50 -50 2 1
3668826 3669059 -50 -50 1 1
3669393 3669548 -50 -50 2 1
3670098 3670220 -50 -50 2 1
3670692 3670797 -50 -50 1 1
3671409 3671637 -50 -50 2 1
3672055 3672246 -50 -50 1 1
3673515 3673787 -50 -50 2 1
3674928 3675104 -50 -50 2 1
3677915 3678088 -50 -50 2 1
3678820 3679015 -50 -50 1 1
3680637 3680829 -50 -50 2 1
3681808 3681957 -50 -50 2 1
3682887 3683127 -50 -50 1 1
3683582 3683854 -50 -50 2 1
3684482 3684632 -50 -50 1 1
3685509 3685705 -50 -50 1 1
3686514 3686696 -50 -50 1 1
3687057 3687274 -50 -50 2 1
3688137 3688270 -50 -50 1 1
3690186 3690414 -50 -50 1 1
3691606 3691747 -50 -50 2 1
3692443 3692698 -50 -50 2 1
3693398 3693715 -50 -50 1 1
3694082 3694387 -50 -50 2 1
3695020 3695404 -50 -50 2 1
3695665 3695837 -50 -50 1 1
3696420 3696543 -50 -50 1 1
3698535 3698651 -50 -50 2 1
3699202 3699371 -50 -50 1 1
3700220 3700382 -50 -50 2 1
3701298 3701403 -50 -50 2 1
3704173 3704282 -50 -50 1 1
3707285 3707398 -50 -50 2 1
3708122 3708236 -50 -50 1 1
3709820 3710065 -50 -50 1 1
3711137 3711293 -50 -50 2 1
3712785 3712921 -50 -50 1 1
3715065 3715232 -50 -50 1 1
3716015 3716126 -50 -50 2 1
3717259 3717420 -50 -50 1 1
3719415 3719600 -50 -50 2 1
3721076 3721193 -50 -50 2 1
3722370 3722620 -50 -50 1 1
3723812 3723969 -50 -50 2 1
3724948 3725332 -50 -50 1 1
3725720 3725982 -50 -50 2 1
3726626 3726809 -50 -50 1 1
3727356 3727419 -50 -50 1 1
3727743 3727837 -50 -50 2 1
3731105 3731283 -50 -50 1 1
3731998 3732148 -50 -50 1 1
3734773 3734898 -50 -50 2 1
3736067 3736234 -50 -50 2 1
3736721 3736889 -50 -50 2 1
3752309 3752465 -50 -50 1 1
3758031 3758133 -50 -50 1 1
3758798 3758998 -50 -50 2 1
3769222 3769367 -50 -50 2 1
3772678 3772808 -50 -50 2 1
3773567 3773792 -50 -50 1 1
3774137 3774508 -50 -50 2 1
3775895 3776104 -50 -50 2 1
3776548 3776832 -50 -50 2 1
3777095 3777266 -50 -50 1 1
3778084 3778209 -50 -50 2 1
3779086 3779227 -50 -50 1 1
3779548 3779676 -50 -50 1 1
3780326 3780520 -50 -50 2 1
3781132 3781259 -50 -50 1 1
3782064 3782383 -50 -50 2 1
3783693 3783787 -50 -50 1 1
3784520 3784665 -50 -50 1 1
3786471 3786691 -50 -50 2 1
3787176 3787282 -50 -50 1 1
3787847 3788082 -50 -50 2 1
3788614 3788864 -50 -50 2 1
3790023 3790132 -50 -50 2 1
3791454 3791648 -50 -50 1 1
3793504 3793654 -50 -50 2 1
3794670 3794870 -50 -50 1 1
3795153 3795286 -50 -50 2 1
3795965 3796120 -50 -50 2 1
3796536 3796687 -50 -50 1 1
3798485 3798611 -50 -50 1 1
3802743 3802937 -50 -50 2 1
3803332 3803554 -50 -50 2 1
3804238 3804361 -50 -50 2 1
3804979 3805203 -50 -50 1 1
3809137 3809276 -50 -50 2 1
4292483 4292589 -50 -50 1 1
4293670 4293848 -50 -50 2 1
4296726 4296909 -50 -50 1 1
4297547 4297719 -50 -50 1 1
4298837 4299048 -50 -50 1 1
4299873 4300000 -50 -50 2 1
4300806 4301082 -50 -50 1 1
4301364 4301587 -50 -50 2 1
4301889 4302000 -50 -50 1 1
4304254 4304415 -50 -50 2 1
4306777 4306908 -50 -50 1 1
4307276 4307415 -50 -50 1 1
4307987 4308326 -50 -50 2 1
4309082 4309182 -50 -50 1 1
4309711 4309935 -50 -50 2 1
4310611 4310716 -50 -50 1 1
4311054 4311226 -50 -50 1 1
4312448 4312565 -50 -50 2 1
4320109 4320348 -50 -50 1 1
4321689 4321957 -50 -50 2 1
4322048 4322420 -50 -50 1 1
4323054 4323282 -50 -50 2 1
4323708 4323910 -50 -50 2 1
4324528 4324833 -50 -50 2 1
4325443 4325765 -50 -50 1 1
4326305 4326407 -50 -50 2 1
4327398 4327559 -50 -50 2 1
4327770 4327887 -50 -50 2 1
4328456 4328738 -50 -50 2 1
4328882 4329043 -50 -50 1 1
4329704 4329959 -50 -50 1 1
4330482 4330632 -50 -50 1 1
4330915 4331154 -50 -50 1 1
4331908 4332093 -50 -50 1 1
4333170 4333465 -50 -50 2 1
4334582 4334799 -50 -50 1 1
4335509 4335620 -50 -50 2 1
4336314 4336453 -50 -50 1 1
4337045 4337198 -50 -50 2 1
4339275 4339442 -50 -50 1 1
4340215 4340354 -50 -50 1 1
4340859 4341104 -50 -50 1 1
4343743 4343890 -50 -50 2 1
4345465 4345637 -50 -50 1 1
4346248 4346376 -50 -50 1 1
4347304 4347432 -50 -50 2 1
4347920 4348209 -50 -50 2 1
4349848 4350005 -50 -50 2 1
4350637 4350832 -50 -50 1 1
4352020 4352215 -50 -50 2 1
4352848 4353048 -50 -50 1 1
4354161 4354264 -50 -50 2 1
4354952 4355077 -50 -50 2 1
4357137 4357320 -50 -50 1 1
4358509 4358614 -50 -50 2 1
4361339 4361664 -50 -50 1 1
4362572 4362725 -50 -50 2 1
4363631 4363761 -50 -50 1 1
4364359 4364504 -50 -50 2 1
4365176 4365409 -50 -50 1 1
4366348 4366559 -50 -50 2 1
4367135 4367360 -50 -50 1 1
4368470 4368754 -50 -50 1 1
4369848 4370026 -50 -50 2 1
4370767 4370948 -50 -50 2 1
4371536 4371660 -50 -50 1 1
4373165 4373304 -50 -50 1 1
4373444 4373564 -50 -50 2 1
4374676 4374865 -50 -50 2 1
4376142 4376355 -50 -50 1 1
4377703 4377825 -50 -50 1 1
4378439 4378624 -50 -50 1 1
4378859 4379037 -50 -50 2 1
4379565 4379769 -50 -50 2 1
4380289 4380404 -50 -50 1 1
4380893 4381065 -50 -50 1 1
4383767 4384054 -50 -50 2 1
4384708 4384837 -50 -50 1 1
4386014 4386151 -50 -50 1 1
4388409 4388532 -50 -50 2 1
4391450 4391570 -50 -50 1 1
4392482 4392828 -50 -50 1 1
4393590 4393792 -50 -50 2 1
4395708 4395853 -50 -50 1 1
4396759 4396876 -50 -50 2 1
4397943 4398069 -50 -50 1 1
4399609 4399832 -50 -50 2 1
4401661 4401816 -50 -50 1 1
4402499 4402652 -50 -50 2 1
4403748 4404132 -50 -50 1 1
4406220 4406382 -50 -50 1 1
4406970 4407248 -50 -50 1 1
4407676 4407832 -50 -50 2 1
4410027 4410195 -50 -50 1 1
4410686 4410791 -50 -50 2 1
4411178 4411325 -50 -50 1 1
4413513 4413605 -50 -50 1 1
4414579 4414697 -50 -50 2 1
4415342 4415447 -50 -50 1 1
4419926 4420026 -50 -50 2 1
4420870 4421026 -50 -50 1 1
4422639 4422754 -50 -50 2 1
4425605 4425846 -50 -50 2 1
4426484 4426641 -50 -50 1 1
4427437 4427543 -50 -50 1 1
4428939 4429069 -50 -50 1 1
4430763 4430936 -50 -50 2 1
4434446 4434545 -50 -50 2 1
4435190 4435370 -50 -50 2 1
4436235 4436443 -50 -50 1 1
4436827 4437031 -50 -50 2 1
4443613 4443800 -50 -50 1 1
4446570 4446765 -50 -50 2 1
4452204 4452370 -50 -50 2 1
4453735 4453824 -50 -50 1 1
4454790 4454952 -50 -50 2 1
4455754 4455959 -50 -50 1 1
4456032 4456226 -50 -50 1 1
4458043 4458198 -50 -50 2 1
4459534 4459648 -50 -50 1 1
4462982 4463147 -50 -50 1 1
4467065 4467198 -50 -50 1 1
4468016 4468147 -50 -50 2 1
4470743 4471054 -50 -50 2 1
4474933 4475107 -50 -50 1 1
4476814 4476966 -50 -50 1 1
4478147 4478369 -50 -50 2 1
4479017 4479158 -50 -50 1 1
4479796 4479900 -50 -50 1 1
4480115 4480276 -50 -50 1 1
4481339 4481454 -50 -50 2 1
4482846 4482992 -50 -50 2 1
4484903 4485005 -50 -50 1 1
4488176 4488333 -50 -50 1 1
4489512 4489622 -50 -50 2 1
4506495 4506668 -50 -50 1 1
4511256 4511403 -50 -50 1 1
4513991 4514099 -50 -50 1 1
4517387 4517509 -50 -50 1 1
4520215 4520476 -50 -50 2 1
4520854 4521054 -50 -50 1 1
4523504 4523607 -50 -50 2 1
4525571 4525745 -50 -50 2 1
4527443 4527643 -50 -50 1 1
4528776 4529015 -50 -50 2 1
4533104 4533243 -50 -50 1 1
4533922 4534209 -50 -50 1 1
4534497 4534602 -50 -50 2 1
4536787 4536915 -50 -50 1 1
4542520 4542659 -50 -50 1 1
4544741 4544907 -50 -50 1 1
4546699 4546834 -50 -50 2 1
4547609 4547748 -50 -50 1 1
4548715 4548848 -50 -50 2 1
4549754 4549909 -50 -50 1 1
4550915 4551023 -50 -50 2 1
4552100 4552245 -50 -50 2 1
4553409 4553593 -50 -50 1 1
4554670 4554832 -50 -50 2 1
4556073 4556193 -50 -50 2 1
4559256 4559507 -50 -50 1 1
4560326 4560609 -50 -50 2 1
4561160 4561390 -50 -50 1 1
4562482 4562759 -50 -50 2 1
4565198 4565334 -50 -50 1 1
4566454 4566699 -50 -50 2 1
4567176 4567409 -50 -50 2 1
4567593 4567804 -50 -50 2 1
4569254 4569454 -50 -50 1 1
4570591 4570921 -50 -50 2 1
4571934 4572123 -50 -50 1 1
4575909 4576098 -50 -50 1 1
4577198 4577326 -50 -50 1 1
4578764 4578915 -50 -50 2 1
4580504 4580687 -50 -50 2 1
4581255 4581391 -50 -50 2 1
4582736 4582875 -50 -50 2 1
4585203 4585346 -50 -50 1 1
4586114 4586433 -50 -50 2 1
4587054 4587237 -50 -50 2 1
4588646 4588934 -50 -50 1 1
4589632 4589770 -50 -50 2 1
4590746 4590862 -50 -50 1 1
4595923 4596012 -50 -50 1 1
4597502 4597916 -50 -50 2 1
4599398 4599659 -50 -50 1 1
4601305 4601467 -50 -50 1 1
4603594 4603720 -50 -50 2 1
4604480 4604590 -50 -50 1 1
4605976 4606092 -50 -50 1 1
4607143 4607520 -50 -50 2 1
4608643 4608765 -50 -50 1 1
4609370 4609582 -50 -50 1 1
4610309 4610472 -50 -50 1 1
4614220 4614382 -50 -50 2 1
4617821 4617927 -50 -50 1 1
4618013 4618097 -50 -50 1 1
4619043 4619182 -50 -50 2 1
4620331 4620508 -50 -50 1 1
4620712 4620896 -50 -50 2 1
4622160 4622357 -50 -50 2 1
4623601 4623948 -50 -50 1 1
4624874 4624994 -50 -50 2 1
4626315 4626465 -50 -50 1 1
4627272 4627450 -50 -50 1 1
4628448 4628549 -50 -50 2 1
4631535 4631651 -50 -50 1 1
4633194 4633602 -50 -50 2 1
4635748 4635959 -50 -50 1 1
4637117 4637290 -50 -50 1 1
4638396 4638703 -50 -50 1 1
4639806 4639921 -50 -50 1 1
4640426 4640577 -50 -50 2 1
4640781 4641032 -50 -50 2 1
4642176 4642289 -50 -50 1 1
4643167 4643345 -50 -50 2 1
4646787 4646970 -50 -50 2 1
4647848 4648059 -50 -50 1 1
4649124 4649341 -50 -50 1 1
4652326 4652541 -50 -50 2 1
4653370 4653609 -50 -50 1 1
4656088 4656198 -50 -50 2 1
4657809 4657915 -50 -50 2 1
4658279 4658478 -50 -50 1 1
4660607 4660968 -50 -50 1 1
4661687 4661832 -50 -50 1 1
4663359 4663484 -50 -50 2 1
4665004 4665193 -50 -50 1 1
4666523 4666994 -50 -50 2 1
4667645 4667729 -50 -50 1 1
4669277 4669408 -50 -50 2 1
4671966 4672212 -50 -50 1 1
4673094 4673232 -50 -50 2 1
4674111 4674273 -50 -50 2 1
4674624 4674857 -50 -50 2 1
4675717 4675994 -50 -50 1 1
4679771 4679860 -50 -50 1 1
4680854 4681104 -50 -50 1 1
4682032 4682287 -50 -50 2 1
4682596 4682810 -50 -50 1 1
4683393 4683807 -50 -50 2 1
4684993 4685093 -50 -50 1 1
4686148 4686388 -50 -50 2 1
4688765 4688974 -50 -50 2 1
4691182 4691287 -50 -50 2 1
4691643 4691810 -50 -50 1 1
4695022 4695159 -50 -50 2 1
4696209 4696523 -50 -50 2 1
4700452 4700546 -50 -50 2 1
4701172 4701305 -50 -50 1 1
4701729 4701897 -50 -50 1 1
4702858 4703049 -50 -50 2 1
4703896 4704053 -50 -50 1 1
4705238 4705367 -50 -50 2 1
4706226 4706420 -50 -50 2 1
4707387 4707593 -50 -50 1 1
4709504 4710038 -50 -50 1 1
4711220 4711393 -50 -50 1 1
4712569 4712784 -50 -50 2 1
4714128 4714280 -50 -50 2 1
4715615 4715754 -50 -50 1 1
4721483 4721630 -50 -50 1 1
4722278 4722467 -50 -50 2 1
4723359 4723502 -50 -50 1 1
4725437 4725593 -50 -50 2 1
4727028 4727175 -50 -50 1 1
4728294 4728378 -50 -50 2 1
4728472 4728665 -50 -50 2 1
4732681 4732774 -50 -50 2 1
4733834 4734017 -50 -50 1 1
4734937 4735176 -50 -50 2 1
4736277 4736481 -50 -50 1 1
4741152 4741476 -50 -50 1 1
4742898 4742987 -50 -50 2 1
4744037 4744182 -50 -50 2 1
4748027 4748244 -50 -50 1 1
4750159 4750237 -50 -50 2 1
4754498 4754704 -50 -50 2 1
4756576 4756759 -50 -50 1 1
4758609 4758732 -50 -50 2 1
4763606 4763716 -50 -50 1 1
4767472 4767618 -50 -50 2 1
4770815 4770920 -50 -50 1 1
4771596 4771744 -50 -50 1 1
4772677 4772808 -50 -50 1 1
4774178 4774319 -50 -50 2 1
4777228 4777432 -50 -50 1 1
4779842 4779954 -50 -50 1 1
4785322 4785450 -50 -50 2 1
4788561 4788712 -50 -50 1 1
4792432 4792651 -50 -50 1 1
4794698 4794867 -50 -50 1 1
4799441 4799619 -50 -50 2 1
4800576 4800692 -50 -50 2 1
4804385 4804500 -50 -50 2 1
4804832 4804976 -50 -50 1 1
4805776 4805893 -50 -50 2 1
4808028 4808206 -50 -50 1 1
4819454 4819548 -50 -50 2 1
4820714 4820878 -50 -50 1 1
4829287 4829454 -50 -50 2 1
4830066 4830178 -50 -50 1 1
4839296 4839468 -50 -50 1 1
4841582 4841657 -50 -50 1 1
4843747 4843832 -50 -50 2 1
4846975 4847131 -50 -50 2 1
4849687 4849809 -50 -50 2 1
4851087 4851187 -50 -50 1 1
4853214 4853366 -50 -50 1 1
4855843 4855987 -50 -50 1 1
4858636 4858769 -50 -50 1 1
4865222 4865344 -50 -50 2 1
4865950 4866190 -50 -50 2 1
4866702 4866875 -50 -50 1 1
4868334 4868449 -50 -50 2 1
4869909 4870054 -50 -50 1 1
4871795 4871951 -50 -50 2 1
4874498 4874603 -50 -50 1 1
4877384 4877541 -50 -50 2 1
4878571 4878681 -50 -50 2 1
4879048 4879154 -50 -50 2 1
4892010 4892174 -50 -50 2 1
4896193 4896332 -50 -50 1 1
4900015 4900091 -50 -50 1 1
4901696 4901815 -50 -50 2 1
4912643 4912809 -50 -50 2 1
4923850 4923978 -50 -50 1 1
4924761 4924845 -50 -50 1 1
4933429 4933544 -50 -50 2 1
4935406 4935647 -50 -50 2 1
4939623 4939785 -50 -50 1 1
4940287 4940504 -50 -50 1 1
4941359 4941469 -50 -50 1 1
4945632 4945765 -50 -50 1 1
4959715 4959854 -50 -50 1 1
4965980 4966105 -50 -50 2 1
4976334 4976449 -50 -50 1 1
4985535 4985708 -50 -50 1 1
4990463 4990599 -50 -50 2 1
4995077 4995401 -50 -50 1 1
4999465 4999565 -50 -50 2 1
5000120 5000220 -50 -50 1 1
5008735 5008908 -50 -50 1 1
5009546 5009677 -50 -50 2 1
5010828 5010896 -50 -50 2 1
5012733 5012826 -50 -50 1 1
5013389 5013536 -50 -50 2 1
5014340 5014445 -50 -50 2 1
5014948 5015048 -50 -50 1 1
5015316 5015452 -50 -50 2 1
5024773 5024847 -50 -50 2 1
5030460 5030643 -50 -50 1 1
5032064 5032175 -50 -50 2 1
5036658 5036773 -50 -50 1 1
5039500 5039611 -50 -50 1 1
5041854 5041991 -50 -50 2 1
5043511 5043614 -50 -50 2 1
5044756 5044845 -50 -50 1 1
5053168 5053445 -50 -50 1 1
5069550 5069661 -50 -50 2 1
5085595 5085684 -50 -50 2 1
5087287 5087465 -50 -50 1 1
5094362 5094493 -50 -50 2 1
5097835 5097992 -50 -50 1 1
5098849 5098965 -50 -50 2 1
5103820 5103961 -50 -50 1 1
5108554 5108695 -50 -50 1 1
5122651 5122774 -50 -50 2 1
5124676 5124808 -50 -50 1 1
5129998 5130104 -50 -50 1 1
5130920 5131059 -50 -50 2 1
5131522 5131695 -50 -50 2 1
5132348 5132482 -50 -50 1 1
5132859 5132970 -50 -50 1 1
5133598 5133770 -50 -50 2 1
5133917 5134059 -50 -50 2 1
5146106 5146222 -50 -50 2 1
5146726 5146826 -50 -50 1 1
5147868 5147997 -50 -50 2 1
5158782 5158887 -50 -50 1 1
5161139 5161255 -50 -50 2 1
5162615 5162759 -50 -50 1 1
5273419 5273540 -50 -50 2 1
5274622 5274782 -50 -50 1 1
5277126 5277254 -50 -50 1 1
5277882 5278143 -50 -50 1 1
5283904 5284087 -50 -50 2 1
5284661 5284864 -50 -50 1 1
5289359 5289487 -50 -50 2 1
5293850 5294025 -50 -50 1 1
5295622 5295753 -50 -50 1 1
5297311 5297417 -50 -50 1 1
5306437 5306626 -50 -50 1 1
5465987 5466098 -50 -50 2 1
5469958 5470105 -50 -50 1 1
5471418 5471690 -50 -50 2 1
5477593 5477734 -50 -50 2 1
5487048 5487259 -50 -50 1 1
5488057 5488242 -50 -50 2 1
5489858 5489962 -50 -50 1 1
5490446 5490603 -50 -50 2 1
5491053 5491154 -50 -50 2 1
5496076 5496226 -50 -50 2 1
5496658 5496828 -50 -50 1 1
5497793 5498020 -50 -50 1 1
5498909 5499159 -50 -50 1 1
5500932 5501176 -50 -50 2 1
5502111 5502273 -50 -50 2 1
5504038 5504176 -50 -50 1 1
5505054 5505182 -50 -50 2 1
5505796 5506000 -50 -50 1 1
5506743 5506931 -50 -50 1 1
5507738 5507850 -50 -50 2 1
5508457 5508599 -50 -50 2 1
5509384 5509554 -50 -50 1 1
5511360 5511472 -50 -50 1 1
5512874 5513214 -50 -50 2 1
5514041 5514264 -50 -50 1 1
5515904 5516093 -50 -50 2 1
5517747 5517863 -50 -50 2 1
5519182 5519370 -50 -50 1 1
5520716 5521017 -50 -50 1 1
5522318 5522503 -50 -50 1 1
5523102 5523310 -50 -50 1 1
5524712 5524888 -50 -50 2 1
5527782 5527943 -50 -50 2 1
5529916 5530215 -50 -50 2 1
5530809 5530998 -50 -50 1 1
5533126 5533247 -50 -50 2 1
5533634 5533738 -50 -50 2 1
5534742 5534969 -50 -50 1 1
5536027 5536230 -50 -50 2 1
5537383 5537520 -50 -50 2 1
5538293 5538498 -50 -50 1 1
5539304 5539454 -50 -50 2 1
5543488 5543787 -50 -50 1 1
5545598 5545920 -50 -50 2 1
5546870 5547019 -50 -50 2 1
5548011 5548164 -50 -50 1 1
5549554 5549820 -50 -50 2 1
5550876 5551070 -50 -50 2 1
5551531 5551716 -50 -50 1 1
5552052 5552188 -50 -50 1 1
5552522 5552868 -50 -50 1 1
5553040 5553290 -50 -50 2 1
5555365 5555520 -50 -50 1 1
5557696 5557827 -50 -50 1 1
5559015 5559159 -50 -50 2 1
5560237 5560404 -50 -50 2 1
5561267 5561465 -50 -50 1 1
5562282 5562654 -50 -50 2 1
5563307 5563634 -50 -50 1 1
5564222 5564415 -50 -50 2 1
5565053 5565278 -50 -50 1 1
5566837 5567009 -50 -50 1 1
5568032 5568289 -50 -50 2 1
5569770 5569887 -50 -50 1 1
5570709 5570898 -50 -50 2 1
5571570 5571693 -50 -50 1 1
5572124 5572290 -50 -50 2 1
5574378 5574744 -50 -50 2 1
5575742 5575957 -50 -50 2 1
5576614 5576860 -50 -50 2 1
5577332 5577420 -50 -50 1 1
5578228 5578340 -50 -50 1 1
5578549 5578649 -50 -50 2 1
5579420 5579570 -50 -50 1 1
5580287 5580509 -50 -50 1 1
5581123 5581432 -50 -50 2 1
5585624 5585896 -50 -50 2 1
5586398 5586554 -50 -50 2 1
5588148 5588420 -50 -50 1 1
5589822 5590032 -50 -50 2 1
5592325 5592456 -50 -50 1 1
5593769 5594141 -50 -50 2 1
5595051 5595354 -50 -50 2 1
5598080 5598184 -50 -50 1 1
5600782 5600904 -50 -50 2 1
5601637 5601805 -50 -50 2 1
5602124 5602314 -50 -50 1 1
5603843 5603982 -50 -50 2 1
5604546 5604686 -50 -50 2 1
5606415 5606766 -50 -50 2 1
5609087 5609298 -50 -50 2 1
5610305 5610585 -50 -50 1 1
5611276 5611434 -50 -50 2 1
5613270 5613448 -50 -50 1 1
5625605 5625825 -50 -50 2 1
5626160 5626275 -50 -50 1 1
5627050 5627152 -50 -50 2 1
5627309 5627426 -50 -50 1 1
5629138 5629309 -50 -50 1 1
5629489 5629702 -50 -50 2 1
5630071 5630203 -50 -50 1 1
5630444 5630632 -50 -50 1 1
5630811 5630954 -50 -50 2 1
5631959 5632121 -50 -50 2 1
5632732 5632998 -50 -50 1 1
5633709 5634098 -50 -50 2 1
5634648 5634854 -50 -50 2 1
5636342 5636515 -50 -50 1 1
5637346 5637507 -50 -50 2 1
5638356 5638539 -50 -50 1 1
5639297 5639569 -50 -50 1 1
5640077 5640370 -50 -50 2 1
5640605 5640716 -50 -50 2 1
5641134 5641343 -50 -50 1 1
5641531 5641777 -50 -50 1 1
5642205 5642334 -50 -50 1 1
5642729 5643080 -50 -50 2 1
5644007 5644222 -50 -50 1 1
5644920 5645235 -50 -50 2 1
5648054 5648254 -50 -50 2 1
5650445 5650780 -50 -50 2 1
5651413 5651596 -50 -50 1 1
5654485 5654623 -50 -50 1 1
5655457 5655689 -50 -50 1 1
5655815 5655993 -50 -50 2 1
5656748 5657009 -50 -50 1 1
5657935 5658091 -50 -50 1 1
5658717 5658821 -50 -50 2 1
5659513 5659722 -50 -50 1 1
5660590 5660705 -50 -50 2 1
5660933 5661045 -50 -50 1 1
5661963 5662066 -50 -50 2 1
5662403 5662569 -50 -50 1 1
5663503 5663685 -50 -50 2 1
5663804 5663948 -50 -50 1 1
5664661 5664801 -50 -50 1 1
5665723 5665851 -50 -50 1 1
5666743 5666932 -50 -50 2 1
5667793 5668054 -50 -50 1 1
5668870 5669038 -50 -50 1 1
5669665 5669948 -50 -50 1 1
5670815 5671082 -50 -50 2 1
5672011 5672173 -50 -50 1 1
5673977 5674156 -50 -50 2 1
5674959 5675154 -50 -50 2 1
5676243 5676482 -50 -50 1 1
5677387 5677670 -50 -50 2 1
5679323 5679506 -50 -50 2 1
5686032 5686187 -50 -50 1 1
5686670 5686854 -50 -50 2 1
5689000 5689123 -50 -50 1 1
5689705 5689940 -50 -50 1 1
5690456 5690685 -50 -50 2 1
5691209 5691363 -50 -50 1 1
5691859 5692126 -50 -50 1 1
5692732 5692868 -50 -50 1 1
5693565 5693943 -50 -50 1 1
5697251 5697359 -50 -50 2 1
5699812 5699934 -50 -50 1 1
5702765 5703198 -50 -50 2 1
5703704 5703898 -50 -50 2 1
5704707 5704856 -50 -50 1 1
5706332 5706451 -50 -50 1 1
5707015 5707154 -50 -50 2 1
5707848 5708000 -50 -50 1 1
5708848 5709093 -50 -50 2 1
5709715 5709876 -50 -50 2 1
5711093 5711308 -50 -50 1 1
5711982 5712115 -50 -50 1 1
5713326 5713437 -50 -50 2 1
5714331 5714450 -50 -50 2 1
5715142 5715336 -50 -50 1 1
5715875 5716309 -50 -50 2 1
5717320 5717665 -50 -50 1 1
5718864 5719054 -50 -50 1 1
5723213 5723364 -50 -50 2 1
5723959 5724126 -50 -50 1 1
5724927 5725304 -50 -50 2 1
5726120 5726493 -50 -50 2 1
5727496 5727602 -50 -50 1 1
5728280 5728672 -50 -50 1 1
5730854 5731137 -50 -50 2 1
5733143 5733343 -50 -50 2 1
5735237 5735448 -50 -50 1 1
5736304 5736556 -50 -50 1 1
5737534 5737672 -50 -50 2 1
5738248 5738415 -50 -50 1 1
5739426 5739598 -50 -50 2 1
5740537 5740654 -50 -50 2 1
5741706 5741851 -50 -50 1 1
5743509 5743656 -50 -50 2 1
5746191 5746599 -50 -50 2 1
5748643 5748809 -50 -50 1 1
5749424 5749680 -50 -50 2 1
5750337 5750609 -50 -50 1 1
5751254 5751559 -50 -50 2 1
5754237 5754426 -50 -50 1 1
5755726 5755937 -50 -50 1 1
5757197 5757312 -50 -50 2 1
5758773 5758938 -50 -50 2 1
5759138 5759263 -50 -50 1 1
5759675 5759783 -50 -50 1 1
5760515 5760732 -50 -50 2 1
5760860 5760963 -50 -50 1 1
5765392 5765540 -50 -50 1 1
5766451 5766692 -50 -50 1 1
5767590 5767726 -50 -50 2 1
5768624 5768763 -50 -50 1 1
5769414 5769544 -50 -50 2 1
5770254 5770547 -50 -50 2 1
5771555 5771812 -50 -50 2 1
5772337 5772449 -50 -50 1 1
5773290 5773582 -50 -50 2 1
5774568 5774744 -50 -50 2 1
5775540 5775770 -50 -50 1 1
5776131 5776243 -50 -50 2 1
5777526 5777637 -50 -50 1 1
5785198 5785470 -50 -50 2 1
5786150 5786239 -50 -50 2 1
5786840 5787151 -50 -50 1 1
5787930 5788069 -50 -50 1 1
5788889 5789033 -50 -50 2 1
5789328 5789501 -50 -50 1 1
5791165 5791576 -50 -50 1 1
5792270 5792430 -50 -50 2 1
5793136 5793295 -50 -50 1 1
5793855 5794005 -50 -50 1 1
5795149 5795259 -50 -50 1 1
5795545 5795745 -50 -50 2 1
5796493 5796893 -50 -50 1 1
5797622 5797789 -50 -50 2 1
5798422 5798600 -50 -50 2 1
5799223 5799490 -50 -50 1 1
5799952 5800091 -50 -50 1 1
5802925 5803032 -50 -50 1 1
5804012 5804152 -50 -50 2 1
5805043 5805178 -50 -50 1 1
5806213 5806436 -50 -50 1 1
5807345 5807501 -50 -50 2 1
5808513 5808768 -50 -50 1 1
5809962 5810081 -50 -50 1 1
5814182 5814335 -50 -50 2 1
5815620 5815719 -50 -50 1 1
5816598 5816737 -50 -50 2 1
5817712 5817807 -50 -50 1 1
5819042 5819286 -50 -50 1 1
5821529 5821821 -50 -50 2 1
5821994 5822093 -50 -50 2 1
5823480 5823600 -50 -50 1 1
5824006 5824194 -50 -50 1 1
5824610 5824704 -50 -50 1 1
5825870 5826232 -50 -50 2 1
5826902 5827035 -50 -50 2 1
5827370 5827584 -50 -50 1 1
5829408 5829560 -50 -50 1 1
5830340 5830445 -50 -50 1 1
5831289 5831441 -50 -50 2 1
5832644 5832822 -50 -50 1 1
5833354 5833643 -50 -50 1 1
5834554 5834702 -50 -50 1 1
5836004 5836259 -50 -50 1 1
5836636 5836746 -50 -50 1 1
5838179 5838529 -50 -50 2 1
5839081 5839339 -50 -50 1 1
5839782 5839893 -50 -50 1 1
5840460 5840643 -50 -50 2 1
5840980 5841357 -50 -50 2 1
5842438 5842728 -50 -50 1 1
5843266 5843433 -50 -50 2 1
5844390 5844557 -50 -50 1 1
5845065 5845154 -50 -50 2 1
5845726 5845954 -50 -50 1 1
5846715 5847048 -50 -50 2 1
5847924 5848252 -50 -50 2 1
5849014 5849142 -50 -50 1 1
5851444 5851683 -50 -50 1 1
5851989 5852267 -50 -50 2 1
5874009 5874243 -50 -50 2 1
5874992 5875226 -50 -50 1 1
5875809 5875998 -50 -50 2 1
5876717 5876874 -50 -50 2 1
5877320 5877593 -50 -50 1 1
5878398 5878498 -50 -50 2 1
5879226 5879454 -50 -50 1 1
5880147 5880312 -50 -50 1 1
5880826 5881026 -50 -50 2 1
5881687 5881920 -50 -50 1 1
5882464 5882578 -50 -50 1 1
5883448 5883632 -50 -50 1 1
5884221 5884420 -50 -50 2 1
5885067 5885195 -50 -50 1 1
5885912 5886012 -50 -50 2 1
5886759 5886904 -50 -50 1 1
5888991 5889200 -50 -50 2 1
5889382 5889515 -50 -50 1 1
5893615 5893787 -50 -50 2 1
5895676 5895804 -50 -50 1 1
5897512 5897737 -50 -50 2 1
5898920 5899032 -50 -50 1 1
5899515 5899662 -50 -50 2 1
5900454 5900626 -50 -50 1 1
5901477 5901718 -50 -50 2 1
5901932 5902048 -50 -50 2 1
5903745 5903955 -50 -50 1 1
5905337 5905487 -50 -50 2 1
5906087 5906248 -50 -50 2 1
5907173 5907316 -50 -50 1 1
5907957 5908145 -50 -50 2 1
5908669 5908955 -50 -50 1 1
5910270 5910476 -50 -50 1 1
5910665 5910909 -50 -50 2 1
5911770 5911885 -50 -50 2 1
5912904 5913065 -50 -50 2 1
5913719 5913957 -50 -50 1 1
5914504 5914765 -50 -50 2 1
5916487 5916648 -50 -50 1 1
5917576 5917698 -50 -50 2 1
5925320 5925488 -50 -50 2 1
5926263 5926515 -50 -50 1 1
5927135 5927378 -50 -50 2 1
5928204 5928366 -50 -50 1 1
5928887 5929204 -50 -50 2 1
5929582 5929720 -50 -50 1 1
5930020 5930193 -50 -50 1 1
5932276 5932409 -50 -50 1 1
5933937 5934076 -50 -50 2 1
5934860 5935059 -50 -50 2 1
5935705 5935833 -50 -50 2 1
5937966 5938113 -50 -50 1 1
5938521 5938625 -50 -50 2 1
5942533 5942847 -50 -50 2 1
5944699 5944927 -50 -50 1 1
5945515 5945687 -50 -50 2 1
5947102 5947236 -50 -50 2 1
5948188 5948318 -50 -50 1 1
5949632 5949782 -50 -50 2 1
5950854 5950972 -50 -50 1 1
5951648 5951826 -50 -50 2 1
5953565 5953876 -50 -50 2 1
5954839 5955048 -50 -50 1 1
5955538 5955672 -50 -50 1 1
5956415 5956548 -50 -50 1 1
5957037 5957415 -50 -50 1 1
5958358 5958528 -50 -50 1 1
5959439 5959675 -50 -50 2 1
5960343 5960470 -50 -50 1 1
5961201 5961448 -50 -50 2 1
5962205 5962334 -50 -50 1 1
5962943 5963170 -50 -50 1 1
5964940 5965039 -50 -50 1 1
5966456 5966557 -50 -50 1 1
5967324 5967434 -50 -50 1 1
5968065 5968415 -50 -50 1 1
5968902 5969078 -50 -50 1 1
5969782 5970009 -50 -50 1 1
5970637 5970743 -50 -50 2 1
5971696 5971926 -50 -50 2 1
5976064 5976409 -50 -50 1 1
5977335 5977644 -50 -50 1 1
5982159 5982420 -50 -50 1 1
5983758 5983958 -50 -50 2 1
5984706 5984807 -50 -50 1 1
5985648 5985782 -50 -50 1 1
5986608 5986920 -50 -50 2 1
5988608 5988953 -50 -50 2 1
5992215 5992398 -50 -50 2 1
5993673 5993824 -50 -50 1 1
5994570 5994726 -50 -50 2 1
5997231 5997374 -50 -50 1 1
5998005 5998183 -50 -50 1 1
5998738 5998957 -50 -50 2 1
6003469 6003705 -50 -50 2 1
6004931 6005256 -50 -50 1 1
6012054 6012315 -50 -50 2 1
6014754 6014976 -50 -50 1 1
6015854 6015987 -50 -50 2 1
6017538 6017822 -50 -50 2 1
6018476 6018718 -50 -50 1 1
6019220 6019343 -50 -50 1 1
6021166 6021271 -50 -50 2 1
6021788 6022039 -50 -50 2 1
6022285 6022416 -50 -50 1 1
6022520 6022659 -50 -50 2 1
6022940 6023342 -50 -50 2 1
6023887 6024104 -50 -50 1 1
6025023 6025173 -50 -50 2 1
6026057 6026250 -50 -50 1 1
6026526 6026662 -50 -50 2 1
6027291 6027516 -50 -50 1 1
6028442 6028563 -50 -50 1 1
6032418 6032742 -50 -50 2 1
6033220 6033365 -50 -50 1 1
6034411 6034631 -50 -50 2 1
6035410 6035598 -50 -50 2 1
6039776 6040015 -50 -50 1 1
6040753 6040888 -50 -50 1 1
6042911 6043058 -50 -50 2 1
6043662 6043813 -50 -50 1 1
6044119 6044253 -50 -50 2 1
6046447 6046646 -50 -50 1 1
6047645 6047750 -50 -50 2 1
6048294 6048430 -50 -50 1 1
6048766 6048900 -50 -50 2 1
6050654 6050837 -50 -50 2 1
6053246 6053392 -50 -50 2 1
6054846 6054971 -50 -50 1 1
6055139 6055296 -50 -50 1 1
6057294 6057455 -50 -50 1 1
6058798 6058948 -50 -50 2 1
6059793 6059993 -50 -50 1 1
6064887 6065093 -50 -50 2 1
6066883 6067082 -50 -50 2 1
6067793 6067937 -50 -50 1 1
6069209 6069472 -50 -50 2 1
6070282 6070415 -50 -50 2 1
6070826 6070990 -50 -50 1 1
6072097 6072210 -50 -50 2 1
6073607 6073879 -50 -50 2 1
6074837 6074993 -50 -50 2 1
6076251 6076383 -50 -50 1 1
6077543 6077748 -50 -50 1 1
6078610 6078778 -50 -50 2 1
6080627 6080745 -50 -50 2 1
6081691 6081892 -50 -50 1 1
6082508 6082764 -50 -50 1 1
6108556 6108712 -50 -50 2 1
6110698 6110865 -50 -50 1 1
6111739 6111890 -50 -50 2 1
6112765 6113076 -50 -50 2 1
6113480 6113584 -50 -50 1 1
6114137 6114459 -50 -50 1 1
6115011 6115275 -50 -50 1 1
6115987 6116182 -50 -50 2 1
6116581 6116736 -50 -50 1 1
6117038 6117388 -50 -50 2 1
6117671 6117812 -50 -50 1 1
6119188 6119371 -50 -50 2 1
6119985 6120085 -50 -50 1 1
6122141 6122423 -50 -50 2 1
6132087 6132398 -50 -50 2 1
6133476 6133693 -50 -50 2 1
6134661 6134750 -50 -50 1 1
6135414 6135608 -50 -50 2 1
6136085 6136292 -50 -50 1 1
6138543 6138659 -50 -50 2 1
6138927 6139118 -50 -50 1 1
6140024 6140199 -50 -50 2 1
6140792 6140930 -50 -50 1 1
6141398 6141604 -50 -50 2 1
6142015 6142204 -50 -50 2 1
6142953 6143115 -50 -50 1 1
6143882 6143983 -50 -50 2 1
6144620 6144832 -50 -50 1 1
6145412 6145563 -50 -50 2 1
6148112 6148231 -50 -50 2 1
6149137 6149309 -50 -50 1 1
6150022 6150184 -50 -50 2 1
6151037 6151293 -50 -50 2 1
6153204 6153365 -50 -50 1 1
6157307 6157419 -50 -50 2 1
6159262 6159446 -50 -50 2 1
6160359 6160515 -50 -50 1 1
6160911 6161040 -50 -50 2 1
6162687 6162865 -50 -50 1 1
6163645 6163750 -50 -50 2 1
6164618 6164777 -50 -50 1 1
6165619 6165726 -50 -50 2 1
6166578 6166693 -50 -50 1 1
6168022 6168216 -50 -50 2 1
6169176 6169296 -50 -50 2 1
6170096 6170216 -50 -50 1 1
6171993 6172137 -50 -50 2 1
6173382 6173543 -50 -50 1 1
6174509 6174676 -50 -50 2 1
6175332 6175461 -50 -50 2 1
6177561 6177681 -50 -50 2 1
6178526 6178670 -50 -50 1 1
6179570 6179754 -50 -50 1 1
6181020 6181179 -50 -50 2 1
6181637 6181750 -50 -50 2 1
6183554 6183790 -50 -50 1 1
6186848 6186958 -50 -50 1 1
6188124 6188378 -50 -50 2 1
6237093 6237237 -50 -50 2 1
6238565 6238693 -50 -50 2 1
6243684 6243752 -50 -50 1 1
6244653 6244854 -50 -50 2 1
6245436 6245509 -50 -50 1 1
6245709 6245843 -50 -50 2 1
6246564 6246726 -50 -50 1 1
6247477 6247601 -50 -50 2 1
6248204 6248337 -50 -50 1 1
6249609 6249809 -50 -50 2 1
6250997 6251138 -50 -50 1 1
6253315 6253443 -50 -50 2 1
6255776 6256059 -50 -50 2 1
6256893 6257048 -50 -50 2 1
6258598 6258793 -50 -50 1 1
6259952 6260226 -50 -50 1 1
6261028 6261297 -50 -50 2 1
6261720 6261882 -50 -50 1 1
6262609 6262898 -50 -50 2 1
6263593 6263848 -50 -50 2 1
6265038 6265176 -50 -50 1 1
6266204 6266565 -50 -50 1 1
6268310 6268509 -50 -50 2 1
6270619 6270874 -50 -50 1 1
6271587 6271782 -50 -50 1 1
6272707 6272824 -50 -50 1 1
6273843 6274026 -50 -50 1 1
6274769 6274978 -50 -50 1 1
6275532 6275732 -50 -50 2 1
6276562 6276702 -50 -50 2 1
6277847 6277996 -50 -50 1 1
6283178 6283465 -50 -50 2 1
6285115 6285198 -50 -50 1 1
6286021 6286335 -50 -50 2 1
6288286 6288448 -50 -50 2 1
6289504 6289876 -50 -50 1 1
6290059 6290204 -50 -50 1 1
6292104 6292256 -50 -50 1 1
6293256 6293433 -50 -50 1 1
6293911 6294043 -50 -50 1 1
6295031 6295249 -50 -50 1 1
6295882 6296070 -50 -50 1 1
6298479 6298651 -50 -50 2 1
6299259 6299393 -50 -50 1 1
6303548 6303808 -50 -50 1 1
6306126 6306297 -50 -50 2 1
6310113 6310317 -50 -50 1 1
6311154 6311409 -50 -50 2 1
6311970 6312176 -50 -50 1 1
6312587 6312743 -50 -50 1 1
6313420 6313659 -50 -50 1 1
6314908 6315119 -50 -50 1 1
6317948 6318017 -50 -50 1 1
6318876 6319082 -50 -50 2 1
6319420 6319654 -50 -50 1 1
6349915 6350115 -50 -50 2 1
6353832 6353998 -50 -50 2 1
6355465 6355559 -50 -50 1 1
6356101 6356239 -50 -50 1 1
6356845 6357022 -50 -50 2 1
6357843 6357988 -50 -50 1 1
6361013 6361140 -50 -50 2 1
6362265 6362393 -50 -50 2 1
6363720 6363882 -50 -50 2 1
6364382 6364509 -50 -50 1 1
6369470 6369604 -50 -50 1 1
6370380 6370511 -50 -50 2 1
6370870 6371004 -50 -50 1 1
6371711 6371934 -50 -50 1 1
6374980 6375225 -50 -50 2 1
6376376 6376687 -50 -50 1 1
6834213 6834286 -50 -50 1 1
6852412 6852511 -50 -50 2 1
6856225 6856356 -50 -50 2 1
6876998 6877187 -50 -50 1 1
6878043 6878223 -50 -50 2 1
6888476 6888626 -50 -50 1 1
6894643 6894743 -50 -50 2 1
6898165 6898513 -50 -50 2 1
6899126 6899232 -50 -50 1 1
6902189 6902364 -50 -50 1 1
6903792 6903917 -50 -50 1 1
6904021 6904194 -50 -50 1 1
6916287 6916454 -50 -50 2 1
6921429 6921642 -50 -50 1 1
6922902 6923244 -50 -50 1 1
6927670 6927809 -50 -50 2 1
6929043 6929276 -50 -50 1 1
6941315 6941493 -50 -50 1 1
6944370 6944509 -50 -50 2 1
6947658 6947831 -50 -50 1 1
6953499 6953670 -50 -50 2 1
6954434 6954716 -50 -50 1 1
6958309 6958543 -50 -50 1 1
6959387 6959554 -50 -50 2 1
6960914 6961165 -50 -50 1 1
6961837 6962037 -50 -50 2 1
6963733 6963843 -50 -50 1 1
6964869 6964989 -50 -50 2 1
6965570 6965882 -50 -50 2 1
6968797 6968917 -50 -50 1 1
6970787 6970932 -50 -50 2 1
6973387 6973498 -50 -50 1 1
6973859 6973982 -50 -50 2 1
6978815 6978954 -50 -50 1 1
6982882 6983032 -50 -50 2 1
6985755 6985939 -50 -50 2 1
6986613 6986834 -50 -50 1 1
6987465 6987620 -50 -50 1 1
6988232 6988604 -50 -50 1 1
6989072 6989394 -50 -50 1 1
6990982 6991109 -50 -50 1 1
6998382 6998509 -50 -50 2 1
6999201 6999446 -50 -50 1 1
7000259 7000404 -50 -50 2 1
7000774 7000910 -50 -50 2 1
7001474 7001641 -50 -50 1 1
7002809 7002920 -50 -50 2 1
7003352 7003525 -50 -50 1 1
7004309 7004661 -50 -50 2 1
7005161 7005411 -50 -50 2 1
7006682 7006782 -50 -50 1 1
7012178 7012277 -50 -50 1 1
7012692 7012803 -50 -50 2 1
7012958 7013053 -50 -50 1 1
7014354 7014460 -50 -50 2 1
7015725 7015914 -50 -50 1 1
7016504 7016604 -50 -50 1 1
7017257 7017490 -50 -50 2 1
7020109 7020215 -50 -50 1 1
7021053 7021155 -50 -50 2 1
7022185 7022269 -50 -50 2 1
7023557 7023705 -50 -50 1 1
7039615 7039770 -50 -50 1 1
7040759 7041032 -50 -50 2 1
7041194 7041265 -50 -50 1 1
7048920 7049070 -50 -50 1 1
7051812 7051949 -50 -50 2 1
7054207 7054527 -50 -50 2 1
7054934 7055080 -50 -50 1 1
7056740 7056842 -50 -50 1 1
7057609 7057804 -50 -50 1 1
7058718 7058930 -50 -50 2 1
7061619 7061800 -50 -50 2 1
7062654 7062765 -50 -50 1 1
7067354 7067476 -50 -50 2 1
7070837 7071022 -50 -50 1 1
7071685 7071802 -50 -50 1 1
7072508 7072874 -50 -50 1 1
7073404 7073848 -50 -50 2 1
7078882 7079098 -50 -50 1 1
7082826 7083015 -50 -50 1 1
7084026 7084213 -50 -50 2 1
7089898 7090032 -50 -50 1 1
7095504 7095676 -50 -50 2 1
7097943 7098220 -50 -50 2 1
7122843 7123104 -50 -50 1 1
7127226 7127332 -50 -50 2 1
7136109 7136232 -50 -50 2 1
7139754 7140009 -50 -50 2 1
