191021 191347 -50 -50 2 1
197590 197679 -50 -50 1 1
198902 199008 -50 -50 1 1
202219 202343 -50 -50 2 1
204564 204858 -50 -50 1 1
205950 206079 -50 -50 2 1
209776 209954 -50 -50 2 1
215577 215651 -50 -50 2 1
220059 220334 -50 -50 1 1
223494 223963 -50 -50 2 1
224934 225270 -50 -50 2 1
230954 231187 -50 -50 2 1
233358 233633 -50 -50 1 1
234206 234433 -50 -50 2 1
235580 235736 -50 -50 2 1
238337 238470 -50 -50 1 1
239355 239517 -50 -50 1 1
241333 241450 -50 -50 2 1
242478 242918 -50 -50 2 1
243931 244116 -50 -50 1 1
247359 247478 -50 -50 2 1
248770 248893 -50 -50 2 1
249716 250203 -50 -50 2 1
250639 250929 -50 -50 1 1
253151 253290 -50 -50 2 1
254023 254112 -50 -50 1 1
255312 255496 -50 -50 2 1
259559 259689 -50 -50 2 1
259888 260302 -50 -50 2 1
261440 261696 -50 -50 1 1
262563 262914 -50 -50 2 1
263216 263791 -50 -50 2 1
264499 264690 -50 -50 1 1
265371 265720 -50 -50 2 1
269737 269932 -50 -50 1 1
271472 271639 -50 -50 2 1
272506 272645 -50 -50 2 1
281623 281946 -50 -50 2 1
286420 286593 -50 -50 1 1
287166 287406 -50 -50 1 1
294285 294390 -50 -50 2 1
295416 295511 -50 -50 2 1
297043 297198 -50 -50 1 1
297650 297770 -50 -50 1 1
298463 298615 -50 -50 2 1
299359 299546 -50 -50 2 1
301733 301850 -50 -50 2 1
304751 304840 -50 -50 2 1
306601 306781 -50 -50 1 1
307265 307609 -50 -50 2 1
308990 309165 -50 -50 1 1
310130 310286 -50 -50 2 1
310787 310893 -50 -50 1 1
312049 312214 -50 -50 2 1
314845 315023 -50 -50 2 1
315463 315557 -50 -50 2 1
318043 318320 -50 -50 1 1
322219 322508 -50 -50 2 1
322960 323233 -50 -50 1 1
326004 326176 -50 -50 1 1
326779 327001 -50 -50 2 1
329528 329726 -50 -50 1 1
330411 330731 -50 -50 1 1
331436 331564 -50 -50 2 1
332598 332913 -50 -50 2 1
333242 333315 -50 -50 1 1
333712 333812 -50 -50 2 1
335365 335544 -50 -50 1 1
336740 337049 -50 -50 2 1
342386 342469 -50 -50 2 1
344331 344624 -50 -50 2 1
351325 351558 -50 -50 1 1
352413 352552 -50 -50 1 1
354915 354982 -50 -50 2 1
357974 358102 -50 -50 2 1
365962 366216 -50 -50 1 1
367275 367481 -50 -50 2 1
374215 374344 -50 -50 1 1
376369 376500 -50 -50 2 1
380132 380287 -50 -50 2 1
382452 382591 -50 -50 2 1
383387 383728 -50 -50 2 1
384593 384732 -50 -50 1 1
394508 394614 -50 -50 2 1
404294 404542 -50 -50 2 1
410304 410523 -50 -50 1 1
413082 413187 -50 -50 2 1
415409 415665 -50 -50 2 1
416962 417157 -50 -50 1 1
424040 424214 -50 -50 2 1
426841 427035 -50 -50 2 1
430147 430252 -50 -50 1 1
432590 432724 -50 -50 2 1
436400 436678 -50 -50 1 1
439852 440163 -50 -50 2 1
442147 442267 -50 -50 1 1
446342 446498 -50 -50 2 1
448130 448402 -50 -50 2 1
450274 450441 -50 -50 2 1
452305 452457 -50 -50 1 1
457497 457619 -50 -50 1 1
463336 463436 -50 -50 1 1
464435 464604 -50 -50 2 1
480036 480184 -50 -50 2 1
501780 501885 -50 -50 1 1
502401 502571 -50 -50 1 1
502675 502747 -50 -50 1 1
503485 503590 -50 -50 2 1
523163 523312 -50 -50 1 1
531426 531609 -50 -50 1 1
535582 535670 -50 -50 2 1
543207 543329 -50 -50 1 1
552090 552218 -50 -50 2 1
555668 555741 -50 -50 2 1
556869 557025 -50 -50 2 1
557439 557522 -50 -50 2 1
565249 565332 -50 -50 1 1
569130 569229 -50 -50 2 1
572598 572682 -50 -50 1 1
573503 573571 -50 -50 2 1
574241 574341 -50 -50 2 1
580738 580821 -50 -50 2 1
581198 581313 -50 -50 1 1
582797 582918 -50 -50 1 1
584570 584748 -50 -50 1 1
586032 586357 -50 -50 2 1
586776 586987 -50 -50 1 1
587400 587606 -50 -50 1 1
588717 589031 -50 -50 2 1
589533 589633 -50 -50 1 1
593080 593386 -50 -50 1 1
593918 593984 -50 -50 2 1
595393 595551 -50 -50 2 1
597754 597843 -50 -50 1 1
597930 598030 -50 -50 2 1
599747 599957 -50 -50 1 1
602150 602537 -50 -50 1 1
604413 604580 -50 -50 2 1
606675 607003 -50 -50 2 1
608149 608484 -50 -50 1 1
612326 612606 -50 -50 2 1
614545 614662 -50 -50 1 1
615890 616181 -50 -50 2 1
619784 619973 -50 -50 2 1
621123 621257 -50 -50 1 1
630568 630826 -50 -50 1 1
638658 638969 -50 -50 2 1
639407 639568 -50 -50 1 1
640216 640371 -50 -50 2 1
641648 641848 -50 -50 1 1
647110 647263 -50 -50 1 1
649967 650301 -50 -50 1 1
655869 655942 -50 -50 2 1
662945 663163 -50 -50 1 1
672110 672319 -50 -50 1 1
673021 673145 -50 -50 1 1
683983 684086 -50 -50 1 1
684470 684608 -50 -50 2 1
686787 686891 -50 -50 1 1
688365 688498 -50 -50 2 1
726105 726230 -50 -50 2 1
729964 730124 -50 -50 1 1
733317 733419 -50 -50 1 1
737094 737355 -50 -50 2 1
757991 758089 -50 -50 1 1
774633 774731 -50 -50 2 1
777913 778077 -50 -50 1 1
779364 779484 -50 -50 2 1
783895 784028 -50 -50 2 1
798154 798292 -50 -50 1 1
811716 811818 -50 -50 2 1
835306 835379 -50 -50 1 1
838105 838204 -50 -50 2 1
839785 839932 -50 -50 1 1
852246 852356 -50 -50 2 1
854588 854661 -50 -50 1 1
854766 854834 -50 -50 2 1
866360 866520 -50 -50 1 1
868266 868528 -50 -50 1 1
869779 869862 -50 -50 2 1
878324 878457 -50 -50 2 1
898853 899194 -50 -50 2 1
913570 913707 -50 -50 2 1
917559 917632 -50 -50 1 1
928188 928319 -50 -50 2 1
932331 932508 -50 -50 1 1
937865 937959 -50 -50 2 1
944080 944191 -50 -50 1 1
944504 944583 -50 -50 1 1
949009 949104 -50 -50 2 1
963957 964213 -50 -50 1 1
969376 969456 -50 -50 2 1
984854 984959 -50 -50 2 1
998731 998843 -50 -50 1 1
1001482 1001570 -50 -50 1 1
1022685 1022905 -50 -50 1 1
1033354 1033465 -50 -50 1 1
1041128 1041360 -50 -50 2 1
1044394 1044536 -50 -50 1 1
1066298 1066366 -50 -50 1 1
1067693 1067820 -50 -50 1 1
1073254 1073348 -50 -50 1 1
1075521 1075663 -50 -50 2 1
1083093 1083246 -50 -50 1 1
1083762 1083900 -50 -50 1 1
1088330 1088550 -50 -50 1 1
1089059 1089179 -50 -50 2 1
1095104 1095232 -50 -50 1 1
1100792 1100933 -50 -50 1 1
1107282 1107597 -50 -50 2 1
1128333 1128396 -50 -50 2 1
1130781 1130865 -50 -50 1 1
1135401 1135486 -50 -50 1 1
1147669 1148034 -50 -50 2 1
1148548 1148693 -50 -50 2 1
1149664 1149900 -50 -50 1 1
1154515 1154620 -50 -50 2 1
1155631 1155949 -50 -50 1 1
1156776 1156926 -50 -50 1 1
1157909 1158098 -50 -50 2 1
1160624 1160796 -50 -50 1 1
1161550 1161683 -50 -50 2 1
1162282 1162593 -50 -50 2 1
1165572 1165732 -50 -50 1 1
1166223 1166546 -50 -50 1 1
1166883 1167031 -50 -50 1 1
1167135 1167367 -50 -50 1 1
1173153 1173325 -50 -50 1 1
1173624 1173867 -50 -50 1 1
1181487 1181624 -50 -50 1 1
1201024 1201375 -50 -50 1 1
1205609 1205804 -50 -50 1 1
1211669 1211842 -50 -50 2 1
1222681 1222836 -50 -50 1 1
1223863 1223974 -50 -50 2 1
1224770 1225054 -50 -50 1 1
1333816 1333937 -50 -50 1 1
1335487 1335726 -50 -50 1 1
1340615 1340826 -50 -50 2 1
1340917 1340996 -50 -50 2 1
1342787 1342916 -50 -50 2 1
1343020 1343215 -50 -50 2 1
1343659 1343943 -50 -50 1 1
1344126 1344254 -50 -50 2 1
1346385 1346669 -50 -50 1 1
1346886 1346985 -50 -50 2 1
1347998 1348109 -50 -50 2 1
1348220 1348332 -50 -50 2 1
1348870 1349143 -50 -50 1 1
1352555 1353111 -50 -50 2 1
1354404 1354743 -50 -50 2 1
1355690 1355915 -50 -50 1 1
1356287 1356415 -50 -50 2 1
1358347 1358593 -50 -50 1 1
1359783 1359914 -50 -50 2 1
1360881 1361181 -50 -50 1 1
1362550 1362854 -50 -50 2 1
1363048 1363248 -50 -50 1 1
1364104 1364362 -50 -50 1 1
1365226 1365360 -50 -50 2 1
1365673 1365820 -50 -50 1 1
1365973 1366395 -50 -50 1 1
1369178 1369321 -50 -50 1 1
1369433 1369613 -50 -50 2 1
1370216 1370383 -50 -50 2 1
1374172 1374307 -50 -50 1 1
1375196 1375326 -50 -50 1 1
1378929 1379190 -50 -50 1 1
1379268 1379375 -50 -50 2 1
1381417 1381548 -50 -50 2 1
1382637 1382954 -50 -50 1 1
1383718 1384039 -50 -50 2 1
1386054 1386357 -50 -50 1 1
1387879 1388003 -50 -50 1 1
1389294 1389524 -50 -50 1 1
1389629 1389793 -50 -50 2 1
1390412 1390728 -50 -50 2 1
1391902 1392072 -50 -50 1 1
1393703 1393885 -50 -50 1 1
1394400 1394551 -50 -50 2 1
1394875 1395039 -50 -50 2 1
1395803 1395921 -50 -50 1 1
1397559 1397779 -50 -50 2 1
1399054 1399285 -50 -50 2 1
1399787 1400190 -50 -50 2 1
1400379 1400641 -50 -50 1 1
1400807 1401004 -50 -50 1 1
1401686 1401807 -50 -50 1 1
1402304 1402644 -50 -50 2 1
1403754 1403993 -50 -50 2 1
1404205 1404393 -50 -50 1 1
1404650 1404838 -50 -50 1 1
1407999 1408124 -50 -50 2 1
1409917 1410032 -50 -50 1 1
1412198 1412537 -50 -50 1 1
1413600 1413737 -50 -50 1 1
1414267 1414402 -50 -50 1 1
1415000 1415307 -50 -50 1 1
1415609 1415698 -50 -50 1 1
1416496 1416833 -50 -50 1 1
1418724 1419080 -50 -50 1 1
1420537 1420770 -50 -50 1 1
1425571 1425702 -50 -50 2 1
1427098 1427326 -50 -50 1 1
1427747 1427883 -50 -50 2 1
1428265 1428454 -50 -50 2 1
1429038 1429298 -50 -50 1 1
1430424 1430565 -50 -50 2 1
1431550 1431900 -50 -50 1 1
1431980 1432374 -50 -50 1 1
1435449 1435585 -50 -50 1 1
1436415 1436732 -50 -50 1 1
1437621 1437837 -50 -50 1 1
1438599 1438876 -50 -50 1 1
1439529 1439753 -50 -50 1 1
1440048 1440176 -50 -50 1 1
1441837 1442070 -50 -50 1 1
1442229 1442528 -50 -50 2 1
1443650 1443964 -50 -50 1 1
1445148 1445248 -50 -50 2 1
1446383 1446567 -50 -50 2 1
1447406 1447530 -50 -50 2 1
1447993 1448165 -50 -50 1 1
1448809 1449064 -50 -50 1 1
1449975 1450231 -50 -50 2 1
1451621 1451848 -50 -50 1 1
1453678 1454014 -50 -50 1 1
1455287 1455397 -50 -50 1 1
1455702 1455828 -50 -50 2 1
1456609 1456843 -50 -50 1 1
1458750 1458874 -50 -50 1 1
1458978 1459097 -50 -50 2 1
1459986 1460101 -50 -50 2 1
1461289 1461679 -50 -50 1 1
1462615 1462848 -50 -50 2 1
1463708 1464158 -50 -50 1 1
1465000 1465314 -50 -50 2 1
1466731 1467126 -50 -50 2 1
1467915 1468229 -50 -50 1 1
1470543 1470759 -50 -50 1 1
1473597 1474063 -50 -50 1 1
1474753 1474869 -50 -50 2 1
1477026 1477268 -50 -50 1 1
1477916 1478144 -50 -50 2 1
1479453 1479579 -50 -50 1 1
1479740 1479843 -50 -50 1 1
1482719 1482978 -50 -50 1 1
1486999 1487182 -50 -50 2 1
1488192 1488481 -50 -50 1 1
1489134 1489234 -50 -50 2 1
1489726 1490015 -50 -50 1 1
1490279 1490415 -50 -50 2 1
1491345 1491492 -50 -50 1 1
1492109 1492265 -50 -50 1 1
1493386 1493637 -50 -50 2 1
1494753 1495222 -50 -50 2 1
1496176 1496376 -50 -50 1 1
1497458 1497720 -50 -50 1 1
1498573 1498880 -50 -50 2 1
1500624 1500767 -50 -50 2 1
1501003 1501225 -50 -50 1 1
1502876 1503065 -50 -50 2 1
1504093 1504198 -50 -50 2 1
1506524 1506640 -50 -50 1 1
1507526 1508054 -50 -50 2 1
1509226 1509359 -50 -50 1 1
1510603 1510728 -50 -50 2 1
1511747 1511904 -50 -50 2 1
1511966 1512095 -50 -50 1 1
1514451 1514692 -50 -50 1 1
1516348 1516554 -50 -50 1 1
1517148 1517420 -50 -50 1 1
1517588 1517839 -50 -50 2 1
1519567 1519678 -50 -50 2 1
1521024 1521182 -50 -50 1 1
1522361 1522524 -50 -50 2 1
1523577 1523776 -50 -50 1 1
1524232 1524520 -50 -50 1 1
1525270 1525543 -50 -50 2 1
1526903 1527013 -50 -50 2 1
1529226 1529395 -50 -50 1 1
1529994 1530236 -50 -50 1 1
1530313 1530463 -50 -50 2 1
1532107 1532330 -50 -50 2 1
1533079 1533284 -50 -50 1 1
1533591 1533781 -50 -50 1 1
1534390 1534644 -50 -50 2 1
1538521 1538863 -50 -50 1 1
1540139 1540327 -50 -50 1 1
1541676 1541924 -50 -50 1 1
1542652 1542912 -50 -50 1 1
1543846 1543973 -50 -50 1 1
1545558 1545699 -50 -50 2 1
1547677 1547876 -50 -50 1 1
1549529 1549848 -50 -50 2 1
1550287 1550470 -50 -50 1 1
1552180 1552445 -50 -50 2 1
1552990 1553246 -50 -50 2 1
1554204 1554432 -50 -50 1 1
1555359 1555582 -50 -50 2 1
1556632 1556898 -50 -50 2 1
1557087 1557154 -50 -50 1 1
1559017 1559195 -50 -50 2 1
1559460 1559637 -50 -50 1 1
1560168 1560313 -50 -50 2 1
1561482 1561565 -50 -50 2 1
1564429 1564597 -50 -50 1 1
1565650 1565917 -50 -50 2 1
1566873 1567104 -50 -50 2 1
1567933 1568173 -50 -50 2 1
1569282 1569443 -50 -50 2 1
1571923 1572026 -50 -50 1 1
1575516 1575642 -50 -50 1 1
1577494 1577572 -50 -50 2 1
1578919 1579091 -50 -50 1 1
1579899 1580280 -50 -50 2 1
1582617 1582884 -50 -50 1 1
1584476 1584649 -50 -50 2 1
1585419 1585591 -50 -50 2 1
1586840 1587029 -50 -50 2 1
1587418 1587528 -50 -50 2 1
1588977 1589321 -50 -50 1 1
1591272 1591591 -50 -50 2 1
1592582 1592737 -50 -50 2 1
1597215 1597449 -50 -50 1 1
1599122 1599563 -50 -50 1 1
1599900 1600064 -50 -50 2 1
1602301 1602609 -50 -50 1 1
1604279 1604734 -50 -50 2 1
1606020 1606187 -50 -50 1 1
1608643 1608787 -50 -50 2 1
1609675 1609797 -50 -50 1 1
1610693 1611045 -50 -50 2 1
1611543 1611787 -50 -50 2 1
1612589 1612950 -50 -50 2 1
1613629 1613791 -50 -50 1 1
1613959 1614037 -50 -50 1 1
1616292 1616409 -50 -50 2 1
1620279 1620484 -50 -50 2 1
1620882 1621013 -50 -50 1 1
1621570 1621676 -50 -50 1 1
1622526 1622770 -50 -50 1 1
1623505 1623665 -50 -50 2 1
1624482 1625052 -50 -50 2 1
1632707 1633131 -50 -50 1 1
1635085 1635399 -50 -50 2 1
1637716 1637953 -50 -50 1 1
1638299 1638409 -50 -50 2 1
1638754 1638923 -50 -50 2 1
1639425 1639613 -50 -50 2 1
1639782 1639998 -50 -50 1 1
1641093 1641232 -50 -50 2 1
1644346 1644676 -50 -50 1 1
1645387 1645604 -50 -50 2 1
1646193 1646376 -50 -50 1 1
1647176 1647393 -50 -50 2 1
1648267 1648492 -50 -50 1 1
1649176 1649293 -50 -50 2 1
1654772 1654882 -50 -50 2 1
1655906 1656429 -50 -50 2 1
1657755 1658052 -50 -50 2 1
1658896 1659165 -50 -50 2 1
1660351 1660513 -50 -50 2 1
1661064 1661197 -50 -50 1 1
1661262 1661430 -50 -50 1 1
1662359 1662652 -50 -50 1 1
1663903 1664243 -50 -50 2 1
1664923 1664991 -50 -50 2 1
1666122 1666290 -50 -50 2 1
1667944 1668210 -50 -50 2 1
1669009 1669182 -50 -50 2 1
1670108 1670329 -50 -50 1 1
1671543 1671857 -50 -50 2 1
1672483 1672593 -50 -50 2 1
1674787 1675037 -50 -50 2 1
1675952 1676104 -50 -50 2 1
1676635 1676755 -50 -50 1 1
1677010 1677188 -50 -50 2 1
1677303 1677672 -50 -50 2 1
1677801 1677906 -50 -50 1 1
1678800 1679018 -50 -50 2 1
1679392 1679585 -50 -50 2 1
1680976 1681139 -50 -50 1 1
1682193 1682309 -50 -50 2 1
1682890 1682995 -50 -50 2 1
1685695 1685847 -50 -50 1 1
1686309 1686537 -50 -50 2 1
1687772 1688179 -50 -50 1 1
1689374 1689794 -50 -50 1 1
1690487 1690626 -50 -50 1 1
1691726 1691948 -50 -50 2 1
1693509 1693693 -50 -50 2 1
1695846 1696013 -50 -50 1 1
1698270 1698428 -50 -50 2 1
1699147 1699372 -50 -50 2 1
1702672 1702767 -50 -50 1 1
1703624 1703692 -50 -50 2 1
1706435 1706591 -50 -50 1 1
1707868 1708275 -50 -50 2 1
1710715 1710859 -50 -50 2 1
1711685 1711832 -50 -50 2 1
1711969 1712107 -50 -50 1 1
1712738 1713058 -50 -50 1 1
1713682 1714009 -50 -50 2 1
1714615 1714920 -50 -50 1 1
1715912 1716006 -50 -50 2 1
1719550 1719694 -50 -50 2 1
1719926 1720048 -50 -50 2 1
1720351 1720513 -50 -50 2 1
1720661 1720827 -50 -50 1 1
1722385 1722633 -50 -50 2 1
1723059 1723176 -50 -50 1 1
1724012 1724243 -50 -50 1 1
1725223 1725424 -50 -50 2 1
1726315 1726418 -50 -50 2 1
1727575 1727730 -50 -50 1 1
1732028 1732192 -50 -50 2 1
1732958 1733158 -50 -50 1 1
1733517 1733611 -50 -50 2 1
1733888 1734052 -50 -50 2 1
1738442 1738547 -50 -50 2 1
1739332 1739482 -50 -50 2 1
1740958 1741115 -50 -50 1 1
1742575 1742810 -50 -50 2 1
1743542 1743719 -50 -50 1 1
1745076 1745270 -50 -50 2 1
1745937 1746237 -50 -50 2 1
1747205 1747396 -50 -50 2 1
1748161 1748341 -50 -50 1 1
1748428 1748579 -50 -50 2 1
1749462 1749758 -50 -50 1 1
1750415 1750681 -50 -50 1 1
1751861 1751997 -50 -50 2 1
1754033 1754175 -50 -50 1 1
1754737 1754976 -50 -50 2 1
1756337 1756702 -50 -50 2 1
1757562 1757912 -50 -50 2 1
1758704 1758854 -50 -50 1 1
1759592 1759702 -50 -50 1 1
1761150 1761358 -50 -50 2 1
1762898 1763252 -50 -50 2 1
1763830 1764171 -50 -50 1 1
1765131 1765330 -50 -50 2 1
1767359 1767699 -50 -50 2 1
1770209 1770393 -50 -50 1 1
1770978 1771096 -50 -50 1 1
1771636 1771709 -50 -50 1 1
1772615 1772782 -50 -50 2 1
1773892 1774050 -50 -50 2 1
1775062 1775156 -50 -50 1 1
1776165 1776340 -50 -50 1 1
1777055 1777305 -50 -50 2 1
1779925 1780154 -50 -50 2 1
1781132 1781315 -50 -50 1 1
1789398 1789512 -50 -50 2 1
1790366 1790570 -50 -50 1 1
1793252 1793694 -50 -50 2 1
1795266 1795788 -50 -50 2 1
1797493 1797659 -50 -50 1 1
1798676 1798820 -50 -50 1 1
1800404 1800613 -50 -50 1 1
1801455 1801617 -50 -50 2 1
1802198 1802304 -50 -50 2 1
1802480 1802679 -50 -50 1 1
1806114 1806268 -50 -50 1 1
1807170 1807354 -50 -50 1 1
1808409 1808659 -50 -50 1 1
1809094 1809327 -50 -50 1 1
1810887 1810998 -50 -50 2 1
1811536 1811835 -50 -50 2 1
1818558 1818699 -50 -50 1 1
1819885 1820139 -50 -50 2 1
1821187 1821404 -50 -50 2 1
1822199 1822293 -50 -50 1 1
1822609 1822720 -50 -50 2 1
1823060 1823220 -50 -50 1 1
1829582 1829732 -50 -50 2 1
1838148 1838298 -50 -50 1 1
1839778 1840122 -50 -50 1 1
1842039 1842266 -50 -50 2 1
1845818 1846010 -50 -50 1 1
1849196 1849259 -50 -50 1 1
1853125 1853239 -50 -50 2 1
1856501 1856730 -50 -50 2 1
1857482 1857643 -50 -50 1 1
1859062 1859314 -50 -50 2 1
1871375 1871528 -50 -50 1 1
1872474 1872620 -50 -50 2 1
1881860 1882031 -50 -50 1 1
1882601 1882790 -50 -50 2 1
1884519 1884681 -50 -50 2 1
1885576 1885714 -50 -50 1 1
1886766 1887133 -50 -50 2 1
1887782 1888152 -50 -50 2 1
1889700 1890119 -50 -50 1 1
1891749 1891878 -50 -50 2 1
1893782 1893993 -50 -50 2 1
1894437 1894620 -50 -50 2 1
1895065 1895190 -50 -50 2 1
1896760 1897003 -50 -50 1 1
1897070 1897198 -50 -50 2 1
1897656 1898164 -50 -50 2 1
1899092 1899366 -50 -50 2 1
1900113 1900243 -50 -50 1 1
1901562 1901671 -50 -50 1 1
1903910 1904082 -50 -50 2 1
1904923 1905257 -50 -50 1 1
1906132 1906354 -50 -50 2 1
1906722 1906863 -50 -50 2 1
1906994 1907316 -50 -50 1 1
1907503 1907849 -50 -50 2 1
1909300 1909534 -50 -50 1 1
1911972 1912404 -50 -50 1 1
1912792 1913143 -50 -50 2 1
1913931 1914363 -50 -50 1 1
1916225 1916591 -50 -50 2 1
1920803 1921012 -50 -50 2 1
1921423 1921592 -50 -50 1 1
1923448 1923657 -50 -50 2 1
2209372 2209478 -50 -50 2 1
2211676 2211832 -50 -50 1 1
2212082 2212187 -50 -50 2 1
2212611 2212928 -50 -50 1 1
2239785 2239944 -50 -50 1 1
2240448 2240737 -50 -50 2 1
2240964 2241053 -50 -50 1 1
2241458 2241659 -50 -50 2 1
2241996 2242132 -50 -50 2 1
2242748 2242989 -50 -50 1 1
2244424 2244601 -50 -50 2 1
2247187 2247348 -50 -50 2 1
2248604 2248898 -50 -50 1 1
2249387 2249620 -50 -50 1 1
2250500 2250855 -50 -50 1 1
2254707 2254877 -50 -50 2 1
2256283 2256557 -50 -50 2 1
2259152 2259351 -50 -50 1 1
2259873 2259985 -50 -50 2 1
2262759 2263048 -50 -50 2 1
2263642 2263827 -50 -50 1 1
2265301 2265509 -50 -50 2 1
2266314 2266563 -50 -50 2 1
2267654 2267915 -50 -50 1 1
2269026 2269143 -50 -50 2 1
2272777 2272896 -50 -50 1 1
2274012 2274358 -50 -50 2 1
2274854 2274937 -50 -50 2 1
2275323 2275660 -50 -50 1 1
2276332 2276632 -50 -50 1 1
2276902 2277059 -50 -50 2 1
2277506 2277791 -50 -50 2 1
2278676 2278965 -50 -50 2 1
2280329 2280479 -50 -50 1 1
2281437 2281510 -50 -50 2 1
2283038 2283257 -50 -50 2 1
2283948 2284508 -50 -50 1 1
2285865 2285993 -50 -50 1 1
2287325 2287440 -50 -50 1 1
2288351 2288522 -50 -50 1 1
2291654 2291870 -50 -50 1 1
2293147 2293417 -50 -50 1 1
2294809 2295124 -50 -50 2 1
2296278 2296412 -50 -50 2 1
2297240 2297784 -50 -50 1 1
2298578 2298681 -50 -50 2 1
2299599 2299877 -50 -50 2 1
2300950 2301077 -50 -50 1 1
2302554 2302732 -50 -50 2 1
2304930 2305175 -50 -50 1 1
2305659 2305882 -50 -50 1 1
2307647 2307800 -50 -50 2 1
2308752 2308945 -50 -50 1 1
2310504 2310782 -50 -50 1 1
2312665 2312904 -50 -50 2 1
2313900 2314122 -50 -50 1 1
2314865 2315302 -50 -50 2 1
2318488 2318567 -50 -50 2 1
2319119 2319365 -50 -50 2 1
2320793 2320971 -50 -50 2 1
2322299 2322388 -50 -50 1 1
2328159 2328265 -50 -50 1 1
2329482 2329593 -50 -50 2 1
2331398 2331509 -50 -50 1 1
2332740 2332887 -50 -50 1 1
2333263 2333582 -50 -50 2 1
2334389 2334592 -50 -50 1 1
2334670 2334826 -50 -50 2 1
2367434 2367567 -50 -50 2 1
2370267 2370374 -50 -50 1 1
2371310 2371476 -50 -50 1 1
2372657 2372807 -50 -50 2 1
2373482 2373781 -50 -50 1 1
2374587 2374720 -50 -50 2 1
2376037 2376248 -50 -50 2 1
2377421 2377552 -50 -50 2 1
2378578 2378756 -50 -50 2 1
2379476 2379582 -50 -50 1 1
2379666 2379768 -50 -50 1 1
2380482 2380662 -50 -50 1 1
2381596 2381768 -50 -50 2 1
2382053 2382354 -50 -50 2 1
2383008 2383185 -50 -50 2 1
2384639 2384837 -50 -50 1 1
2385461 2385634 -50 -50 1 1
2387263 2387401 -50 -50 2 1
2388707 2388879 -50 -50 2 1
2390032 2390165 -50 -50 1 1
2391294 2391624 -50 -50 2 1
2392054 2392282 -50 -50 1 1
2393289 2393488 -50 -50 2 1
2394117 2394249 -50 -50 2 1
2395415 2395659 -50 -50 1 1
2396104 2396393 -50 -50 2 1
2397352 2397589 -50 -50 2 1
2397833 2398188 -50 -50 1 1
2400100 2400380 -50 -50 2 1
2401476 2401715 -50 -50 2 1
2402537 2402787 -50 -50 1 1
2408289 2408531 -50 -50 2 1
2409571 2409681 -50 -50 1 1
2409984 2410181 -50 -50 1 1
2410987 2411126 -50 -50 2 1
2411304 2411465 -50 -50 2 1
2412196 2412434 -50 -50 1 1
2413866 2413971 -50 -50 2 1
2420401 2420600 -50 -50 2 1
2422343 2422782 -50 -50 2 1
2424579 2424820 -50 -50 1 1
2426918 2427086 -50 -50 2 1
2427873 2428036 -50 -50 2 1
2429337 2429639 -50 -50 1 1
2438482 2438615 -50 -50 2 1
2439165 2439498 -50 -50 2 1
2440388 2440736 -50 -50 1 1
2441156 2441546 -50 -50 2 1
2442272 2442423 -50 -50 1 1
2443067 2443373 -50 -50 1 1
2444332 2444448 -50 -50 1 1
2445165 2445326 -50 -50 2 1
2445532 2445704 -50 -50 2 1
2446713 2446930 -50 -50 1 1
2447814 2448038 -50 -50 2 1
2449676 2449793 -50 -50 2 1
2450721 2450968 -50 -50 1 1
2451982 2452159 -50 -50 2 1
2453163 2453366 -50 -50 1 1
2453781 2453934 -50 -50 2 1
2454582 2454697 -50 -50 1 1
2455932 2456126 -50 -50 1 1
2458744 2458874 -50 -50 2 1
2459604 2459909 -50 -50 2 1
2461059 2461232 -50 -50 2 1
2462223 2462368 -50 -50 1 1
2463318 2463563 -50 -50 2 1
2464549 2464791 -50 -50 2 1
2465926 2466209 -50 -50 1 1
2466613 2466761 -50 -50 1 1
2467236 2467351 -50 -50 2 1
2467970 2468156 -50 -50 2 1
2468517 2468753 -50 -50 1 1
2469904 2470123 -50 -50 2 1
2475009 2475132 -50 -50 2 1
2476204 2476426 -50 -50 1 1
2478788 2479024 -50 -50 2 1
2479479 2479685 -50 -50 2 1
2480126 2480348 -50 -50 2 1
2480841 2481036 -50 -50 1 1
2481648 2481954 -50 -50 2 1
2485846 2486179 -50 -50 1 1
2487365 2487593 -50 -50 1 1
2488348 2488604 -50 -50 2 1
2490405 2490543 -50 -50 2 1
2491727 2491952 -50 -50 1 1
2492832 2492982 -50 -50 2 1
2493320 2493482 -50 -50 2 1
2494251 2494352 -50 -50 1 1
2495360 2495596 -50 -50 2 1
2495820 2495965 -50 -50 2 1
2497054 2497320 -50 -50 1 1
2497709 2497904 -50 -50 2 1
2498491 2498638 -50 -50 2 1
2501463 2501673 -50 -50 2 1
2502470 2502787 -50 -50 2 1
2503576 2503715 -50 -50 2 1
2505172 2505287 -50 -50 1 1
2505749 2506002 -50 -50 1 1
2511781 2512008 -50 -50 1 1
2513332 2513537 -50 -50 1 1
2515204 2515382 -50 -50 1 1
2516198 2516304 -50 -50 1 1
2517726 2517854 -50 -50 2 1
2519679 2519852 -50 -50 2 1
2520937 2521115 -50 -50 1 1
2522109 2522298 -50 -50 2 1
2522598 2522859 -50 -50 2 1
2523404 2523620 -50 -50 1 1
2524565 2524759 -50 -50 2 1
2525559 2525893 -50 -50 2 1
2527733 2527912 -50 -50 1 1
2528765 2528976 -50 -50 2 1
2529632 2529948 -50 -50 2 1
2532102 2532245 -50 -50 2 1
2532626 2533018 -50 -50 2 1
2533604 2534120 -50 -50 2 1
2534719 2534954 -50 -50 1 1
2536815 2537037 -50 -50 2 1
2537836 2538114 -50 -50 2 1
2539223 2539409 -50 -50 1 1
2539854 2540032 -50 -50 1 1
2540551 2540737 -50 -50 2 1
2541087 2541248 -50 -50 1 1
2542248 2542543 -50 -50 2 1
2543393 2543548 -50 -50 2 1
2544465 2544615 -50 -50 1 1
2547053 2547320 -50 -50 2 1
2548199 2548539 -50 -50 2 1
2550673 2550998 -50 -50 2 1
2552049 2552509 -50 -50 1 1
2553017 2553461 -50 -50 1 1
2554209 2554366 -50 -50 2 1
2555224 2555622 -50 -50 1 1
2556315 2556687 -50 -50 2 1
2557349 2557909 -50 -50 2 1
2558786 2559036 -50 -50 2 1
2559931 2560024 -50 -50 1 1
2561604 2561765 -50 -50 1 1
2562587 2562815 -50 -50 2 1
2564755 2565121 -50 -50 1 1
2565257 2565393 -50 -50 1 1
2565681 2565807 -50 -50 1 1
2566209 2566340 -50 -50 1 1
2567112 2567392 -50 -50 2 1
2567670 2567932 -50 -50 2 1
2568932 2569154 -50 -50 1 1
2569774 2569984 -50 -50 1 1
2571333 2571464 -50 -50 2 1
2571872 2572128 -50 -50 2 1
2573117 2573248 -50 -50 1 1
2574017 2574184 -50 -50 2 1
2575020 2575232 -50 -50 2 1
2576465 2576726 -50 -50 1 1
2579169 2579436 -50 -50 2 1
2582804 2582959 -50 -50 2 1
2585834 2586043 -50 -50 2 1
2587665 2587882 -50 -50 1 1
2588674 2588794 -50 -50 1 1
2588976 2589237 -50 -50 2 1
2590095 2590241 -50 -50 2 1
2590565 2590738 -50 -50 1 1
2592336 2592447 -50 -50 2 1
2612444 2612559 -50 -50 2 1
2614542 2614683 -50 -50 2 1
2616645 2616764 -50 -50 1 1
2628660 2628822 -50 -50 2 1
2629854 2629982 -50 -50 1 1
2630949 2631069 -50 -50 1 1
2632790 2632957 -50 -50 2 1
2633551 2633676 -50 -50 1 1
2635765 2636020 -50 -50 1 1
2637161 2637429 -50 -50 1 1
2638498 2638665 -50 -50 2 1
2640765 2641026 -50 -50 2 1
2641617 2641769 -50 -50 1 1
2642603 2642865 -50 -50 1 1
2643529 2643765 -50 -50 2 1
2644304 2644637 -50 -50 2 1
2645376 2645481 -50 -50 1 1
2646223 2646396 -50 -50 2 1
2647092 2647390 -50 -50 2 1
2648784 2648889 -50 -50 1 1
2649620 2649837 -50 -50 2 1
2650754 2650976 -50 -50 1 1
2652208 2652590 -50 -50 2 1
2653165 2653631 -50 -50 2 1
2654471 2654797 -50 -50 1 1
2655284 2655461 -50 -50 2 1
2655838 2655969 -50 -50 1 1
2661995 2662126 -50 -50 1 1
2662999 2663182 -50 -50 1 1
2665170 2665620 -50 -50 1 1
2666415 2666739 -50 -50 2 1
2667582 2667890 -50 -50 2 1
2668898 2669054 -50 -50 1 1
2671808 2672096 -50 -50 1 1
2673632 2673865 -50 -50 1 1
2675248 2675493 -50 -50 2 1
2677059 2677193 -50 -50 2 1
2677365 2677565 -50 -50 1 1
2680454 2680776 -50 -50 1 1
2687117 2687258 -50 -50 2 1
2688294 2688634 -50 -50 2 1
2691022 2691168 -50 -50 1 1
2692519 2692790 -50 -50 1 1
2693792 2694038 -50 -50 1 1
2694692 2694875 -50 -50 2 1
2696209 2696339 -50 -50 1 1
2697610 2697741 -50 -50 1 1
2698732 2698909 -50 -50 2 1
2701398 2701612 -50 -50 1 1
2702282 2702460 -50 -50 2 1
2704583 2704824 -50 -50 2 1
2709605 2709987 -50 -50 1 1
2710495 2710892 -50 -50 1 1
2711429 2711817 -50 -50 2 1
2712430 2712801 -50 -50 2 1
2713948 2714098 -50 -50 1 1
2714676 2714770 -50 -50 1 1
2715001 2715226 -50 -50 2 1
2716059 2716287 -50 -50 2 1
2717298 2717434 -50 -50 1 1
2719111 2719218 -50 -50 2 1
2720276 2720487 -50 -50 2 1
2721804 2722016 -50 -50 1 1
2722954 2723070 -50 -50 2 1
2724590 2724835 -50 -50 1 1
2727707 2727859 -50 -50 2 1
2729487 2729665 -50 -50 1 1
2730642 2730977 -50 -50 1 1
2733415 2733537 -50 -50 2 1
2734732 2734976 -50 -50 2 1
2735804 2736020 -50 -50 2 1
2736737 2736876 -50 -50 2 1
2737637 2737926 -50 -50 2 1
2738493 2738698 -50 -50 1 1
2740934 2741040 -50 -50 1 1
2741148 2741370 -50 -50 2 1
2742249 2742403 -50 -50 2 1
2743070 2743270 -50 -50 1 1
2743654 2743722 -50 -50 1 1
2744469 2744576 -50 -50 2 1
2745234 2745380 -50 -50 2 1
2746043 2746320 -50 -50 1 1
2746860 2746978 -50 -50 1 1
2748038 2748127 -50 -50 2 1
2748592 2748702 -50 -50 2 1
2750893 2751037 -50 -50 2 1
2752769 2752978 -50 -50 1 1
2757359 2757443 -50 -50 1 1
2762041 2762198 -50 -50 2 1
2762959 2763104 -50 -50 2 1
2764087 2764259 -50 -50 1 1
2765910 2766039 -50 -50 1 1
2768165 2768298 -50 -50 1 1
2781376 2781559 -50 -50 2 1
2782317 2782395 -50 -50 2 1
2784273 2784341 -50 -50 1 1
2784733 2784869 -50 -50 1 1
2786524 2786648 -50 -50 1 1
2788382 2788626 -50 -50 1 1
2796459 2796746 -50 -50 2 1
2799488 2799634 -50 -50 1 1
2800666 2800790 -50 -50 2 1
2802396 2802548 -50 -50 1 1
2808965 2809098 -50 -50 2 1
2812537 2812648 -50 -50 1 1
2813087 2813204 -50 -50 2 1
2816134 2816495 -50 -50 2 1
2817166 2817302 -50 -50 1 1
2819854 2819987 -50 -50 2 1
2823205 2823299 -50 -50 2 1
2831026 2831154 -50 -50 2 1
2831687 2831787 -50 -50 2 1
2842443 2842598 -50 -50 2 1
2845754 2845932 -50 -50 1 1
2859527 2859595 -50 -50 1 1
2861704 2861843 -50 -50 2 1
2871270 2871527 -50 -50 1 1
2872237 2872463 -50 -50 2 1
2882226 2882376 -50 -50 1 1
2889110 2889221 -50 -50 1 1
2893154 2893365 -50 -50 1 1
2894054 2894354 -50 -50 2 1
2895610 2895783 -50 -50 1 1
2898315 2898378 -50 -50 1 1
2918096 2918237 -50 -50 2 1
2941882 2941955 -50 -50 2 1
2945809 2945898 -50 -50 1 1
3000554 3000704 -50 -50 1 1
3002826 3002963 -50 -50 2 1
3003389 3003527 -50 -50 1 1
3004042 3004135 -50 -50 2 1
3034787 3034932 -50 -50 2 1
3042015 3042176 -50 -50 1 1
3050443 3050570 -50 -50 1 1
3054231 3054367 -50 -50 2 1
3055165 3055265 -50 -50 2 1
3057593 3057832 -50 -50 1 1
3061237 3061359 -50 -50 2 1
3064740 3064896 -50 -50 2 1
3066168 3066268 -50 -50 1 1
3068191 3068445 -50 -50 2 1
3069687 3069920 -50 -50 2 1
3070454 3070770 -50 -50 1 1
3071309 3071609 -50 -50 2 1
3072779 3072931 -50 -50 2 1
3073682 3074098 -50 -50 2 1
3074898 3075202 -50 -50 2 1
3076043 3076298 -50 -50 1 1
3078370 3078820 -50 -50 1 1
3081864 3082131 -50 -50 1 1
3085039 3085222 -50 -50 2 1
3088021 3088215 -50 -50 2 1
3091226 3091420 -50 -50 1 1
3317620 3317837 -50 -50 1 1
3322599 3322693 -50 -50 1 1
3323886 3324127 -50 -50 2 1
3326154 3326343 -50 -50 1 1
3327143 3327415 -50 -50 1 1
3330163 3330467 -50 -50 2 1
3331848 3332010 -50 -50 2 1
3332533 3332810 -50 -50 1 1
3334739 3335037 -50 -50 2 1
3336000 3336136 -50 -50 1 1
3338715 3338893 -50 -50 1 1
3339658 3339909 -50 -50 2 1
3340259 3340547 -50 -50 2 1
3341259 3341420 -50 -50 1 1
3343308 3343552 -50 -50 1 1
3344093 3344460 -50 -50 2 1
3345297 3345480 -50 -50 2 1
3345652 3345835 -50 -50 2 1
3346432 3346720 -50 -50 1 1
3347490 3347887 -50 -50 2 1
3350548 3350798 -50 -50 1 1
3353370 3353570 -50 -50 1 1
3357494 3357726 -50 -50 1 1
3359651 3359923 -50 -50 1 1
3361420 3361629 -50 -50 2 1
3362540 3362957 -50 -50 2 1
3363493 3363737 -50 -50 2 1
3364443 3364770 -50 -50 1 1
3365548 3365765 -50 -50 2 1
3366846 3367071 -50 -50 1 1
3371341 3371603 -50 -50 2 1
3372652 3373034 -50 -50 1 1
3374734 3375027 -50 -50 2 1
3375341 3375519 -50 -50 2 1
3377413 3377669 -50 -50 1 1
3380909 3381120 -50 -50 2 1
3381728 3381875 -50 -50 1 1
3382560 3382780 -50 -50 1 1
3390291 3390406 -50 -50 2 1
3390510 3390709 -50 -50 2 1
3391976 3392159 -50 -50 1 1
3393508 3393807 -50 -50 2 1
3395530 3395911 -50 -50 2 1
3401324 3401653 -50 -50 1 1
3403526 3403631 -50 -50 2 1
3404095 3404229 -50 -50 1 1
3404661 3404902 -50 -50 2 1
3405577 3405954 -50 -50 2 1
3406393 3406801 -50 -50 1 1
3407491 3407664 -50 -50 2 1
3408634 3408924 -50 -50 2 1
3410603 3410881 -50 -50 1 1
3415776 3416020 -50 -50 1 1
3417168 3417268 -50 -50 2 1
3418696 3418879 -50 -50 1 1
3421484 3421662 -50 -50 2 1
3422493 3422920 -50 -50 1 1
3428138 3428337 -50 -50 1 1
3429210 3429456 -50 -50 2 1
3431902 3432244 -50 -50 1 1
3433126 3433437 -50 -50 1 1
3434345 3434747 -50 -50 2 1
3437032 3437187 -50 -50 2 1
3442193 3442637 -50 -50 2 1
3443682 3444080 -50 -50 2 1
3444953 3445173 -50 -50 1 1
3446130 3446575 -50 -50 2 1
3446855 3447059 -50 -50 2 1
3447454 3447654 -50 -50 2 1
3448487 3448712 -50 -50 1 1
3449371 3449637 -50 -50 2 1
3454937 3455339 -50 -50 1 1
3456732 3456970 -50 -50 2 1
3459088 3459339 -50 -50 1 1
3460071 3460292 -50 -50 2 1
3460985 3461115 -50 -50 2 1
3461236 3461371 -50 -50 2 1
3462048 3462393 -50 -50 2 1
3463698 3464082 -50 -50 1 1
3466209 3466455 -50 -50 2 1
3467109 3467257 -50 -50 1 1
3468094 3468326 -50 -50 2 1
3469312 3469587 -50 -50 1 1
3470876 3471210 -50 -50 1 1
3471854 3472076 -50 -50 2 1
3472726 3473009 -50 -50 2 1
3474193 3474493 -50 -50 2 1
3482556 3482970 -50 -50 2 1
3484037 3484230 -50 -50 2 1
3484311 3484475 -50 -50 1 1
3485266 3485481 -50 -50 1 1
3486131 3486296 -50 -50 2 1
3487309 3487593 -50 -50 2 1
3488180 3488567 -50 -50 2 1
3488954 3489137 -50 -50 2 1
3490199 3490413 -50 -50 1 1
3491170 3491415 -50 -50 2 1
3493086 3493374 -50 -50 1 1
3494073 3494282 -50 -50 1 1
3494797 3494959 -50 -50 2 1
3496047 3496298 -50 -50 2 1
3496827 3497172 -50 -50 2 1
3498584 3498726 -50 -50 1 1
3499634 3500086 -50 -50 2 1
3500719 3500952 -50 -50 2 1
3501948 3502319 -50 -50 1 1
3503292 3503643 -50 -50 1 1
3504668 3504914 -50 -50 2 1
3505479 3505782 -50 -50 2 1
3506938 3507174 -50 -50 1 1
3511756 3511897 -50 -50 2 1
3513221 3513540 -50 -50 2 1
3514659 3514859 -50 -50 1 1
3515240 3515522 -50 -50 2 1
3516344 3516600 -50 -50 1 1
3517308 3517409 -50 -50 1 1
3517960 3518201 -50 -50 2 1
3518693 3518932 -50 -50 2 1
3519098 3519251 -50 -50 2 1
3519901 3520450 -50 -50 2 1
3522668 3522814 -50 -50 1 1
3523175 3523400 -50 -50 1 1
3523803 3524012 -50 -50 2 1
3525437 3525570 -50 -50 1 1
3540570 3540876 -50 -50 2 1
3543472 3543728 -50 -50 1 1
3544291 3544605 -50 -50 1 1
3545628 3545772 -50 -50 2 1
3547437 3547615 -50 -50 1 1
3549106 3549206 -50 -50 2 1
3550536 3550641 -50 -50 1 1
3551559 3551627 -50 -50 2 1
3552278 3552528 -50 -50 2 1
3556054 3556204 -50 -50 1 1
3558312 3558422 -50 -50 2 1
3559583 3560002 -50 -50 2 1
3591198 3591368 -50 -50 1 1
3592665 3593037 -50 -50 2 1
3593674 3594000 -50 -50 2 1
3594576 3594859 -50 -50 2 1
3595704 3595866 -50 -50 2 1
3596861 3597021 -50 -50 1 1
3597504 3597832 -50 -50 1 1
3598437 3598659 -50 -50 2 1
3599037 3599165 -50 -50 2 1
3599532 3599743 -50 -50 2 1
3600658 3600867 -50 -50 1 1
3601829 3602075 -50 -50 2 1
3606422 3606720 -50 -50 2 1
3606982 3607317 -50 -50 2 1
3615872 3616008 -50 -50 2 1
3617933 3618032 -50 -50 1 1
3618609 3618748 -50 -50 2 1
3621176 3621318 -50 -50 1 1
3622196 3622359 -50 -50 1 1
3622944 3623258 -50 -50 2 1
3623651 3623797 -50 -50 1 1
3625265 3625441 -50 -50 2 1
3626010 3626585 -50 -50 2 1
3627235 3627428 -50 -50 1 1
3628463 3628631 -50 -50 2 1
3629661 3629923 -50 -50 2 1
3630535 3630775 -50 -50 2 1
3631455 3631555 -50 -50 1 1
3632790 3633040 -50 -50 2 1
3634513 3634617 -50 -50 2 1
3635059 3635415 -50 -50 1 1
3636396 3636584 -50 -50 2 1
3638881 3639210 -50 -50 1 1
3639462 3639744 -50 -50 1 1
3640136 3640539 -50 -50 2 1
3641765 3641993 -50 -50 1 1
3643120 3643315 -50 -50 2 1
3643998 3644287 -50 -50 2 1
3644748 3644926 -50 -50 1 1
3645017 3645100 -50 -50 1 1
3645545 3645692 -50 -50 2 1
3646532 3646909 -50 -50 2 1
3647979 3648090 -50 -50 2 1
3649446 3649632 -50 -50 2 1
3651213 3651438 -50 -50 2 1
3652332 3652509 -50 -50 1 1
3653237 3653645 -50 -50 1 1
3654267 3654682 -50 -50 1 1
3656454 3656758 -50 -50 2 1
3657720 3658270 -50 -50 1 1
3659248 3659415 -50 -50 2 1
3661748 3661932 -50 -50 2 1
3663048 3663387 -50 -50 2 1
3664578 3664819 -50 -50 1 1
3665405 3665776 -50 -50 2 1
3666504 3666869 -50 -50 1 1
3667638 3667947 -50 -50 2 1
3668989 3669133 -50 -50 2 1
3670648 3670820 -50 -50 1 1
3673923 3674248 -50 -50 1 1
3675299 3675540 -50 -50 2 1
3676586 3676790 -50 -50 2 1
3678487 3678676 -50 -50 1 1
3680985 3681221 -50 -50 1 1
3682649 3682743 -50 -50 2 1
3683528 3683664 -50 -50 1 1
3684754 3685209 -50 -50 1 1
3685939 3686049 -50 -50 2 1
3691683 3691923 -50 -50 1 1
3692985 3693294 -50 -50 2 1
3694670 3694957 -50 -50 1 1
3695167 3695256 -50 -50 2 1
3696108 3696234 -50 -50 1 1
3697521 3697704 -50 -50 1 1
3698730 3698857 -50 -50 2 1
3699354 3699632 -50 -50 2 1
3699964 3700267 -50 -50 1 1
3700612 3701005 -50 -50 2 1
3701156 3701235 -50 -50 1 1
3701637 3701832 -50 -50 2 1
3702637 3702870 -50 -50 1 1
3703450 3704025 -50 -50 1 1
3704266 3704392 -50 -50 2 1
3705694 3705893 -50 -50 2 1
3709182 3709532 -50 -50 1 1
3718740 3718997 -50 -50 2 1
3724815 3725020 -50 -50 2 1
3726826 3726965 -50 -50 1 1
3728537 3728687 -50 -50 2 1
3729013 3729193 -50 -50 1 1
3729632 3729809 -50 -50 2 1
3730515 3730615 -50 -50 1 1
3731351 3731631 -50 -50 2 1
3731837 3731959 -50 -50 1 1
3732432 3732776 -50 -50 2 1
3733593 3733915 -50 -50 2 1
3736221 3736388 -50 -50 2 1
3743190 3743504 -50 -50 2 1
3745315 3745416 -50 -50 1 1
3745670 3745801 -50 -50 2 1
3745938 3746036 -50 -50 1 1
3746387 3746509 -50 -50 2 1
3747145 3747286 -50 -50 1 1
3749379 3749499 -50 -50 2 1
3750597 3750707 -50 -50 2 1
3751408 3751509 -50 -50 2 1
3752010 3752381 -50 -50 1 1
3752596 3752967 -50 -50 2 1
3755447 3755682 -50 -50 1 1
3756787 3756932 -50 -50 2 1
3757665 3757842 -50 -50 1 1
3760221 3760338 -50 -50 1 1
3761698 3761949 -50 -50 2 1
3770548 3770920 -50 -50 1 1
3771869 3772037 -50 -50 2 1
3772670 3772843 -50 -50 1 1
3773598 3773975 -50 -50 1 1
3774676 3774995 -50 -50 2 1
3780231 3780566 -50 -50 2 1
3782088 3782193 -50 -50 2 1
3782719 3783090 -50 -50 2 1
3784170 3784462 -50 -50 1 1
3784628 3784717 -50 -50 2 1
3785101 3785253 -50 -50 2 1
3787552 3787824 -50 -50 2 1
3788855 3788970 -50 -50 1 1
3789360 3789573 -50 -50 1 1
3790898 3790998 -50 -50 2 1
3791224 3791444 -50 -50 1 1
3792339 3792575 -50 -50 2 1
3794975 3795362 -50 -50 1 1
3795990 3796340 -50 -50 2 1
3798286 3798474 -50 -50 1 1
3799055 3799217 -50 -50 2 1
3799986 3800133 -50 -50 1 1
3800729 3801052 -50 -50 2 1
3801976 3802143 -50 -50 1 1
3802320 3802465 -50 -50 1 1
3803537 3803793 -50 -50 2 1
3803948 3804248 -50 -50 2 1
3806254 3806398 -50 -50 2 1
3806804 3807076 -50 -50 1 1
3808570 3808717 -50 -50 2 1
3810037 3810293 -50 -50 2 1
3812436 3812682 -50 -50 2 1
3813946 3814072 -50 -50 1 1
3815371 3815632 -50 -50 1 1
3817772 3818023 -50 -50 2 1
3818734 3819064 -50 -50 2 1
3819603 3819770 -50 -50 1 1
3820497 3820654 -50 -50 2 1
3822145 3822396 -50 -50 2 1
3822998 3823220 -50 -50 1 1
3823531 3823835 -50 -50 2 1
3825472 3825639 -50 -50 1 1
3828516 3828888 -50 -50 2 1
3830152 3830390 -50 -50 2 1
3831077 3831252 -50 -50 1 1
3831676 3831876 -50 -50 2 1
3832785 3832999 -50 -50 2 1
3834070 3834226 -50 -50 2 1
3836343 3836593 -50 -50 1 1
3837707 3838277 -50 -50 1 1
3841928 3842277 -50 -50 1 1
3842837 3843032 -50 -50 2 1
3845240 3845402 -50 -50 2 1
3852699 3853008 -50 -50 2 1
3853932 3854198 -50 -50 1 1
3854687 3854954 -50 -50 2 1
3856165 3856476 -50 -50 1 1
3857482 3857698 -50 -50 2 1
3859008 3859243 -50 -50 1 1
3860018 3860331 -50 -50 2 1
3860786 3860983 -50 -50 1 1
3862315 3862548 -50 -50 2 1
3864904 3865243 -50 -50 2 1
3867125 3867414 -50 -50 2 1
3868809 3869070 -50 -50 1 1
3870553 3870914 -50 -50 2 1
3871498 3871898 -50 -50 2 1
3872321 3872546 -50 -50 1 1
3873465 3873602 -50 -50 1 1
3873890 3874047 -50 -50 2 1
3878782 3879054 -50 -50 2 1
3880715 3880976 -50 -50 2 1
3881848 3882182 -50 -50 1 1
3883393 3883565 -50 -50 2 1
3884465 3884676 -50 -50 2 1
3885676 3885859 -50 -50 1 1
3886652 3886786 -50 -50 2 1
3887569 3887700 -50 -50 2 1
3888119 3888302 -50 -50 1 1
3888582 3888737 -50 -50 2 1
3889618 3889721 -50 -50 2 1
3890065 3890309 -50 -50 2 1
3890787 3890996 -50 -50 1 1
3891553 3891658 -50 -50 2 1
3893659 3893809 -50 -50 1 1
3897070 3897232 -50 -50 2 1
3897554 3897698 -50 -50 1 1
3898626 3898809 -50 -50 2 1
3900759 3901020 -50 -50 2 1
3901662 3901913 -50 -50 2 1
3902898 3903015 -50 -50 2 1
3904361 3904675 -50 -50 1 1
3905386 3905826 -50 -50 2 1
3906637 3906851 -50 -50 2 1
3908037 3908148 -50 -50 1 1
3908620 3908698 -50 -50 2 1
3909341 3909443 -50 -50 2 1
3909893 3909987 -50 -50 2 1
3910889 3911036 -50 -50 1 1
3913191 3913301 -50 -50 2 1
3914352 3914535 -50 -50 2 1
3915782 3915920 -50 -50 1 1
3916246 3916393 -50 -50 2 1
3916665 3917209 -50 -50 1 1
3918469 3918673 -50 -50 2 1
3919332 3919515 -50 -50 1 1
3919943 3920215 -50 -50 2 1
3921076 3921266 -50 -50 1 1
3921927 3922225 -50 -50 2 1
3923036 3923376 -50 -50 1 1
3923651 3923970 -50 -50 2 1
3924587 3924854 -50 -50 2 1
3925983 3926144 -50 -50 1 1
3928395 3928547 -50 -50 1 1
3931587 3931765 -50 -50 2 1
3933220 3933426 -50 -50 2 1
3933980 3934077 -50 -50 1 1
3935447 3935808 -50 -50 2 1
3937382 3937722 -50 -50 2 1
3938026 3938315 -50 -50 1 1
3939930 3940118 -50 -50 2 1
3941382 3941515 -50 -50 1 1
3941879 3942088 -50 -50 1 1
3943011 3943136 -50 -50 1 1
3943874 3944021 -50 -50 1 1
3944182 3944402 -50 -50 2 1
3945077 3945406 -50 -50 1 1
3945940 3946096 -50 -50 1 1
3952628 3952821 -50 -50 2 1
3953829 3954094 -50 -50 1 1
3954859 3955005 -50 -50 2 1
3956697 3956816 -50 -50 2 1
3961681 3961862 -50 -50 2 1
3965651 3965760 -50 -50 1 1
3968823 3969038 -50 -50 1 1
3972495 3972783 -50 -50 2 1
3973415 3973520 -50 -50 2 1
3974159 3974404 -50 -50 1 1
3974964 3975153 -50 -50 2 1
3976304 3976604 -50 -50 2 1
3980587 3980743 -50 -50 1 1
3983451 3983672 -50 -50 2 1
3986215 3986376 -50 -50 2 1
3991237 3991509 -50 -50 2 1
3992304 3992432 -50 -50 1 1
3996202 3996448 -50 -50 1 1
3998509 3998648 -50 -50 2 1
3999459 3999732 -50 -50 1 1
4000737 4000948 -50 -50 2 1
4005704 4005866 -50 -50 2 1
4007248 4007443 -50 -50 1 1
4008102 4008326 -50 -50 2 1
4009646 4009777 -50 -50 1 1
4010507 4010669 -50 -50 2 1
4015476 4015586 -50 -50 2 1
4016070 4016182 -50 -50 1 1
4016709 4016898 -50 -50 2 1
4021596 4021725 -50 -50 2 1
4022917 4023074 -50 -50 1 1
4026522 4026686 -50 -50 1 1
4030173 4030356 -50 -50 1 1
4034190 4034478 -50 -50 2 1
4035445 4035694 -50 -50 2 1
4036724 4036838 -50 -50 1 1
4041516 4041595 -50 -50 2 1
4042285 4042709 -50 -50 2 1
4044332 4044609 -50 -50 2 1
4045332 4045454 -50 -50 2 1
4056210 4056404 -50 -50 1 1
4060809 4060932 -50 -50 1 1
4065926 4066070 -50 -50 2 1
4066693 4066943 -50 -50 1 1
4067530 4067661 -50 -50 2 1
4068059 4068226 -50 -50 2 1
4069798 4070132 -50 -50 1 1
4071272 4071457 -50 -50 2 1
4072504 4072682 -50 -50 1 1
4073420 4073582 -50 -50 1 1
4073793 4073893 -50 -50 1 1
4076604 4076715 -50 -50 2 1
4077015 4077132 -50 -50 1 1
4086046 4086114 -50 -50 2 1
4088038 4088231 -50 -50 1 1
4092072 4092218 -50 -50 2 1
4092684 4092877 -50 -50 2 1
4093709 4093808 -50 -50 1 1
4096304 4096440 -50 -50 2 1
4099814 4099971 -50 -50 2 1
4101461 4101634 -50 -50 1 1
4107184 4107383 -50 -50 1 1
4107953 4108139 -50 -50 2 1
4110119 4110260 -50 -50 2 1
4110825 4110935 -50 -50 1 1
4112405 4112572 -50 -50 2 1
4113608 4113801 -50 -50 1 1
4114637 4114741 -50 -50 1 1
4117743 4118043 -50 -50 1 1
4118887 4119126 -50 -50 2 1
4119953 4120100 -50 -50 1 1
4122008 4122283 -50 -50 2 1
4123159 4123337 -50 -50 2 1
4127745 4127834 -50 -50 1 1
4132971 4133195 -50 -50 2 1
4136598 4137069 -50 -50 2 1
4138426 4138609 -50 -50 2 1
4138937 4139037 -50 -50 1 1
4143937 4144065 -50 -50 1 1
4151099 4151240 -50 -50 2 1
4155515 4155652 -50 -50 2 1
4159559 4159770 -50 -50 2 1
4168955 4169099 -50 -50 2 1
4169512 4169664 -50 -50 1 1
4170746 4170935 -50 -50 1 1
4175073 4175156 -50 -50 2 1
4177060 4177207 -50 -50 2 1
4180675 4180764 -50 -50 1 1
4181554 4181800 -50 -50 2 1
4190804 4190882 -50 -50 2 1
4191730 4191888 -50 -50 2 1
4192790 4192925 -50 -50 2 1
4200621 4200888 -50 -50 1 1
4208679 4208790 -50 -50 2 1
4209314 4209582 -50 -50 1 1
4209726 4210015 -50 -50 2 1
4210380 4210595 -50 -50 2 1
4216415 4216525 -50 -50 1 1
4220588 4220808 -50 -50 2 1
4233798 4234015 -50 -50 2 1
4242238 4242323 -50 -50 1 1
4244101 4244211 -50 -50 2 1
4245304 4245443 -50 -50 1 1
4251504 4251687 -50 -50 2 1
4252015 4252198 -50 -50 2 1
4795281 4795397 -50 -50 1 1
4810559 4810804 -50 -50 1 1
4819209 4819398 -50 -50 2 1
4819865 4819959 -50 -50 1 1
4820075 4820436 -50 -50 1 1
4821248 4821576 -50 -50 2 1
4822454 4822876 -50 -50 2 1
4825557 4826059 -50 -50 2 1
4826528 4826658 -50 -50 2 1
4826730 4826879 -50 -50 1 1
4831703 4831809 -50 -50 2 1
4832726 4832993 -50 -50 2 1
4833359 4833648 -50 -50 2 1
4840054 4840248 -50 -50 2 1
4841073 4841235 -50 -50 2 1
4844846 4845156 -50 -50 1 1
4848109 4848443 -50 -50 2 1
4848576 4848682 -50 -50 1 1
4849265 4849443 -50 -50 2 1
4850937 4851276 -50 -50 1 1
4851515 4851665 -50 -50 2 1
4855587 4855748 -50 -50 2 1
4855840 4856226 -50 -50 2 1
4856487 4856698 -50 -50 2 1
4857270 4857476 -50 -50 1 1
4878118 4878385 -50 -50 2 1
4879782 4879965 -50 -50 2 1
4881592 4881775 -50 -50 2 1
4882183 4882502 -50 -50 1 1
4883287 4883528 -50 -50 2 1
4884488 4884913 -50 -50 1 1
4885681 4885890 -50 -50 2 1
4887367 4887451 -50 -50 2 1
4887848 4887937 -50 -50 1 1
4889729 4889912 -50 -50 1 1
4896015 4896426 -50 -50 2 1
4898509 4898772 -50 -50 2 1
4899054 4899220 -50 -50 2 1
4900751 4901253 -50 -50 1 1
4901886 4902142 -50 -50 2 1
4904365 4904493 -50 -50 1 1
4905187 4905281 -50 -50 2 1
4906045 4906228 -50 -50 2 1
4907855 4908080 -50 -50 1 1
4908629 4908723 -50 -50 2 1
4909766 4910054 -50 -50 2 1
4916287 4916538 -50 -50 1 1
4917589 4917904 -50 -50 2 1
4918683 4918861 -50 -50 2 1
4919258 4919342 -50 -50 1 1
4920069 4920357 -50 -50 2 1
4921246 4921340 -50 -50 1 1
4922318 4922543 -50 -50 2 1
4922904 4923137 -50 -50 2 1
4924659 4925198 -50 -50 1 1
4927479 4927699 -50 -50 2 1
4930235 4930438 -50 -50 1 1
4931676 4932193 -50 -50 2 1
4933012 4933319 -50 -50 2 1
4933915 4934139 -50 -50 2 1
4935525 4935845 -50 -50 1 1
4938338 4938520 -50 -50 2 1
4939628 4939807 -50 -50 2 1
4940637 4940832 -50 -50 1 1
4942220 4942487 -50 -50 2 1
4943043 4943237 -50 -50 2 1
4945291 4945489 -50 -50 1 1
4946912 4947074 -50 -50 1 1
4949020 4949220 -50 -50 1 1
4951304 4951482 -50 -50 2 1
4952815 4953070 -50 -50 2 1
4953776 4954154 -50 -50 1 1
4954726 4954915 -50 -50 1 1
4966620 4966870 -50 -50 2 1
4968365 4968659 -50 -50 2 1
4981429 4981673 -50 -50 2 1
4986137 4986276 -50 -50 2 1
4988412 4988537 -50 -50 1 1
4988632 4988794 -50 -50 1 1
4990929 4991047 -50 -50 2 1
4991614 4991797 -50 -50 2 1
4991917 4992205 -50 -50 2 1
4996253 4996392 -50 -50 2 1
5002280 5002730 -50 -50 2 1
5004289 5004446 -50 -50 1 1
5005554 5005654 -50 -50 2 1
5006923 5007236 -50 -50 2 1
5008540 5008633 -50 -50 1 1
5009624 5009832 -50 -50 2 1
5014047 5014178 -50 -50 1 1
5014693 5014826 -50 -50 2 1
5015245 5015522 -50 -50 1 1
5018765 5018948 -50 -50 2 1
5019531 5019735 -50 -50 1 1
5020176 5020376 -50 -50 2 1
5021447 5021843 -50 -50 2 1
5022509 5023087 -50 -50 1 1
5024312 5024437 -50 -50 2 1
5025482 5025937 -50 -50 2 1
5026560 5027010 -50 -50 1 1
5028187 5028343 -50 -50 2 1
5033458 5033600 -50 -50 2 1
5034132 5034365 -50 -50 2 1
5034904 5035048 -50 -50 2 1
5035310 5035500 -50 -50 1 1
5036265 5036459 -50 -50 1 1
5037620 5037898 -50 -50 2 1
5038487 5038626 -50 -50 2 1
5040076 5040549 -50 -50 1 1
5042287 5042537 -50 -50 1 1
5042887 5043137 -50 -50 2 1
5043244 5043380 -50 -50 2 1
5043582 5044032 -50 -50 2 1
5044408 5044523 -50 -50 1 1
5047777 5048086 -50 -50 1 1
5049334 5049537 -50 -50 2 1
5050712 5050888 -50 -50 2 1
5052516 5052600 -50 -50 1 1
5054033 5054331 -50 -50 2 1
5054912 5055127 -50 -50 1 1
5055926 5056035 -50 -50 2 1
5058124 5058396 -50 -50 1 1
5058658 5058799 -50 -50 2 1
5059495 5059735 -50 -50 2 1
5060169 5060342 -50 -50 1 1
5061570 5061843 -50 -50 1 1
5062743 5063146 -50 -50 2 1
5065136 5065257 -50 -50 2 1
5065527 5065649 -50 -50 1 1
5067104 5067212 -50 -50 2 1
5068209 5068620 -50 -50 2 1
5070382 5070609 -50 -50 2 1
5073519 5073760 -50 -50 2 1
5074087 5074226 -50 -50 1 1
5074535 5074828 -50 -50 2 1
5075220 5075676 -50 -50 1 1
5075982 5076259 -50 -50 2 1
5076817 5076995 -50 -50 1 1
5077659 5077787 -50 -50 2 1
5078087 5078259 -50 -50 1 1
5079059 5079348 -50 -50 2 1
5079873 5079953 -50 -50 1 1
5082182 5082304 -50 -50 1 1
5082698 5082837 -50 -50 2 1
5083738 5083930 -50 -50 2 1
5084276 5084498 -50 -50 1 1
5086715 5086882 -50 -50 1 1
5088557 5088718 -50 -50 2 1
5092526 5092682 -50 -50 2 1
5093558 5093834 -50 -50 2 1
5096263 5096624 -50 -50 2 1
5096802 5096938 -50 -50 1 1
5097095 5097315 -50 -50 2 1
5098450 5098623 -50 -50 2 1
5099161 5099596 -50 -50 2 1
5101651 5101798 -50 -50 1 1
5102337 5102509 -50 -50 1 1
5103104 5103426 -50 -50 1 1
5105665 5105776 -50 -50 2 1
5108703 5108849 -50 -50 2 1
5109557 5109669 -50 -50 1 1
5109979 5110147 -50 -50 2 1
5110843 5110998 -50 -50 2 1
5111569 5111773 -50 -50 1 1
5114659 5114837 -50 -50 2 1
5116359 5116554 -50 -50 2 1
5117059 5117226 -50 -50 2 1
5117982 5118215 -50 -50 2 1
5119388 5119564 -50 -50 1 1
5120346 5120661 -50 -50 1 1
5121370 5121482 -50 -50 2 1
5123487 5123565 -50 -50 2 1
5124320 5124775 -50 -50 2 1
5125816 5126067 -50 -50 1 1
5126406 5126939 -50 -50 2 1
5127490 5127605 -50 -50 1 1
5129620 5129815 -50 -50 2 1
5135887 5136093 -50 -50 2 1
5137077 5137235 -50 -50 2 1
5139878 5140013 -50 -50 1 1
5141820 5142032 -50 -50 1 1
5142770 5142982 -50 -50 2 1
5143559 5143693 -50 -50 1 1
5144172 5144622 -50 -50 2 1
5147332 5147487 -50 -50 2 1
5147928 5148080 -50 -50 1 1
5148603 5148723 -50 -50 2 1
5150415 5150670 -50 -50 1 1
5152476 5152701 -50 -50 1 1
5153259 5153493 -50 -50 2 1
5155365 5155493 -50 -50 1 1
5156859 5157070 -50 -50 1 1
5157759 5158048 -50 -50 1 1
5158513 5158827 -50 -50 2 1
5158989 5159146 -50 -50 2 1
5159757 5160065 -50 -50 2 1
5161398 5161598 -50 -50 1 1
5165303 5165462 -50 -50 2 1
5166542 5166788 -50 -50 2 1
5169932 5170178 -50 -50 2 1
5170419 5170623 -50 -50 1 1
5170973 5171292 -50 -50 2 1
5175387 5175643 -50 -50 2 1
5176159 5176370 -50 -50 2 1
5177120 5177409 -50 -50 1 1
5178337 5178604 -50 -50 1 1
5179898 5180020 -50 -50 2 1
5180270 5180420 -50 -50 2 1
5184469 5184710 -50 -50 2 1
5188372 5188509 -50 -50 1 1
5188893 5189076 -50 -50 1 1
5189622 5189821 -50 -50 1 1
5190171 5190469 -50 -50 1 1
5191207 5191751 -50 -50 1 1
5192326 5192405 -50 -50 2 1
5193182 5193343 -50 -50 1 1
5195089 5195209 -50 -50 2 1
5199457 5199647 -50 -50 1 1
5202448 5202726 -50 -50 2 1
5204882 5205287 -50 -50 2 1
5206748 5206900 -50 -50 1 1
5211993 5212157 -50 -50 1 1
5213260 5213589 -50 -50 2 1
5220409 5220654 -50 -50 2 1
5221604 5221804 -50 -50 1 1
5222420 5222534 -50 -50 1 1
5224032 5224248 -50 -50 2 1
5224532 5224820 -50 -50 1 1
5226365 5226554 -50 -50 2 1
5227254 5227479 -50 -50 2 1
5227767 5227866 -50 -50 1 1
5228337 5228620 -50 -50 1 1
5232798 5232965 -50 -50 2 1
5233582 5233709 -50 -50 2 1
5234148 5234293 -50 -50 1 1
5234476 5234654 -50 -50 1 1
5239104 5239265 -50 -50 2 1
5241529 5241749 -50 -50 2 1
5242659 5242884 -50 -50 1 1
5243601 5243721 -50 -50 2 1
5247576 5247709 -50 -50 2 1
5249187 5249365 -50 -50 1 1
5250232 5250565 -50 -50 1 1
5251259 5251465 -50 -50 2 1
5256380 5256539 -50 -50 2 1
5257296 5257531 -50 -50 2 1
5259357 5259566 -50 -50 2 1
5260335 5260614 -50 -50 1 1
5261844 5262069 -50 -50 1 1
5262909 5263082 -50 -50 2 1
5263480 5263642 -50 -50 2 1
5264359 5264465 -50 -50 1 1
5266620 5266798 -50 -50 2 1
5271464 5271835 -50 -50 2 1
5272212 5272379 -50 -50 1 1
5275237 5275602 -50 -50 2 1
5277802 5277900 -50 -50 2 1
5280203 5280309 -50 -50 1 1
5286195 5286383 -50 -50 1 1
5287265 5287476 -50 -50 1 1
5289501 5289809 -50 -50 1 1
5291032 5291198 -50 -50 2 1
5291982 5292193 -50 -50 1 1
5292843 5292987 -50 -50 2 1
5298809 5298948 -50 -50 1 1
5300232 5300370 -50 -50 2 1
5300520 5300643 -50 -50 1 1
5301950 5302107 -50 -50 1 1
5302909 5303043 -50 -50 2 1
5303926 5304182 -50 -50 2 1
5305173 5305523 -50 -50 2 1
5308415 5308759 -50 -50 2 1
5309200 5309475 -50 -50 1 1
5312637 5312859 -50 -50 1 1
5315808 5315915 -50 -50 2 1
5315998 5316115 -50 -50 1 1
5316676 5316765 -50 -50 1 1
5327200 5327333 -50 -50 2 1
5327400 5327511 -50 -50 2 1
5328760 5328869 -50 -50 1 1
5331809 5332113 -50 -50 1 1
5335115 5335304 -50 -50 2 1
5336715 5336904 -50 -50 2 1
5337631 5337757 -50 -50 2 1
5340618 5340817 -50 -50 2 1
5341709 5341820 -50 -50 1 1
5342949 5343184 -50 -50 2 1
5343723 5344000 -50 -50 1 1
5349259 5349376 -50 -50 2 1
5350132 5350320 -50 -50 1 1
5360015 5360172 -50 -50 1 1
5362293 5362482 -50 -50 2 1
5363115 5363276 -50 -50 2 1
5364376 5364487 -50 -50 2 1
5369878 5370068 -50 -50 1 1
5371343 5371570 -50 -50 2 1
5374474 5374678 -50 -50 1 1
5375509 5375776 -50 -50 1 1
5377654 5377832 -50 -50 2 1
5379025 5379197 -50 -50 2 1
5380270 5380447 -50 -50 2 1
5385702 5385902 -50 -50 1 1
5387112 5387311 -50 -50 2 1
5394808 5395028 -50 -50 2 1
5395522 5395716 -50 -50 2 1
5397070 5397287 -50 -50 1 1
5398023 5398136 -50 -50 2 1
5399015 5399146 -50 -50 2 1
5399287 5399643 -50 -50 1 1
5400482 5400659 -50 -50 2 1
5409454 5409637 -50 -50 1 1
5410154 5410420 -50 -50 2 1
5411509 5411614 -50 -50 2 1
5412582 5412748 -50 -50 2 1
5416287 5416504 -50 -50 1 1
5420999 5421110 -50 -50 1 1
