154070 154193 -50 -50 1 1
156615 156759 -50 -50 2 1
157054 157537 -50 -50 1 1
162343 162509 -50 -50 1 1
163209 163287 -50 -50 2 1
163998 164226 -50 -50 1 1
165076 165270 -50 -50 2 1
168032 168165 -50 -50 1 1
170020 170343 -50 -50 2 1
171165 171470 -50 -50 1 1
174154 174670 -50 -50 2 1
176254 176565 -50 -50 2 1
177154 177326 -50 -50 1 1
178039 178113 -50 -50 2 1
178948 179209 -50 -50 2 1
180015 180515 -50 -50 1 1
181393 181904 -50 -50 2 1
182282 182693 -50 -50 1 1
183576 183820 -50 -50 2 1
184932 185048 -50 -50 2 1
187776 187959 -50 -50 1 1
189332 189726 -50 -50 1 1
191987 192176 -50 -50 2 1
192526 192648 -50 -50 1 1
192965 193404 -50 -50 2 1
193987 194320 -50 -50 1 1
196487 196682 -50 -50 2 1
199793 200170 -50 -50 1 1
204598 204748 -50 -50 2 1
204838 204901 -50 -50 1 1
205398 205754 -50 -50 2 1
208370 208510 -50 -50 2 1
209343 209570 -50 -50 1 1
214426 214604 -50 -50 2 1
214943 215220 -50 -50 1 1
215398 215576 -50 -50 2 1
216120 216254 -50 -50 1 1
217084 217361 -50 -50 1 1
218870 219043 -50 -50 2 1
219209 219648 -50 -50 1 1
220876 221237 -50 -50 2 1
222999 223204 -50 -50 1 1
223670 223909 -50 -50 1 1
224287 224376 -50 -50 1 1
225324 225430 -50 -50 1 1
225508 225650 -50 -50 2 1
226137 226254 -50 -50 1 1
226380 226591 -50 -50 2 1
227787 227965 -50 -50 1 1
230048 230437 -50 -50 1 1
230737 230887 -50 -50 2 1
232470 232643 -50 -50 1 1
241143 241309 -50 -50 1 1
246116 246347 -50 -50 1 1
249526 249737 -50 -50 1 1
255165 255320 -50 -50 2 1
258154 258337 -50 -50 2 1
260320 260626 -50 -50 1 1
261526 261620 -50 -50 2 1
264793 264959 -50 -50 1 1
274009 274193 -50 -50 1 1
287404 287532 -50 -50 1 1
291958 292100 -50 -50 1 1
293067 293193 -50 -50 2 1
312737 312893 -50 -50 1 1
313291 313489 -50 -50 1 1
316461 316586 -50 -50 1 1
321176 321393 -50 -50 2 1
367458 367563 -50 -50 1 1
425437 425548 -50 -50 1 1
441681 441822 -50 -50 2 1
489692 489850 -50 -50 1 1
556997 557070 -50 -50 2 1
559104 559332 -50 -50 1 1
572800 572873 -50 -50 1 1
601921 602078 -50 -50 2 1
662009 662126 -50 -50 1 1
714609 714732 -50 -50 1 1
716567 716729 -50 -50 2 1
718548 718782 -50 -50 1 1
719882 720037 -50 -50 1 1
720487 720748 -50 -50 2 1
720843 720982 -50 -50 1 1
721359 721648 -50 -50 2 1
722214 722439 -50 -50 1 1
722881 722975 -50 -50 2 1
725329 725554 -50 -50 1 1
732120 732332 -50 -50 1 1
736176 736432 -50 -50 2 1
739267 739481 -50 -50 1 1
740443 740693 -50 -50 1 1
741970 742337 -50 -50 2 1
742840 743065 -50 -50 1 1
743185 743326 -50 -50 2 1
744843 745365 -50 -50 1 1
745859 746204 -50 -50 2 1
746329 746528 -50 -50 1 1
747332 747565 -50 -50 1 1
749576 749748 -50 -50 2 1
754226 754459 -50 -50 2 1
755643 755859 -50 -50 1 1
756087 756298 -50 -50 1 1
757770 757954 -50 -50 1 1
758132 758270 -50 -50 1 1
761515 761754 -50 -50 1 1
762370 762820 -50 -50 2 1
764720 765120 -50 -50 1 1
768120 768370 -50 -50 1 1
768492 768645 -50 -50 1 1
769270 769498 -50 -50 1 1
770104 770282 -50 -50 1 1
773298 773504 -50 -50 1 1
776348 776559 -50 -50 1 1
777693 777882 -50 -50 1 1
779893 780115 -50 -50 2 1
784076 784593 -50 -50 1 1
785274 785426 -50 -50 1 1
786382 786604 -50 -50 1 1
787698 788209 -50 -50 1 1
788921 789330 -50 -50 2 1
789486 789591 -50 -50 1 1
790920 791337 -50 -50 1 1
794059 794226 -50 -50 1 1
794698 794870 -50 -50 2 1
796493 796982 -50 -50 1 1
800509 800854 -50 -50 2 1
801265 801509 -50 -50 1 1
802115 802376 -50 -50 2 1
803137 803265 -50 -50 2 1
804154 804298 -50 -50 1 1
804865 804965 -50 -50 1 1
807087 807248 -50 -50 2 1
807548 807682 -50 -50 1 1
809004 809259 -50 -50 1 1
809959 810135 -50 -50 1 1
811100 811382 -50 -50 1 1
812768 812910 -50 -50 2 1
813748 813993 -50 -50 1 1
815432 815832 -50 -50 1 1
816587 816776 -50 -50 1 1
822009 822243 -50 -50 2 1
823304 823604 -50 -50 1 1
824070 824387 -50 -50 2 1
830682 831022 -50 -50 1 1
836015 836215 -50 -50 1 1
837665 837993 -50 -50 2 1
839120 839250 -50 -50 2 1
840720 841132 -50 -50 1 1
841759 842132 -50 -50 2 1
842648 843032 -50 -50 1 1
845802 845954 -50 -50 2 1
846409 846624 -50 -50 1 1
848617 848758 -50 -50 1 1
849458 849567 -50 -50 2 1
850855 851269 -50 -50 2 1
851431 851635 -50 -50 1 1
852587 852749 -50 -50 1 1
853199 853717 -50 -50 2 1
853957 854193 -50 -50 2 1
854486 854805 -50 -50 1 1
858616 858766 -50 -50 2 1
860600 860745 -50 -50 1 1
862913 863080 -50 -50 2 1
863834 864137 -50 -50 1 1
864529 864880 -50 -50 1 1
865994 866428 -50 -50 2 1
867276 867626 -50 -50 1 1
870365 870885 -50 -50 2 1
873159 873404 -50 -50 2 1
875237 875572 -50 -50 1 1
875891 876294 -50 -50 2 1
876608 876833 -50 -50 1 1
877628 877952 -50 -50 1 1
879153 879629 -50 -50 1 1
879995 880136 -50 -50 2 1
880532 880837 -50 -50 1 1
883351 883717 -50 -50 1 1
884559 884930 -50 -50 1 1
885930 886217 -50 -50 1 1
887091 887258 -50 -50 2 1
887656 887896 -50 -50 1 1
890365 890498 -50 -50 2 1
892442 892903 -50 -50 1 1
893572 894148 -50 -50 2 1
895131 895413 -50 -50 1 1
896161 896554 -50 -50 1 1
897888 898123 -50 -50 2 1
898298 898770 -50 -50 2 1
899227 899562 -50 -50 1 1
900922 901267 -50 -50 2 1
902229 902313 -50 -50 1 1
904026 904576 -50 -50 1 1
905386 905852 -50 -50 2 1
906437 906798 -50 -50 1 1
908556 909001 -50 -50 1 1
913055 913406 -50 -50 1 1
915911 916157 -50 -50 1 1
919003 919233 -50 -50 1 1
924420 924670 -50 -50 1 1
930762 931097 -50 -50 2 1
931479 931850 -50 -50 1 1
932656 933163 -50 -50 2 1
934450 934842 -50 -50 2 1
936349 936663 -50 -50 1 1
937620 937861 -50 -50 2 1
940454 940615 -50 -50 2 1
941970 942193 -50 -50 2 1
945950 946128 -50 -50 2 1
947248 947494 -50 -50 1 1
950073 950203 -50 -50 1 1
951293 951504 -50 -50 2 1
951626 951778 -50 -50 2 1
952337 952548 -50 -50 2 1
952976 953232 -50 -50 2 1
954780 954932 -50 -50 1 1
955215 955722 -50 -50 2 1
956459 956854 -50 -50 2 1
958819 958939 -50 -50 1 1
959932 960076 -50 -50 1 1
961481 961842 -50 -50 1 1
964887 965112 -50 -50 1 1
969767 970018 -50 -50 2 1
971443 971565 -50 -50 1 1
973900 974073 -50 -50 1 1
974582 974687 -50 -50 2 1
976398 976526 -50 -50 2 1
977363 977828 -50 -50 1 1
978629 978854 -50 -50 2 1
980541 980865 -50 -50 1 1
982895 983460 -50 -50 1 1
985071 985395 -50 -50 2 1
988314 988529 -50 -50 1 1
989759 989954 -50 -50 2 1
995815 995904 -50 -50 1 1
998303 998402 -50 -50 1 1
1003765 1003898 -50 -50 1 1
1011954 1012148 -50 -50 2 1
1014043 1014148 -50 -50 1 1
1014959 1015082 -50 -50 2 1
1016176 1016365 -50 -50 2 1
1019376 1019754 -50 -50 2 1
1025009 1025204 -50 -50 1 1
1032004 1032226 -50 -50 1 1
1035354 1035506 -50 -50 1 1
1038624 1038786 -50 -50 1 1
1048034 1048128 -50 -50 2 1
1061770 1061882 -50 -50 1 1
1062920 1063115 -50 -50 1 1
1066059 1066359 -50 -50 2 1
1067917 1068017 -50 -50 1 1
1078887 1079033 -50 -50 1 1
1080012 1080503 -50 -50 2 1
1085834 1086028 -50 -50 1 1
1086487 1086782 -50 -50 2 1
1125673 1125935 -50 -50 2 1
1127337 1127624 -50 -50 1 1
1138939 1139222 -50 -50 2 1
1140535 1140859 -50 -50 1 1
1141706 1142036 -50 -50 1 1
1142187 1142404 -50 -50 2 1
1157415 1157565 -50 -50 1 1
1161193 1161315 -50 -50 1 1
1163234 1163477 -50 -50 1 1
1431932 1432089 -50 -50 2 1
1432497 1432811 -50 -50 2 1
1442420 1442813 -50 -50 1 1
1443791 1444199 -50 -50 2 1
1445062 1445271 -50 -50 1 1
1446032 1446456 -50 -50 1 1
1463159 1463311 -50 -50 1 1
1468743 1468926 -50 -50 1 1
1470414 1470488 -50 -50 1 1
1470793 1470965 -50 -50 2 1
1471931 1472156 -50 -50 1 1
1472873 1472941 -50 -50 2 1
1474620 1474798 -50 -50 1 1
1475426 1475808 -50 -50 2 1
1778729 1778912 -50 -50 1 1
1779660 1779765 -50 -50 2 1
1801643 1801843 -50 -50 1 1
1807720 1808020 -50 -50 2 1
1808693 1808887 -50 -50 1 1
1810602 1810884 -50 -50 1 1
1812438 1812584 -50 -50 2 1
1815859 1816361 -50 -50 1 1
1816701 1816957 -50 -50 2 1
1817240 1817407 -50 -50 1 1
1817813 1818153 -50 -50 2 1
1818970 1819098 -50 -50 1 1
1820057 1820203 -50 -50 2 1
1820355 1820444 -50 -50 1 1
1820959 1821158 -50 -50 2 1
1821352 1821592 -50 -50 1 1
1821676 1822021 -50 -50 2 1
1822615 1822754 -50 -50 1 1
1824752 1825008 -50 -50 2 1
1825926 1826148 -50 -50 2 1
1826556 1826844 -50 -50 1 1
1828115 1828432 -50 -50 2 1
1829159 1829354 -50 -50 1 1
1830609 1830848 -50 -50 1 1
1833922 1834325 -50 -50 1 1
1834651 1834965 -50 -50 2 1
1836665 1836885 -50 -50 2 1
1837330 1837748 -50 -50 1 1
1838632 1838943 -50 -50 1 1
1839870 1840437 -50 -50 2 1
1840942 1841303 -50 -50 1 1
1841915 1842159 -50 -50 2 1
1843718 1843979 -50 -50 1 1
1844304 1844587 -50 -50 2 1
1846353 1846573 -50 -50 2 1
1847096 1847488 -50 -50 2 1
1848243 1848659 -50 -50 1 1
1848958 1849298 -50 -50 2 1
1851076 1851465 -50 -50 2 1
1853107 1853311 -50 -50 1 1
1853535 1853713 -50 -50 1 1
1854133 1854236 -50 -50 2 1
1855126 1855516 -50 -50 2 1
1856475 1856753 -50 -50 1 1
1859354 1859793 -50 -50 1 1
1860832 1861170 -50 -50 2 1
1862565 1862726 -50 -50 1 1
1862993 1863215 -50 -50 1 1
1871082 1871265 -50 -50 2 1
1872904 1873020 -50 -50 1 1
1876293 1876548 -50 -50 2 1
1876987 1877159 -50 -50 1 1
1878069 1878378 -50 -50 2 1
1879243 1879526 -50 -50 1 1
1879859 1879965 -50 -50 1 1
1880059 1880298 -50 -50 2 1
1880402 1880554 -50 -50 1 1
1881396 1881610 -50 -50 1 1
1882212 1882505 -50 -50 2 1
1883143 1883253 -50 -50 1 1
1884074 1884639 -50 -50 2 1
1886334 1886821 -50 -50 2 1
1887110 1887213 -50 -50 1 1
1887504 1887676 -50 -50 2 1
1888220 1888693 -50 -50 1 1
1889682 1889837 -50 -50 1 1
1890426 1890820 -50 -50 1 1
1892682 1892954 -50 -50 1 1
1893554 1893809 -50 -50 2 1
1894698 1894948 -50 -50 1 1
1896143 1896670 -50 -50 1 1
1897058 1897455 -50 -50 2 1
1897948 1898248 -50 -50 1 1
1901959 1902393 -50 -50 1 1
1903082 1903326 -50 -50 1 1
1904065 1904320 -50 -50 1 1
1906465 1906720 -50 -50 1 1
1907298 1907554 -50 -50 2 1
1909004 1909593 -50 -50 1 1
1909804 1910098 -50 -50 2 1
1910698 1910926 -50 -50 1 1
1912570 1912970 -50 -50 1 1
1913898 1914237 -50 -50 1 1
1914770 1915059 -50 -50 1 1
1916332 1916670 -50 -50 2 1
1918008 1918395 -50 -50 2 1
1918854 1919032 -50 -50 1 1
1919315 1919737 -50 -50 1 1
1919904 1920048 -50 -50 2 1
1922809 1923237 -50 -50 1 1
1923991 1924337 -50 -50 1 1
1925176 1925532 -50 -50 1 1
1927811 1928214 -50 -50 2 1
1929426 1929670 -50 -50 1 1
1930532 1930770 -50 -50 2 1
1930950 1931018 -50 -50 1 1
1931976 1932109 -50 -50 1 1
1932243 1932565 -50 -50 2 1
1933115 1933465 -50 -50 1 1
1933865 1934093 -50 -50 1 1
1935093 1935255 -50 -50 1 1
1936332 1936498 -50 -50 1 1
1937154 1937347 -50 -50 2 1
1939048 1939170 -50 -50 2 1
1940854 1940987 -50 -50 1 1
1943792 1944069 -50 -50 1 1
1945644 1946188 -50 -50 1 1
1947637 1947970 -50 -50 1 1
1948504 1948704 -50 -50 1 1
1949159 1949447 -50 -50 1 1
1949693 1949970 -50 -50 1 1
1953776 1954098 -50 -50 1 1
1955866 1956084 -50 -50 1 1
1956820 1957026 -50 -50 1 1
1958098 1958443 -50 -50 2 1
1960137 1960398 -50 -50 1 1
1961720 1961970 -50 -50 2 1
1964167 1964454 -50 -50 1 1
1965482 1965704 -50 -50 1 1
1967407 1967491 -50 -50 1 1
1971566 1971846 -50 -50 1 1
1972586 1972806 -50 -50 1 1
1975131 1975325 -50 -50 2 1
1976470 1976664 -50 -50 1 1
1981087 1981270 -50 -50 1 1
1984476 1984654 -50 -50 2 1
1985093 1985224 -50 -50 1 1
1986043 1986232 -50 -50 1 1
1987097 1987421 -50 -50 1 1
1987976 1988169 -50 -50 2 1
1989958 1990152 -50 -50 1 1
1998427 1998699 -50 -50 2 1
2000405 2000677 -50 -50 1 1
2006470 2006654 -50 -50 2 1
2007812 2007927 -50 -50 1 1
2011181 2011400 -50 -50 2 1
2018546 2018703 -50 -50 1 1
2020602 2020937 -50 -50 2 1
2024982 2025120 -50 -50 1 1
2026168 2026256 -50 -50 1 1
2026931 2027297 -50 -50 2 1
2028621 2028872 -50 -50 1 1
2029699 2029903 -50 -50 1 1
2030096 2030352 -50 -50 2 1
2030562 2030724 -50 -50 1 1
2032246 2032450 -50 -50 1 1
2035104 2035304 -50 -50 2 1
2038421 2038599 -50 -50 1 1
2038866 2039002 -50 -50 2 1
2039494 2039876 -50 -50 1 1
2041365 2041659 -50 -50 2 1
2043176 2043448 -50 -50 1 1
2043987 2044282 -50 -50 1 1
2044437 2044589 -50 -50 2 1
2045343 2045726 -50 -50 2 1
2046150 2046330 -50 -50 1 1
2047476 2047598 -50 -50 2 1
2048462 2049022 -50 -50 1 1
2050159 2050309 -50 -50 1 1
2051832 2051998 -50 -50 2 1
2052954 2053354 -50 -50 1 1
2080814 2081018 -50 -50 1 1
2522478 2522729 -50 -50 1 1
2525948 2526082 -50 -50 1 1
2527319 2527685 -50 -50 2 1
2531347 2531520 -50 -50 1 1
2537086 2537347 -50 -50 1 1
2538822 2539011 -50 -50 1 1
2540151 2540486 -50 -50 1 1
2541387 2541698 -50 -50 1 1
2542315 2542459 -50 -50 1 1
2542882 2543122 -50 -50 1 1
2551461 2551874 -50 -50 2 1
2552582 2553093 -50 -50 1 1
2554314 2554513 -50 -50 1 1
2555593 2555848 -50 -50 2 1
2556503 2556859 -50 -50 2 1
2557319 2557602 -50 -50 1 1
2557858 2558324 -50 -50 1 1
2559465 2559820 -50 -50 2 1
2560676 2560904 -50 -50 1 1
2561204 2561320 -50 -50 1 1
2562043 2562446 -50 -50 1 1
2562718 2563089 -50 -50 2 1
2564582 2564798 -50 -50 1 1
2565376 2565682 -50 -50 1 1
2566437 2566559 -50 -50 2 1
2566910 2567297 -50 -50 1 1
2567818 2568142 -50 -50 2 1
2568832 2569004 -50 -50 1 1
2573532 2573826 -50 -50 2 1
2574715 2574970 -50 -50 1 1
2575048 2575226 -50 -50 2 1
2576170 2576648 -50 -50 1 1
2577115 2577437 -50 -50 1 1
2578013 2578264 -50 -50 2 1
2579326 2579420 -50 -50 1 1
2579559 2579765 -50 -50 1 1
2580451 2580660 -50 -50 1 1
2581759 2581947 -50 -50 1 1
2584315 2584543 -50 -50 2 1
2584782 2584954 -50 -50 1 1
2586001 2586236 -50 -50 2 1
2587361 2587617 -50 -50 1 1
2588815 2588993 -50 -50 2 1
2589470 2589754 -50 -50 2 1
2590304 2590443 -50 -50 1 1
2591770 2592137 -50 -50 1 1
2592598 2592909 -50 -50 2 1
2593009 2593276 -50 -50 1 1
2593932 2594098 -50 -50 1 1
2594648 2594748 -50 -50 2 1
2596215 2596565 -50 -50 1 1
2597365 2597810 -50 -50 1 1
2598454 2598687 -50 -50 1 1
2599882 2600185 -50 -50 1 1
2601137 2601613 -50 -50 2 1
2604337 2604732 -50 -50 1 1
2606632 2606920 -50 -50 1 1
2608041 2608351 -50 -50 2 1
2609470 2609587 -50 -50 1 1
2610767 2611139 -50 -50 2 1
2612065 2612204 -50 -50 1 1
2614665 2615109 -50 -50 1 1
2615748 2615932 -50 -50 1 1
2619676 2619854 -50 -50 2 1
2619971 2620217 -50 -50 1 1
2621243 2621363 -50 -50 1 1
2622670 2622854 -50 -50 1 1
2623183 2623586 -50 -50 1 1
2624478 2624870 -50 -50 2 1
2625937 2626209 -50 -50 1 1
2626843 2627009 -50 -50 1 1
2629498 2629798 -50 -50 1 1
2631009 2631376 -50 -50 1 1
2634315 2634437 -50 -50 1 1
2634737 2635054 -50 -50 1 1
2636087 2636354 -50 -50 1 1
2640176 2640291 -50 -50 1 1
2640542 2640652 -50 -50 1 1
2641097 2641296 -50 -50 2 1
2641765 2642276 -50 -50 1 1
2642473 2642572 -50 -50 1 1
2643604 2643815 -50 -50 1 1
2645637 2645859 -50 -50 1 1
2646597 2646979 -50 -50 1 1
2648057 2648292 -50 -50 2 1
2649616 2649877 -50 -50 1 1
2651195 2651473 -50 -50 1 1
2652506 2652783 -50 -50 2 1
2653385 2653620 -50 -50 1 1
2655195 2655370 -50 -50 1 1
2656194 2656602 -50 -50 2 1
2657329 2657549 -50 -50 1 1
2657627 2657826 -50 -50 2 1
2659770 2659876 -50 -50 1 1
2661854 2661959 -50 -50 1 1
2662157 2662345 -50 -50 1 1
2662565 2662769 -50 -50 1 1
2663562 2664032 -50 -50 1 1
2664655 2664922 -50 -50 1 1
2665372 2665644 -50 -50 1 1
2666126 2666226 -50 -50 1 1
2666454 2666664 -50 -50 1 1
2669086 2669499 -50 -50 2 1
2670704 2671009 -50 -50 1 1
2671302 2671461 -50 -50 2 1
2672270 2672493 -50 -50 1 1
2673865 2674226 -50 -50 1 1
2674714 2675059 -50 -50 1 1
2675426 2675520 -50 -50 1 1
2676362 2676728 -50 -50 1 1
2677361 2677869 -50 -50 1 1
2679204 2679515 -50 -50 1 1
2680374 2680793 -50 -50 1 1
2682357 2682707 -50 -50 1 1
2684402 2684716 -50 -50 1 1
2685699 2686018 -50 -50 1 1
2690355 2690679 -50 -50 1 1
2691119 2691448 -50 -50 1 1
2692332 2692487 -50 -50 1 1
2693104 2693554 -50 -50 2 1
2694085 2694362 -50 -50 2 1
2697192 2697694 -50 -50 1 1
2700720 2701154 -50 -50 1 1
2705049 2705635 -50 -50 1 1
2706189 2706650 -50 -50 1 1
2708250 2708679 -50 -50 1 1
2709647 2709762 -50 -50 2 1
2710459 2710576 -50 -50 1 1
2711588 2712179 -50 -50 2 1
2713482 2713670 -50 -50 1 1
2714036 2714402 -50 -50 1 1
2714622 2714868 -50 -50 1 1
2718587 2718859 -50 -50 1 1
2720048 2720193 -50 -50 1 1
2723520 2723933 -50 -50 1 1
2724697 2724911 -50 -50 1 1
2724979 2725230 -50 -50 1 1
2726098 2726365 -50 -50 2 1
2730710 2730816 -50 -50 1 1
2731693 2731855 -50 -50 1 1
2735067 2735308 -50 -50 1 1
2735896 2736216 -50 -50 2 1
2737795 2738052 -50 -50 1 1
2739720 2739909 -50 -50 1 1
2740865 2741076 -50 -50 2 1
2744048 2744404 -50 -50 1 1
2745170 2745326 -50 -50 1 1
2750504 2750648 -50 -50 2 1
2752698 2752882 -50 -50 1 1
2754970 2755159 -50 -50 1 1
2770003 2770249 -50 -50 1 1
2774392 2774491 -50 -50 2 1
2775605 2775799 -50 -50 1 1
2777426 2777739 -50 -50 1 1
2783630 2783996 -50 -50 1 1
2785398 2785659 -50 -50 1 1
2797304 2797403 -50 -50 1 1
2817041 2817431 -50 -50 1 1
2820927 2821220 -50 -50 1 1
2824034 2824254 -50 -50 1 1
2828768 2828899 -50 -50 2 1
2835887 2835982 -50 -50 2 1
2840844 2841100 -50 -50 1 1
2855293 2855393 -50 -50 2 1
2856098 2856193 -50 -50 1 1
2872502 2872748 -50 -50 1 1
2893761 2894023 -50 -50 1 1
2898202 2898349 -50 -50 1 1
2898798 2898893 -50 -50 2 1
2902659 2902806 -50 -50 1 1
2904464 2904610 -50 -50 1 1
2905573 2905787 -50 -50 1 1
2924760 2924876 -50 -50 1 1
2951759 2951970 -50 -50 1 1
2953993 2954176 -50 -50 1 1
2972826 2973109 -50 -50 2 1
2975287 2975705 -50 -50 1 1
2976308 2976511 -50 -50 1 1
2977032 2977454 -50 -50 1 1
2978332 2978715 -50 -50 2 1
2979247 2979556 -50 -50 1 1
2981167 2981758 -50 -50 2 1
2984112 2984410 -50 -50 1 1
2985476 2985793 -50 -50 1 1
2987109 2987215 -50 -50 2 1
2988668 2988935 -50 -50 1 1
2989719 2990295 -50 -50 2 1
2991378 2991896 -50 -50 2 1
2992466 2992994 -50 -50 1 1
2993891 2994106 -50 -50 2 1
2994592 2994712 -50 -50 1 1
2996266 2996695 -50 -50 1 1
2998482 2998893 -50 -50 1 1
2999965 3000115 -50 -50 1 1
3001320 3001576 -50 -50 1 1
3005331 3005535 -50 -50 2 1
3006170 3006298 -50 -50 2 1
3007182 3007509 -50 -50 1 1
3008476 3008765 -50 -50 1 1
3010045 3010317 -50 -50 2 1
3011504 3011818 -50 -50 1 1
3016311 3016594 -50 -50 1 1
3017037 3017187 -50 -50 2 1
3019230 3019393 -50 -50 1 1
3020493 3020698 -50 -50 1 1
3027948 3028120 -50 -50 1 1
3028787 3028954 -50 -50 1 1
3029687 3029980 -50 -50 2 1
3035828 3035944 -50 -50 1 1
3036221 3036702 -50 -50 1 1
3037335 3037832 -50 -50 1 1
3038088 3038658 -50 -50 1 1
3039506 3039830 -50 -50 1 1
3040793 3040997 -50 -50 1 1
3041222 3041713 -50 -50 2 1
3043126 3043345 -50 -50 1 1
3043544 3043743 -50 -50 1 1
3043837 3043963 -50 -50 1 1
3044350 3044517 -50 -50 1 1
3045129 3045443 -50 -50 1 1
3046452 3046658 -50 -50 1 1
3047096 3047284 -50 -50 1 1
3048326 3048515 -50 -50 2 1
3050729 3051095 -50 -50 1 1
3052147 3052450 -50 -50 1 1
3052565 3052863 -50 -50 1 1
3054652 3055045 -50 -50 2 1
3056671 3056886 -50 -50 1 1
3058549 3058832 -50 -50 2 1
3059392 3059889 -50 -50 2 1
3060668 3061217 -50 -50 1 1
3062554 3062748 -50 -50 1 1
3065151 3065261 -50 -50 1 1
3067154 3067479 -50 -50 2 1
3068033 3068169 -50 -50 1 1
3068996 3069383 -50 -50 2 1
3069964 3070382 -50 -50 1 1
3072025 3072338 -50 -50 1 1
3073866 3074410 -50 -50 2 1
3075399 3075869 -50 -50 1 1
3076089 3076497 -50 -50 1 1
3077057 3077172 -50 -50 2 1
3077360 3077758 -50 -50 1 1
3079737 3080087 -50 -50 1 1
3084090 3084252 -50 -50 2 1
3084399 3084472 -50 -50 1 1
3084754 3085037 -50 -50 2 1
3087584 3087694 -50 -50 1 1
3088986 3089379 -50 -50 2 1
3089886 3090059 -50 -50 1 1
3092423 3092507 -50 -50 1 1
3093153 3093488 -50 -50 1 1
3094926 3095126 -50 -50 1 1
3098431 3098886 -50 -50 2 1
3099461 3099613 -50 -50 1 1
3102064 3102231 -50 -50 1 1
3103176 3103432 -50 -50 1 1
3105783 3105888 -50 -50 1 1
3109582 3109704 -50 -50 1 1
3111022 3111503 -50 -50 2 1
3112989 3113214 -50 -50 2 1
3115395 3115510 -50 -50 1 1
3116058 3116329 -50 -50 2 1
3119240 3119543 -50 -50 1 1
3123372 3123718 -50 -50 1 1
3126515 3126704 -50 -50 1 1
3127887 3128004 -50 -50 1 1
3131224 3131355 -50 -50 1 1
3131543 3131637 -50 -50 1 1
3132370 3132637 -50 -50 1 1
3133685 3133889 -50 -50 1 1
3134587 3134693 -50 -50 1 1
3137214 3137345 -50 -50 1 1
3139563 3139746 -50 -50 2 1
3147948 3148187 -50 -50 2 1
3149896 3150189 -50 -50 1 1
3151413 3151602 -50 -50 1 1
3153032 3153132 -50 -50 1 1
3155190 3155305 -50 -50 1 1
3157131 3157492 -50 -50 2 1
3160404 3160687 -50 -50 1 1
3164256 3164418 -50 -50 2 1
3165587 3165910 -50 -50 1 1
3167332 3167715 -50 -50 1 1
3171087 3171404 -50 -50 1 1
3172275 3172699 -50 -50 1 1
3173284 3173729 -50 -50 1 1
3174859 3175131 -50 -50 1 1
3175785 3176120 -50 -50 1 1
3177270 3177537 -50 -50 1 1
3180414 3180681 -50 -50 1 1
3181738 3182010 -50 -50 2 1
3184237 3184493 -50 -50 1 1
3191198 3191498 -50 -50 2 1
3192833 3193094 -50 -50 1 1
3194985 3195294 -50 -50 1 1
3196824 3197216 -50 -50 2 1
3198969 3199141 -50 -50 1 1
3201490 3201621 -50 -50 1 1
3202767 3202950 -50 -50 1 1
3205120 3205445 -50 -50 1 1
3206496 3206747 -50 -50 1 1
3207579 3207652 -50 -50 1 1
3212476 3212620 -50 -50 2 1
3213604 3213854 -50 -50 1 1
3216965 3217348 -50 -50 2 1
3220487 3220576 -50 -50 2 1
3225258 3225564 -50 -50 1 1
3230604 3230843 -50 -50 2 1
3233818 3234027 -50 -50 1 1
3241320 3241437 -50 -50 1 1
3242067 3242334 -50 -50 2 1
3243202 3243354 -50 -50 1 1
3244536 3244814 -50 -50 1 1
3248896 3249189 -50 -50 1 1
3263339 3263622 -50 -50 1 1
