827177 827318 -50 -50 1 1
846225 846417 -50 -50 1 1
889427 889693 -50 -50 2 1
1429353 1429505 -50 -50 1 1
1431854 1432042 -50 -50 1 1
1435887 1436054 -50 -50 1 1
1437216 1437440 -50 -50 1 1
1439423 1439564 -50 -50 1 1
1462534 1462638 -50 -50 1 1
1474251 1474377 -50 -50 1 1
1475334 1475491 -50 -50 1 1
1476920 1477226 -50 -50 1 1
1479195 1479352 -50 -50 1 1
1480570 1480987 -50 -50 1 1
1481666 1482236 -50 -50 1 1
1489009 1489148 -50 -50 1 1
1490304 1490626 -50 -50 1 1
1491665 1492054 -50 -50 1 1
1492582 1492720 -50 -50 2 1
1492865 1493065 -50 -50 1 1
1494104 1494259 -50 -50 2 1
1495815 1496348 -50 -50 1 1
1497470 1497882 -50 -50 2 1
1498609 1499087 -50 -50 1 1
1500503 1500995 -50 -50 1 1
1502543 1502826 -50 -50 2 1
1504709 1504948 -50 -50 1 1
1510240 1510466 -50 -50 1 1
1512432 1512820 -50 -50 2 1
1513548 1513682 -50 -50 1 1
1518232 1518365 -50 -50 1 1
1526959 1527132 -50 -50 1 1
1539632 1539904 -50 -50 1 1
1544348 1544465 -50 -50 1 1
1556576 1556765 -50 -50 1 1
1559896 1560205 -50 -50 1 1
1563443 1563670 -50 -50 1 1
1565109 1565496 -50 -50 1 1
1579143 1579287 -50 -50 1 1
1586473 1586802 -50 -50 1 1
1589832 1590104 -50 -50 1 1
1590887 1591048 -50 -50 1 1
1595405 1595562 -50 -50 1 1
1597434 1597581 -50 -50 1 1
1598476 1598732 -50 -50 1 1
1601926 1602170 -50 -50 1 1
1618304 1618509 -50 -50 2 1
1623370 1623582 -50 -50 1 1
1658943 1659120 -50 -50 1 1
1660204 1660325 -50 -50 2 1
1661768 1661967 -50 -50 1 1
1685533 1685753 -50 -50 1 1
1688007 1688107 -50 -50 1 1
1696602 1696712 -50 -50 1 1
1709350 1709517 -50 -50 1 1
1727991 1728174 -50 -50 1 1
1735554 1735798 -50 -50 1 1
1753751 1753829 -50 -50 1 1
1759876 1759997 -50 -50 1 1
1842244 1842359 -50 -50 1 1
1857869 1858236 -50 -50 1 1
1879359 1879515 -50 -50 1 1
1914056 1914370 -50 -50 1 1
1917362 1917535 -50 -50 1 1
2048274 2048457 -50 -50 2 1
2063243 2063426 -50 -50 1 1
2071793 2071897 -50 -50 2 1
2099259 2099454 -50 -50 1 1
2150164 2150405 -50 -50 1 1
2177500 2177755 -50 -50 1 1
2185809 2185976 -50 -50 1 1
2194889 2195099 -50 -50 1 1
2212487 2212726 -50 -50 1 1
2219626 2219959 -50 -50 1 1
2221366 2221774 -50 -50 1 1
2223209 2223326 -50 -50 1 1
2234965 2235176 -50 -50 1 1
2236265 2236359 -50 -50 1 1
2246365 2246598 -50 -50 1 1
2284287 2284432 -50 -50 1 1
2286915 2287109 -50 -50 2 1
2300309 2300532 -50 -50 1 1
2303754 2303965 -50 -50 1 1
2310470 2310698 -50 -50 1 1
2312004 2312326 -50 -50 1 1
2319954 2320220 -50 -50 2 1
2328776 2328987 -50 -50 1 1
2331841 2332202 -50 -50 1 1
2334519 2334864 -50 -50 2 1
2341377 2341811 -50 -50 1 1
2346550 2346723 -50 -50 1 1
2354753 2354887 -50 -50 1 1
2359020 2359182 -50 -50 1 1
2361926 2362209 -50 -50 2 1
2363209 2363365 -50 -50 1 1
2363917 2364189 -50 -50 1 1
2365889 2366156 -50 -50 1 1
2369443 2369582 -50 -50 1 1
2371637 2371915 -50 -50 2 1
2374282 2374437 -50 -50 1 1
2375603 2375860 -50 -50 2 1
2379864 2379981 -50 -50 1 1
2384995 2385173 -50 -50 2 1
2396987 2397093 -50 -50 1 1
2416489 2416835 -50 -50 1 1
2419115 2419251 -50 -50 1 1
2469380 2469862 -50 -50 1 1
2482887 2483033 -50 -50 1 1
2483541 2483677 -50 -50 1 1
2547854 2547959 -50 -50 2 1
2559161 2559323 -50 -50 2 1
2577876 2578004 -50 -50 1 1
2618332 2618515 -50 -50 2 1
2620909 2621054 -50 -50 1 1
2624154 2624298 -50 -50 1 1
2629087 2629259 -50 -50 2 1
2639709 2639943 -50 -50 1 1
2642837 2643076 -50 -50 1 1
2655404 2655520 -50 -50 1 1
2672915 2673009 -50 -50 1 1
2679498 2679665 -50 -50 2 1
2755620 2755887 -50 -50 1 1
2948220 2948393 -50 -50 1 1
2950787 2950926 -50 -50 1 1
2956191 2956343 -50 -50 1 1
3013209 3013376 -50 -50 1 1
3019683 3019797 -50 -50 1 1
3023230 3023441 -50 -50 1 1
3028160 3028353 -50 -50 1 1
3029057 3029191 -50 -50 1 1
3073687 3074026 -50 -50 1 1
3074860 3075053 -50 -50 1 1
3076241 3076455 -50 -50 1 1
3078387 3078604 -50 -50 1 1
3079593 3079770 -50 -50 1 1
3080551 3080656 -50 -50 2 1
3082247 3082397 -50 -50 1 1
3085789 3085984 -50 -50 2 1
3090225 3090376 -50 -50 1 1
3104637 3104854 -50 -50 2 1
3107093 3107276 -50 -50 1 1
3109376 3109470 -50 -50 2 1
3110615 3110804 -50 -50 1 1
3117837 3118005 -50 -50 2 1
3121887 3122026 -50 -50 1 1
3125382 3125565 -50 -50 1 1
3133515 3133781 -50 -50 1 1
3135004 3135204 -50 -50 1 1
3136815 3137016 -50 -50 1 1
3138211 3138359 -50 -50 1 1
3139509 3139616 -50 -50 1 1
3161648 3161776 -50 -50 1 1
3163973 3164141 -50 -50 1 1
3165087 3165226 -50 -50 1 1
3167632 3167726 -50 -50 1 1
3210409 3210576 -50 -50 1 1
3259770 3259904 -50 -50 1 1
3264565 3264737 -50 -50 1 1
3272069 3272211 -50 -50 1 1
3273328 3273464 -50 -50 1 1
3274493 3274637 -50 -50 1 1
3275583 3275865 -50 -50 1 1
3293610 3293735 -50 -50 1 1
3297359 3297482 -50 -50 1 1
3316212 3316395 -50 -50 1 1
3324954 3325115 -50 -50 1 1
3368907 3369121 -50 -50 1 1
3387540 3387728 -50 -50 1 1
3396015 3396187 -50 -50 1 1
3397098 3397204 -50 -50 1 1
3400237 3400382 -50 -50 2 1
3405454 3405593 -50 -50 2 1
3412753 3412874 -50 -50 1 1
3413580 3413768 -50 -50 1 1
3420032 3420165 -50 -50 1 1
3429576 3429798 -50 -50 1 1
3430952 3431271 -50 -50 1 1
3433999 3434287 -50 -50 1 1
3435720 3435965 -50 -50 1 1
3438837 3438982 -50 -50 1 1
3440009 3440287 -50 -50 1 1
3451893 3452076 -50 -50 1 1
3508876 3509109 -50 -50 1 1
3520337 3520543 -50 -50 1 1
3529832 3529965 -50 -50 1 1
3530843 3531037 -50 -50 1 1
3545057 3545449 -50 -50 1 1
3557554 3557754 -50 -50 2 1
3562782 3562970 -50 -50 1 1
3565081 3565228 -50 -50 1 1
3567098 3567237 -50 -50 1 1
3567976 3568243 -50 -50 1 1
3571209 3571343 -50 -50 1 1
3572628 3572808 -50 -50 1 1
3573732 3573993 -50 -50 1 1
3575570 3575787 -50 -50 1 1
3576565 3576776 -50 -50 1 1
3579220 3579365 -50 -50 1 1
3580248 3580343 -50 -50 1 1
3583587 3583765 -50 -50 1 1
3585987 3586259 -50 -50 1 1
3594482 3594709 -50 -50 1 1
3599515 3599709 -50 -50 2 1
3609970 3610198 -50 -50 1 1
3619404 3619626 -50 -50 1 1
3621815 3621948 -50 -50 1 1
3625654 3625876 -50 -50 1 1
3627414 3627498 -50 -50 1 1
3631854 3632093 -50 -50 2 1
3648154 3648398 -50 -50 1 1
3648841 3648982 -50 -50 1 1
3649720 3649904 -50 -50 1 1
3650598 3650848 -50 -50 1 1
3651604 3651815 -50 -50 1 1
3652409 3652603 -50 -50 1 1
3698222 3698363 -50 -50 1 1
3707637 3707737 -50 -50 1 1
3710086 3710384 -50 -50 2 1
3711360 3711483 -50 -50 2 1
3712976 3713215 -50 -50 1 1
3728232 3728343 -50 -50 1 1
3729682 3729776 -50 -50 1 1
4169232 4169381 -50 -50 1 1
4175037 4175143 -50 -50 1 1
4180604 4180815 -50 -50 1 1
4182070 4182359 -50 -50 1 1
4192109 4192276 -50 -50 1 1
4195305 4195474 -50 -50 1 1
4196365 4196476 -50 -50 2 1
4196587 4196720 -50 -50 1 1
4197782 4198009 -50 -50 1 1
4198340 4198513 -50 -50 2 1
4205726 4206032 -50 -50 1 1
4207043 4207265 -50 -50 1 1
4208804 4208926 -50 -50 1 1
4209517 4209702 -50 -50 1 1
4209935 4210041 -50 -50 1 1
4213706 4213832 -50 -50 1 1
4216625 4216824 -50 -50 1 1
4220098 4220315 -50 -50 2 1
4221265 4221480 -50 -50 1 1
4221924 4222144 -50 -50 1 1
4225726 4226054 -50 -50 1 1
4232109 4232475 -50 -50 1 1
4233448 4233633 -50 -50 1 1
4233965 4234115 -50 -50 2 1
4234670 4234832 -50 -50 1 1
4235604 4235887 -50 -50 1 1
4237678 4237937 -50 -50 2 1
4240233 4240339 -50 -50 1 1
4242543 4242704 -50 -50 2 1
4243520 4243776 -50 -50 1 1
4244635 4244855 -50 -50 1 1
4246837 4246952 -50 -50 2 1
4254558 4254684 -50 -50 2 1
4257776 4257982 -50 -50 1 1
4258415 4258587 -50 -50 1 1
4259593 4259743 -50 -50 1 1
4262587 4262715 -50 -50 1 1
4263733 4263953 -50 -50 1 1
4264437 4264609 -50 -50 1 1
4265448 4265682 -50 -50 2 1
4266454 4266698 -50 -50 2 1
4268537 4268676 -50 -50 1 1
4269745 4270037 -50 -50 1 1
4273326 4273459 -50 -50 2 1
4274865 4275093 -50 -50 1 1
4277433 4277653 -50 -50 2 1
4280610 4280930 -50 -50 1 1
4281509 4281759 -50 -50 1 1
4283815 4283958 -50 -50 2 1
4284737 4285148 -50 -50 1 1
4286182 4286332 -50 -50 1 1
4287761 4288027 -50 -50 2 1
4290754 4291143 -50 -50 1 1
4292104 4292393 -50 -50 2 1
4297678 4297887 -50 -50 1 1
4298320 4298654 -50 -50 2 1
4298720 4298787 -50 -50 1 1
4301259 4301382 -50 -50 1 1
4302350 4302706 -50 -50 1 1
4305051 4305532 -50 -50 2 1
4307553 4307656 -50 -50 1 1
4308465 4308587 -50 -50 2 1
4309993 4310159 -50 -50 1 1
4310576 4310726 -50 -50 1 1
4311387 4311709 -50 -50 2 1
4312448 4312704 -50 -50 1 1
4313370 4313748 -50 -50 1 1
4315837 4315948 -50 -50 2 1
4318288 4318403 -50 -50 2 1
4318537 4318676 -50 -50 1 1
4319959 4320159 -50 -50 1 1
4321670 4321932 -50 -50 1 1
4322651 4322902 -50 -50 2 1
4323210 4323341 -50 -50 1 1
4323566 4323770 -50 -50 1 1
4325287 4325554 -50 -50 1 1
4326932 4327000 -50 -50 1 1
4327079 4327162 -50 -50 1 1
4327798 4328270 -50 -50 2 1
4330222 4330348 -50 -50 1 1
4332854 4333187 -50 -50 1 1
4335132 4335276 -50 -50 2 1
4340259 4340454 -50 -50 1 1
4341404 4341687 -50 -50 1 1
4342854 4342976 -50 -50 2 1
4345093 4345237 -50 -50 1 1
4346598 4346848 -50 -50 1 1
4352021 4352141 -50 -50 1 1
4354319 4354456 -50 -50 1 1
4355530 4355656 -50 -50 1 1
4357393 4357615 -50 -50 1 1
4358726 4358982 -50 -50 1 1
4361151 4361287 -50 -50 1 1
4367743 4368043 -50 -50 1 1
4369187 4369315 -50 -50 1 1
4371204 4371337 -50 -50 2 1
4373976 4374076 -50 -50 1 1
4381404 4381515 -50 -50 2 1
4382554 4382870 -50 -50 1 1
4386048 4386326 -50 -50 1 1
4388843 4389026 -50 -50 2 1
4389876 4390115 -50 -50 2 1
4397326 4397432 -50 -50 1 1
4400154 4400487 -50 -50 2 1
4401459 4401682 -50 -50 1 1
4409692 4409952 -50 -50 2 1
4420132 4420370 -50 -50 1 1
4436243 4436475 -50 -50 1 1
4442420 4442554 -50 -50 1 1
4448865 4449082 -50 -50 1 1
4475643 4475804 -50 -50 1 1
4509270 4509498 -50 -50 2 1
4528854 4528976 -50 -50 1 1
4534709 4534859 -50 -50 1 1
4545472 4545608 -50 -50 2 1
4548720 4548876 -50 -50 1 1
4557515 4557659 -50 -50 2 1
4563832 4563920 -50 -50 1 1
4569076 4569204 -50 -50 1 1
4571583 4572006 -50 -50 1 1
4577643 4577770 -50 -50 1 1
4590632 4590776 -50 -50 1 1
4622226 4622382 -50 -50 1 1
4627559 4627804 -50 -50 2 1
4653393 4653687 -50 -50 2 1
4667698 4667809 -50 -50 1 1
4729855 4730091 -50 -50 1 1
4732126 4732236 -50 -50 2 1
4734154 4734298 -50 -50 1 1
4739590 4739726 -50 -50 1 1
4749875 4750126 -50 -50 2 1
4750722 4750839 -50 -50 1 1
4757970 4758148 -50 -50 1 1
4759270 4759409 -50 -50 1 1
4760187 4760420 -50 -50 1 1
4760820 4761054 -50 -50 1 1
4771970 4772126 -50 -50 1 1
4773632 4773993 -50 -50 1 1
4775386 4775785 -50 -50 1 1
4777393 4777565 -50 -50 1 1
4778348 4778476 -50 -50 1 1
4789026 4789276 -50 -50 1 1
4789943 4790143 -50 -50 1 1
4794970 4795132 -50 -50 1 1
4804532 4804632 -50 -50 1 1
4845004 4845198 -50 -50 1 1
5009720 5009887 -50 -50 1 1
5018943 5019182 -50 -50 1 1
5023787 5023993 -50 -50 1 1
5025648 5026015 -50 -50 1 1
5048554 5048832 -50 -50 1 1
5051854 5051954 -50 -50 1 1
5055066 5055273 -50 -50 1 1
5055898 5056132 -50 -50 1 1
5057726 5057976 -50 -50 1 1
5058332 5058546 -50 -50 1 1
5059982 5060109 -50 -50 1 1
5061148 5061526 -50 -50 1 1
5063965 5064148 -50 -50 1 1
5070454 5070637 -50 -50 1 1
5072204 5072387 -50 -50 1 1
5073782 5073937 -50 -50 1 1
5075932 5076143 -50 -50 1 1
5077004 5077309 -50 -50 2 1
5080187 5080482 -50 -50 1 1
5081093 5081237 -50 -50 1 1
5087570 5087898 -50 -50 2 1
5088626 5088856 -50 -50 1 1
5090876 5091182 -50 -50 2 1
5091982 5092087 -50 -50 2 1
5092520 5092737 -50 -50 1 1
5094532 5094704 -50 -50 1 1
5096787 5096982 -50 -50 2 1
5101343 5101637 -50 -50 1 1
5103917 5104175 -50 -50 1 1
5105082 5105554 -50 -50 1 1
5109479 5109776 -50 -50 1 1
5110876 5111093 -50 -50 1 1
5112720 5112970 -50 -50 2 1
5113957 5114057 -50 -50 1 1
5115485 5115642 -50 -50 2 1
5118009 5118132 -50 -50 1 1
5119729 5119917 -50 -50 1 1
5125476 5125615 -50 -50 1 1
5125748 5125959 -50 -50 1 1
5127032 5127237 -50 -50 1 1
5128173 5128334 -50 -50 1 1
5129415 5129609 -50 -50 1 1
5129670 5129920 -50 -50 2 1
5130587 5130726 -50 -50 1 1
5130820 5130982 -50 -50 1 1
5132793 5132998 -50 -50 2 1
5133759 5134248 -50 -50 1 1
5135904 5136154 -50 -50 1 1
5136909 5136998 -50 -50 1 1
5137693 5137870 -50 -50 1 1
5139301 5139408 -50 -50 1 1
5140880 5141179 -50 -50 1 1
5143104 5143282 -50 -50 2 1
5150365 5150593 -50 -50 1 1
5153082 5153209 -50 -50 1 1
5154882 5155093 -50 -50 1 1
5155743 5155854 -50 -50 1 1
5158320 5158515 -50 -50 2 1
5159648 5159815 -50 -50 1 1
5161020 5161209 -50 -50 1 1
5162709 5162876 -50 -50 1 1
5163687 5163915 -50 -50 1 1
5164937 5165082 -50 -50 1 1
5166020 5166220 -50 -50 2 1
5168288 5168482 -50 -50 1 1
5169337 5169587 -50 -50 1 1
5170596 5170821 -50 -50 1 1
5171993 5172276 -50 -50 1 1
5173193 5173593 -50 -50 1 1
5174824 5175136 -50 -50 2 1
5175759 5175959 -50 -50 1 1
