788015 788132 -50 -50 2 1
788315 788413 -50 -50 2 1
820520 820743 -50 -50 2 1
824182 824504 -50 -50 1 1
825582 825726 -50 -50 1 1
826998 827315 -50 -50 2 1
828187 828376 -50 -50 1 1
831493 831726 -50 -50 2 1
832326 832587 -50 -50 2 1
834372 834540 -50 -50 2 1
834832 834985 -50 -50 1 1
835454 835626 -50 -50 2 1
838498 838670 -50 -50 1 1
838826 838998 -50 -50 1 1
840017 840352 -50 -50 1 1
840723 840890 -50 -50 2 1
842448 842765 -50 -50 1 1
843937 844282 -50 -50 2 1
845470 845620 -50 -50 1 1
846382 846804 -50 -50 1 1
847226 847332 -50 -50 2 1
848772 849142 -50 -50 1 1
852909 853311 -50 -50 2 1
853782 854137 -50 -50 1 1
854632 854804 -50 -50 1 1
855587 855709 -50 -50 1 1
858298 858609 -50 -50 1 1
859959 860115 -50 -50 2 1
861287 861404 -50 -50 1 1
862143 862276 -50 -50 2 1
862965 863159 -50 -50 1 1
864676 864804 -50 -50 2 1
866323 866531 -50 -50 2 1
866801 866903 -50 -50 1 1
867429 867573 -50 -50 2 1
868826 868937 -50 -50 2 1
873315 873432 -50 -50 1 1
877454 877598 -50 -50 2 1
882293 882387 -50 -50 2 1
882459 882642 -50 -50 1 1
882859 883259 -50 -50 2 1
885760 885859 -50 -50 2 1
886268 886397 -50 -50 1 1
887320 887482 -50 -50 2 1
889215 889554 -50 -50 2 1
890809 890943 -50 -50 1 1
891654 891809 -50 -50 1 1
895624 895790 -50 -50 1 1
898182 898315 -50 -50 1 1
898909 899076 -50 -50 1 1
899769 899961 -50 -50 1 1
905326 905443 -50 -50 1 1
908559 908670 -50 -50 1 1
908928 909034 -50 -50 1 1
909615 909820 -50 -50 2 1
910748 910859 -50 -50 1 1
911541 911776 -50 -50 1 1
912976 913209 -50 -50 1 1
917193 917359 -50 -50 1 1
922064 922508 -50 -50 1 1
924952 925193 -50 -50 2 1
926318 926522 -50 -50 1 1
934814 934943 -50 -50 2 1
937193 937321 -50 -50 1 1
937904 937987 -50 -50 1 1
939864 940002 -50 -50 2 1
948412 948642 -50 -50 1 1
962735 962841 -50 -50 2 1
967548 967682 -50 -50 1 1
974364 974494 -50 -50 1 1
984349 984511 -50 -50 2 1
996401 996474 -50 -50 2 1
997201 997326 -50 -50 1 1
998720 998832 -50 -50 2 1
1016220 1016376 -50 -50 1 1
1065111 1065231 -50 -50 1 1
1088498 1088620 -50 -50 2 1
1096015 1096143 -50 -50 1 1
1101613 1101712 -50 -50 2 1
1125665 1125760 -50 -50 2 1
1127020 1127193 -50 -50 2 1
1129542 1129688 -50 -50 2 1
1132814 1132938 -50 -50 1 1
1135287 1135409 -50 -50 1 1
1147298 1147404 -50 -50 1 1
1201698 1202104 -50 -50 1 1
1202692 1203038 -50 -50 1 1
1203176 1203437 -50 -50 2 1
1204104 1204259 -50 -50 1 1
1205643 1205993 -50 -50 1 1
1208037 1208382 -50 -50 1 1
1208848 1209143 -50 -50 1 1
1219554 1219809 -50 -50 2 1
1220196 1220352 -50 -50 1 1
1220693 1221096 -50 -50 1 1
1221232 1221415 -50 -50 1 1
1222243 1222748 -50 -50 2 1
1224843 1225020 -50 -50 1 1
1226004 1226237 -50 -50 2 1
1227110 1227274 -50 -50 1 1
1229515 1230037 -50 -50 2 1
1230372 1230461 -50 -50 1 1
1230540 1230665 -50 -50 1 1
1231198 1231398 -50 -50 1 1
1232087 1232237 -50 -50 2 1
1238062 1238218 -50 -50 2 1
1240293 1240482 -50 -50 2 1
1244720 1244904 -50 -50 2 1
1247626 1247887 -50 -50 1 1
1249348 1249476 -50 -50 2 1
1251504 1251682 -50 -50 2 1
1252337 1252470 -50 -50 1 1
1253526 1253654 -50 -50 1 1
1255470 1255726 -50 -50 1 1
1256726 1256920 -50 -50 1 1
1265089 1265191 -50 -50 1 1
1268509 1268713 -50 -50 1 1
1288165 1288304 -50 -50 1 1
1310415 1310568 -50 -50 2 1
1312210 1312330 -50 -50 1 1
1312476 1312698 -50 -50 2 1
1321165 1321612 -50 -50 2 1
1322789 1322900 -50 -50 1 1
1323715 1323893 -50 -50 1 1
1325320 1325565 -50 -50 1 1
1339066 1339191 -50 -50 1 1
1348052 1348335 -50 -50 1 1
1358848 1359065 -50 -50 1 1
1362654 1362854 -50 -50 1 1
1369548 1369932 -50 -50 1 1
1371565 1371687 -50 -50 1 1
1378793 1379020 -50 -50 1 1
1382603 1382844 -50 -50 1 1
1387272 1387832 -50 -50 1 1
1389015 1389115 -50 -50 2 1
1389591 1389932 -50 -50 1 1
1390337 1390554 -50 -50 2 1
1391209 1391409 -50 -50 1 1
1393241 1393352 -50 -50 2 1
1394820 1395382 -50 -50 1 1
1396604 1396726 -50 -50 2 1
1399393 1399882 -50 -50 2 1
1400520 1400643 -50 -50 2 1
1401959 1402137 -50 -50 2 1
1402415 1402665 -50 -50 1 1
1403954 1404270 -50 -50 2 1
1404959 1405120 -50 -50 1 1
1405965 1406126 -50 -50 2 1
1408343 1408809 -50 -50 2 1
1409337 1409770 -50 -50 1 1
1410276 1410843 -50 -50 1 1
1413159 1413404 -50 -50 2 1
1413720 1413854 -50 -50 1 1
1415548 1415670 -50 -50 1 1
1416043 1416232 -50 -50 2 1
1417120 1417570 -50 -50 2 1
1419937 1420143 -50 -50 1 1
1420965 1421304 -50 -50 1 1
1422148 1422270 -50 -50 2 1
1422837 1423287 -50 -50 1 1
1424504 1424904 -50 -50 1 1
1426015 1426487 -50 -50 1 1
1427409 1427504 -50 -50 2 1
1428274 1428451 -50 -50 1 1
1429293 1429593 -50 -50 1 1
1430258 1430337 -50 -50 2 1
1431037 1431204 -50 -50 1 1
1432204 1432343 -50 -50 2 1
1433215 1433620 -50 -50 2 1
1439532 1439682 -50 -50 1 1
1439954 1440182 -50 -50 1 1
1442716 1442846 -50 -50 2 1
1443026 1443154 -50 -50 1 1
1444564 1444883 -50 -50 1 1
1445804 1445937 -50 -50 2 1
1447253 1447425 -50 -50 2 1
1448906 1449068 -50 -50 1 1
1450554 1450693 -50 -50 1 1
1453325 1453466 -50 -50 1 1
1456382 1456504 -50 -50 1 1
1457682 1457893 -50 -50 2 1
1459139 1459335 -50 -50 1 1
1464415 1464737 -50 -50 1 1
1468932 1469032 -50 -50 1 1
1471219 1471561 -50 -50 2 1
1472920 1473093 -50 -50 2 1
2215637 2215848 -50 -50 2 1
2218352 2218793 -50 -50 2 1
2220837 2221026 -50 -50 2 1
2225198 2225459 -50 -50 1 1
2229198 2229504 -50 -50 2 1
2230487 2230748 -50 -50 2 1
2235031 2235161 -50 -50 1 1
2236498 2236737 -50 -50 2 1
2238843 2239282 -50 -50 1 1
2239976 2240126 -50 -50 1 1
2240849 2241001 -50 -50 1 1
2242132 2242648 -50 -50 1 1
2243743 2243954 -50 -50 2 1
2246248 2246593 -50 -50 1 1
2247673 2247804 -50 -50 1 1
2250132 2250570 -50 -50 1 1
2254026 2254220 -50 -50 2 1
2254670 2255076 -50 -50 2 1
2255809 2256165 -50 -50 1 1
2256343 2256455 -50 -50 2 1
2257370 2257487 -50 -50 1 1
2260982 2261182 -50 -50 1 1
2262059 2262432 -50 -50 2 1
2263226 2263487 -50 -50 1 1
2264165 2264320 -50 -50 1 1
2264943 2265265 -50 -50 2 1
2265759 2266015 -50 -50 1 1
2266281 2266410 -50 -50 1 1
2266534 2266667 -50 -50 1 1
2266764 2266832 -50 -50 2 1
2267943 2268143 -50 -50 1 1
2268758 2268890 -50 -50 2 1
2271487 2271732 -50 -50 2 1
2272748 2273015 -50 -50 1 1
2273509 2274093 -50 -50 1 1
2274660 2274817 -50 -50 1 1
2278437 2278720 -50 -50 1 1
2279748 2279898 -50 -50 1 1
2280215 2280615 -50 -50 1 1
2280748 2280853 -50 -50 2 1
2282065 2282404 -50 -50 1 1
2282508 2282677 -50 -50 1 1
2283282 2283420 -50 -50 1 1
2283865 2284037 -50 -50 2 1
2284793 2285026 -50 -50 1 1
2285187 2285415 -50 -50 1 1
2285615 2285770 -50 -50 1 1
2286332 2286526 -50 -50 1 1
2288837 2288987 -50 -50 2 1
2290876 2291115 -50 -50 1 1
2291721 2291852 -50 -50 1 1
2293204 2293537 -50 -50 1 1
2293870 2294082 -50 -50 2 1
2295258 2295531 -50 -50 2 1
2296209 2296382 -50 -50 1 1
2297879 2297972 -50 -50 2 1
2298057 2298145 -50 -50 2 1
2299450 2299641 -50 -50 1 1
2301309 2301420 -50 -50 1 1
2302215 2302698 -50 -50 1 1
2303932 2304020 -50 -50 2 1
2304743 2304904 -50 -50 1 1
2306737 2306865 -50 -50 2 1
2308470 2308670 -50 -50 1 1
2309420 2309720 -50 -50 1 1
2310426 2310548 -50 -50 2 1
2311244 2311610 -50 -50 1 1
2311862 2312000 -50 -50 2 1
2313526 2314020 -50 -50 1 1
2314715 2315109 -50 -50 2 1
2315593 2316020 -50 -50 2 1
2319848 2320009 -50 -50 1 1
2320909 2321187 -50 -50 1 1
2322148 2322376 -50 -50 2 1
2322893 2323076 -50 -50 1 1
2330243 2330443 -50 -50 2 1
2330515 2330719 -50 -50 1 1
2332100 2332173 -50 -50 1 1
2334593 2334854 -50 -50 1 1
2334962 2335068 -50 -50 1 1
2335712 2335845 -50 -50 2 1
2335969 2336142 -50 -50 1 1
2339748 2339876 -50 -50 1 1
2341559 2341659 -50 -50 2 1
2343148 2343532 -50 -50 1 1
2344215 2344398 -50 -50 1 1
2345087 2345248 -50 -50 1 1
2351548 2351654 -50 -50 1 1
2356579 2356659 -50 -50 2 1
2358393 2358543 -50 -50 1 1
2360898 2361065 -50 -50 1 1
2364506 2364652 -50 -50 1 1
2367893 2368109 -50 -50 2 1
2370814 2370945 -50 -50 1 1
2373770 2373909 -50 -50 1 1
2383818 2384176 -50 -50 2 1
2384948 2385143 -50 -50 1 1
2385472 2385718 -50 -50 1 1
2390548 2390687 -50 -50 1 1
2393314 2393462 -50 -50 1 1
2397744 2397897 -50 -50 1 1
2399436 2399564 -50 -50 2 1
2404681 2404809 -50 -50 2 1
2406937 2407126 -50 -50 1 1
2424082 2424187 -50 -50 1 1
2426823 2426902 -50 -50 2 1
2447585 2447705 -50 -50 1 1
2451277 2451386 -50 -50 2 1
2454749 2454842 -50 -50 2 1
2464253 2464397 -50 -50 1 1
2470934 2471049 -50 -50 2 1
2473815 2473937 -50 -50 1 1
2474878 2475147 -50 -50 2 1
2480418 2480554 -50 -50 1 1
2481854 2481982 -50 -50 2 1
2482504 2482626 -50 -50 1 1
2488409 2488520 -50 -50 2 1
2489517 2489690 -50 -50 1 1
2493749 2493988 -50 -50 2 1
2494576 2494659 -50 -50 1 1
2526065 2526181 -50 -50 1 1
2583625 2583758 -50 -50 2 1
2602102 2602207 -50 -50 2 1
2603352 2603473 -50 -50 1 1
2615933 2616027 -50 -50 2 1
2617248 2617320 -50 -50 2 1
2620587 2620661 -50 -50 1 1
2629337 2629503 -50 -50 1 1
2653162 2653230 -50 -50 2 1
2681724 2681991 -50 -50 1 1
2710885 2710978 -50 -50 2 1
2736812 2736979 -50 -50 2 1
2738114 2738282 -50 -50 1 1
2744643 2744765 -50 -50 2 1
2776086 2776207 -50 -50 1 1
2776272 2776411 -50 -50 1 1
2779900 2779984 -50 -50 2 1
2804858 2804975 -50 -50 1 1
2806698 2806781 -50 -50 1 1
2845645 2845734 -50 -50 2 1
2859263 2859360 -50 -50 1 1
2904676 2904882 -50 -50 2 1
2906522 2906675 -50 -50 1 1
2907365 2907876 -50 -50 2 1
2908476 2908643 -50 -50 2 1
2909309 2909576 -50 -50 1 1
2915048 2915232 -50 -50 2 1
2917793 2918237 -50 -50 2 1
2919143 2919332 -50 -50 1 1
2924971 2925110 -50 -50 1 1
2926309 2926459 -50 -50 2 1
2928498 2928609 -50 -50 1 1
2936765 2937048 -50 -50 2 1
2939515 2939826 -50 -50 1 1
2940459 2940635 -50 -50 2 1
2941404 2941643 -50 -50 1 1
2942815 2943020 -50 -50 2 1
2944982 2945198 -50 -50 1 1
2945498 2945887 -50 -50 1 1
2947120 2947309 -50 -50 1 1
2948891 2949279 -50 -50 1 1
2950048 2950209 -50 -50 1 1
2950809 2951119 -50 -50 1 1
2951671 2951855 -50 -50 2 1
2952498 2952620 -50 -50 1 1
2958911 2959170 -50 -50 2 1
2961298 2961604 -50 -50 1 1
2962076 2962420 -50 -50 1 1
2963043 2963232 -50 -50 2 1
2964748 2965037 -50 -50 1 1
2966065 2966182 -50 -50 1 1
2969854 2970115 -50 -50 1 1
2970498 2970776 -50 -50 2 1
2974037 2974243 -50 -50 1 1
2979770 2980004 -50 -50 2 1
2982126 2982337 -50 -50 1 1
2984814 2985027 -50 -50 2 1
2993032 2993120 -50 -50 2 1
3117354 3117659 -50 -50 2 1
3118632 3118959 -50 -50 1 1
3119532 3119732 -50 -50 2 1
3122037 3122132 -50 -50 1 1
3122865 3123065 -50 -50 2 1
3124290 3124434 -50 -50 1 1
3125232 3125643 -50 -50 2 1
3127809 3127976 -50 -50 2 1
3129032 3129111 -50 -50 2 1
3130598 3130909 -50 -50 2 1
3134220 3134470 -50 -50 2 1
3138187 3138426 -50 -50 1 1
3139204 3139466 -50 -50 2 1
3139982 3140098 -50 -50 1 1
3142193 3142320 -50 -50 2 1
3142926 3143148 -50 -50 1 1
3143793 3144254 -50 -50 2 1
3146993 3147293 -50 -50 1 1
3147404 3147609 -50 -50 1 1
3149204 3149515 -50 -50 2 1
3152476 3152715 -50 -50 1 1
3156220 3156670 -50 -50 2 1
3158009 3158426 -50 -50 1 1
3159387 3159501 -50 -50 2 1
3162576 3162868 -50 -50 2 1
3162948 3163094 -50 -50 1 1
3164409 3164599 -50 -50 1 1
3166192 3166304 -50 -50 1 1
3167215 3167448 -50 -50 1 1
3168165 3168609 -50 -50 2 1
3169259 3169598 -50 -50 1 1
3170959 3171215 -50 -50 1 1
3171793 3171982 -50 -50 2 1
3172739 3172976 -50 -50 2 1
3173582 3173837 -50 -50 1 1
3174865 3175126 -50 -50 2 1
3176732 3176998 -50 -50 1 1
3178320 3178537 -50 -50 2 1
3179702 3179806 -50 -50 1 1
3186043 3186143 -50 -50 1 1
3187676 3188054 -50 -50 1 1
3188732 3188904 -50 -50 1 1
3189715 3190087 -50 -50 1 1
3190648 3190815 -50 -50 2 1
3191326 3191737 -50 -50 1 1
3192320 3192748 -50 -50 1 1
3193604 3193893 -50 -50 1 1
3194515 3194765 -50 -50 2 1
3196459 3196676 -50 -50 1 1
3197454 3197587 -50 -50 1 1
3198480 3198631 -50 -50 2 1
3199678 3199903 -50 -50 2 1
3200189 3200411 -50 -50 1 1
3202082 3202609 -50 -50 1 1
3204522 3205076 -50 -50 1 1
3205687 3205887 -50 -50 1 1
3207248 3207582 -50 -50 1 1
3208337 3208643 -50 -50 2 1
3209815 3210020 -50 -50 2 1
3210359 3210659 -50 -50 2 1
3211532 3211898 -50 -50 2 1
3212493 3212870 -50 -50 1 1
3215152 3215383 -50 -50 2 1
3217198 3217682 -50 -50 2 1
3218132 3218526 -50 -50 1 1
3220398 3220715 -50 -50 1 1
3222987 3223170 -50 -50 1 1
3224142 3224323 -50 -50 2 1
3225198 3225354 -50 -50 2 1
3228282 3228420 -50 -50 1 1
3228514 3228665 -50 -50 1 1
3229532 3229759 -50 -50 1 1
3230476 3230637 -50 -50 2 1
3231216 3231406 -50 -50 1 1
3232202 3232370 -50 -50 2 1
3232698 3232915 -50 -50 2 1
3234120 3234409 -50 -50 1 1
3235165 3235326 -50 -50 2 1
3238182 3238393 -50 -50 1 1
3239570 3239687 -50 -50 1 1
3240959 3241354 -50 -50 2 1
3243315 3243576 -50 -50 1 1
3244609 3244865 -50 -50 1 1
3246559 3246820 -50 -50 1 1
3247637 3247798 -50 -50 2 1
3248816 3248930 -50 -50 2 1
3249569 3249715 -50 -50 1 1
3251087 3251370 -50 -50 2 1
3254582 3254909 -50 -50 1 1
3256397 3256522 -50 -50 2 1
3256748 3257070 -50 -50 1 1
3257598 3257743 -50 -50 1 1
3258426 3258659 -50 -50 1 1
3259943 3260109 -50 -50 2 1
3261242 3261707 -50 -50 1 1
3262382 3262654 -50 -50 2 1
3263582 3263815 -50 -50 2 1
3264302 3264652 -50 -50 1 1
3265693 3265870 -50 -50 1 1
3267615 3267920 -50 -50 1 1
3269048 3269393 -50 -50 2 1
3270198 3270398 -50 -50 1 1
3272409 3272648 -50 -50 1 1
3274970 3275259 -50 -50 1 1
3275843 3276104 -50 -50 2 1
3276959 3277382 -50 -50 1 1
3278364 3278531 -50 -50 1 1
3279784 3279922 -50 -50 1 1
3281070 3281274 -50 -50 1 1
3283109 3283532 -50 -50 1 1
3284898 3285043 -50 -50 2 1
3287320 3287504 -50 -50 2 1
3288286 3288412 -50 -50 1 1
3290348 3290676 -50 -50 2 1
3292832 3293076 -50 -50 2 1
3293526 3293898 -50 -50 1 1
3294304 3294604 -50 -50 1 1
3295209 3295459 -50 -50 2 1
3296256 3296507 -50 -50 1 1
3297232 3297582 -50 -50 2 1
3298883 3299198 -50 -50 2 1
3299748 3299943 -50 -50 1 1
3300865 3301148 -50 -50 1 1
3301848 3302070 -50 -50 2 1
3303261 3303371 -50 -50 1 1
3304504 3304698 -50 -50 1 1
3306040 3306184 -50 -50 1 1
3307221 3307374 -50 -50 1 1
3308209 3308404 -50 -50 1 1
3310249 3310337 -50 -50 1 1
3310787 3311120 -50 -50 1 1
3311659 3311815 -50 -50 2 1
3312193 3312359 -50 -50 1 1
3312461 3312728 -50 -50 1 1
3320270 3320815 -50 -50 1 1
3321890 3322008 -50 -50 1 1
3323619 3323920 -50 -50 1 1
3325076 3325293 -50 -50 1 1
3325982 3326470 -50 -50 1 1
3327215 3327509 -50 -50 1 1
3328264 3328447 -50 -50 1 1
3329432 3329737 -50 -50 1 1
3331647 3331735 -50 -50 2 1
3332161 3332292 -50 -50 1 1
3333604 3333837 -50 -50 1 1
3334959 3335137 -50 -50 1 1
3335698 3336054 -50 -50 1 1
3339298 3339454 -50 -50 1 1
3340998 3341359 -50 -50 1 1
3342286 3342605 -50 -50 1 1
3343214 3343345 -50 -50 1 1
3343587 3343804 -50 -50 1 1
3344670 3344865 -50 -50 1 1
3345397 3345605 -50 -50 2 1
3346487 3346682 -50 -50 1 1
3348709 3348932 -50 -50 1 1
3350804 3351070 -50 -50 1 1
3352065 3352287 -50 -50 1 1
3353137 3353387 -50 -50 1 1
3354337 3354620 -50 -50 1 1
3355576 3355820 -50 -50 1 1
3357593 3357870 -50 -50 2 1
3359115 3359398 -50 -50 1 1
3360922 3361024 -50 -50 1 1
3362159 3362409 -50 -50 2 1
3363709 3363859 -50 -50 1 1
3364459 3364682 -50 -50 2 1
3364848 3365026 -50 -50 2 1
3367105 3367351 -50 -50 1 1
3368037 3368409 -50 -50 1 1
3369393 3369704 -50 -50 1 1
3370665 3371087 -50 -50 1 1
3371569 3371695 -50 -50 1 1
3372302 3372422 -50 -50 1 1
3373482 3373693 -50 -50 1 1
3374387 3374643 -50 -50 1 1
3374862 3374987 -50 -50 1 1
3376727 3376947 -50 -50 1 1
3377151 3377433 -50 -50 1 1
3380485 3380712 -50 -50 1 1
3381670 3381865 -50 -50 1 1
3404404 3404554 -50 -50 1 1
3413565 3413787 -50 -50 1 1
3415332 3415484 -50 -50 1 1
3416462 3417027 -50 -50 1 1
3417692 3417964 -50 -50 1 1
3418408 3418549 -50 -50 1 1
3419554 3419787 -50 -50 1 1
3420665 3421048 -50 -50 1 1
3421737 3421959 -50 -50 1 1
3422096 3422216 -50 -50 1 1
3422642 3422739 -50 -50 2 1
3422976 3423216 -50 -50 1 1
3423404 3423693 -50 -50 2 1
3424398 3424815 -50 -50 1 1
3425520 3426059 -50 -50 2 1
3426826 3427243 -50 -50 1 1
3427882 3428187 -50 -50 2 1
3429054 3429237 -50 -50 1 1
3431437 3431620 -50 -50 1 1
3432791 3433120 -50 -50 1 1
3433426 3433870 -50 -50 2 1
3435126 3435376 -50 -50 1 1
3436726 3436965 -50 -50 1 1
3438398 3438582 -50 -50 1 1
3439509 3439759 -50 -50 2 1
3439870 3440043 -50 -50 1 1
3440737 3440937 -50 -50 2 1
3441887 3442030 -50 -50 1 1
3442610 3442795 -50 -50 2 1
3443298 3443493 -50 -50 1 1
3444119 3444286 -50 -50 2 1
3444698 3444781 -50 -50 1 1
3445489 3445702 -50 -50 1 1
3445960 3446358 -50 -50 2 1
3448643 3448959 -50 -50 2 1
3453137 3453309 -50 -50 1 1
3454097 3454323 -50 -50 1 1
3455248 3455643 -50 -50 2 1
3457866 3458080 -50 -50 2 1
3460220 3460366 -50 -50 1 1
3460595 3460861 -50 -50 2 1
3463015 3463176 -50 -50 2 1
3463754 3463898 -50 -50 1 1
3465004 3465193 -50 -50 2 1
3466226 3466532 -50 -50 2 1
3467182 3467409 -50 -50 1 1
3469357 3469468 -50 -50 2 1
3469826 3470004 -50 -50 1 1
3472237 3472504 -50 -50 1 1
3473570 3473798 -50 -50 2 1
3475176 3475293 -50 -50 1 1
3476037 3476159 -50 -50 2 1
3476284 3476483 -50 -50 1 1
3477059 3477315 -50 -50 2 1
3478470 3478598 -50 -50 1 1
3479793 3480098 -50 -50 2 1
3481170 3481343 -50 -50 2 1
3482259 3482398 -50 -50 1 1
3483739 3483957 -50 -50 1 1
3487437 3487637 -50 -50 2 1
3489076 3489476 -50 -50 2 1
3490442 3490594 -50 -50 1 1
3492298 3492543 -50 -50 2 1
3494315 3494582 -50 -50 2 1
3495476 3495909 -50 -50 2 1
3496737 3497204 -50 -50 1 1
3500032 3500204 -50 -50 1 1
3501487 3501887 -50 -50 2 1
3502832 3502993 -50 -50 1 1
3506256 3506465 -50 -50 2 1
3507595 3507684 -50 -50 1 1
3510559 3510870 -50 -50 2 1
3512037 3512332 -50 -50 2 1
3512954 3513193 -50 -50 1 1
3514232 3514382 -50 -50 1 1
3515420 3515582 -50 -50 2 1
3517493 3517665 -50 -50 1 1
3519320 3519498 -50 -50 2 1
3520141 3520293 -50 -50 1 1
3523504 3523682 -50 -50 2 1
3525498 3525765 -50 -50 2 1
3526043 3526282 -50 -50 1 1
3526737 3526848 -50 -50 2 1
3527703 3527881 -50 -50 1 1
3528526 3528804 -50 -50 1 1
3529937 3530154 -50 -50 2 1
3530653 3530810 -50 -50 1 1
3532043 3532326 -50 -50 1 1
3532971 3533201 -50 -50 1 1
3534467 3534571 -50 -50 2 1
3536226 3536337 -50 -50 1 1
3537437 3537548 -50 -50 1 1
3538823 3539018 -50 -50 1 1
3539771 3539870 -50 -50 2 1
3539954 3540182 -50 -50 2 1
3541176 3541459 -50 -50 1 1
3542004 3542204 -50 -50 1 1
3542848 3543054 -50 -50 1 1
3543686 3543875 -50 -50 1 1
3545120 3545209 -50 -50 2 1
3550759 3551037 -50 -50 2 1
3551893 3552170 -50 -50 1 1
3552909 3553320 -50 -50 1 1
3553837 3554082 -50 -50 1 1
3554976 3555306 -50 -50 1 1
3556094 3556256 -50 -50 1 1
3557451 3557557 -50 -50 1 1
3559254 3559382 -50 -50 2 1
3561620 3561743 -50 -50 1 1
3565254 3565459 -50 -50 1 1
3568685 3568889 -50 -50 2 1
3570126 3570320 -50 -50 1 1
3572604 3572709 -50 -50 2 1
3574887 3575165 -50 -50 1 1
3575754 3575987 -50 -50 1 1
3583887 3584165 -50 -50 1 1
3584920 3585137 -50 -50 2 1
3585437 3585604 -50 -50 1 1
3586332 3586582 -50 -50 1 1
3587393 3587570 -50 -50 2 1
3587698 3587920 -50 -50 1 1
3588637 3588993 -50 -50 2 1
3590459 3590754 -50 -50 2 1
3591487 3591661 -50 -50 1 1
3592453 3592752 -50 -50 1 1
3593409 3593815 -50 -50 1 1
3594398 3594698 -50 -50 1 1
3595537 3595776 -50 -50 1 1
3596448 3596709 -50 -50 2 1
3597409 3597543 -50 -50 1 1
3599098 3599343 -50 -50 2 1
3602704 3602993 -50 -50 1 1
3603787 3604026 -50 -50 1 1
3605659 3605893 -50 -50 2 1
3606676 3606920 -50 -50 2 1
3610908 3611143 -50 -50 1 1
3612209 3612415 -50 -50 1 1
3618143 3618354 -50 -50 2 1
3619987 3620165 -50 -50 2 1
3623232 3623604 -50 -50 1 1
3624182 3624465 -50 -50 1 1
3626204 3626437 -50 -50 2 1
3627070 3627415 -50 -50 1 1
3628159 3628476 -50 -50 2 1
3629909 3630465 -50 -50 1 1
3632156 3632271 -50 -50 1 1
3633489 3633675 -50 -50 1 1
3635215 3635532 -50 -50 1 1
3635743 3636154 -50 -50 1 1
3636854 3637093 -50 -50 2 1
3638682 3638843 -50 -50 1 1
3639587 3639759 -50 -50 2 1
3640693 3640876 -50 -50 1 1
3641870 3642137 -50 -50 2 1
3643926 3644137 -50 -50 1 1
3645115 3645404 -50 -50 2 1
3646487 3646682 -50 -50 2 1
3647165 3647493 -50 -50 2 1
3648687 3648948 -50 -50 1 1
3650243 3650482 -50 -50 2 1
3651370 3651620 -50 -50 1 1
3653109 3653315 -50 -50 2 1
3656487 3656732 -50 -50 1 1
3658832 3659226 -50 -50 2 1
3660004 3660276 -50 -50 2 1
3660676 3660843 -50 -50 2 1
3661931 3662057 -50 -50 1 1
3662304 3662426 -50 -50 1 1
3662837 3662998 -50 -50 1 1
3664232 3664582 -50 -50 1 1
3665382 3665820 -50 -50 2 1
3666526 3666682 -50 -50 1 1
3669817 3669964 -50 -50 1 1
3670221 3670434 -50 -50 1 1
3671704 3671948 -50 -50 2 1
3672865 3673126 -50 -50 2 1
3673770 3674070 -50 -50 1 1
3676676 3676926 -50 -50 2 1
3677659 3677765 -50 -50 1 1
3678420 3678876 -50 -50 1 1
3683504 3683640 -50 -50 1 1
3683920 3684204 -50 -50 2 1
3685926 3686143 -50 -50 1 1
3688082 3688259 -50 -50 2 1
3689220 3689354 -50 -50 2 1
3689837 3689937 -50 -50 1 1
3691976 3692365 -50 -50 2 1
3693694 3693814 -50 -50 1 1
3694615 3694848 -50 -50 1 1
3696191 3696379 -50 -50 2 1
3696743 3696998 -50 -50 2 1
3697589 3697762 -50 -50 1 1
3698374 3698564 -50 -50 1 1
3700296 3700409 -50 -50 1 1
3702720 3702903 -50 -50 1 1
3705704 3705882 -50 -50 2 1
3706236 3706403 -50 -50 1 1
3708083 3708205 -50 -50 1 1
3708543 3708743 -50 -50 1 1
3711137 3711265 -50 -50 1 1
3711365 3711554 -50 -50 2 1
3712187 3712593 -50 -50 1 1
3713243 3713437 -50 -50 1 1
3714076 3714276 -50 -50 1 1
3714926 3715043 -50 -50 2 1
3716854 3717037 -50 -50 1 1
3718859 3719076 -50 -50 2 1
3721081 3721301 -50 -50 1 1
3721997 3722300 -50 -50 2 1
3722484 3722603 -50 -50 2 1
3725459 3725809 -50 -50 2 1
3726187 3726380 -50 -50 1 1
3726590 3726699 -50 -50 1 1
3727082 3727248 -50 -50 2 1
3727570 3727776 -50 -50 1 1
3728530 3728745 -50 -50 1 1
3730476 3730693 -50 -50 2 1
3731682 3731815 -50 -50 1 1
3733604 3733787 -50 -50 2 1
3734815 3734932 -50 -50 1 1
3736393 3736659 -50 -50 2 1
3737598 3737826 -50 -50 1 1
3739132 3739315 -50 -50 2 1
3739932 3740215 -50 -50 1 1
3743026 3743198 -50 -50 2 1
3754337 3754615 -50 -50 1 1
3755693 3756093 -50 -50 2 1
3756870 3757143 -50 -50 2 1
3757843 3758393 -50 -50 2 1
3758987 3759520 -50 -50 1 1
3760315 3760493 -50 -50 1 1
3761493 3761582 -50 -50 2 1
3764715 3764982 -50 -50 2 1
3767409 3767726 -50 -50 1 1
3768492 3768779 -50 -50 2 1
3771476 3771637 -50 -50 2 1
3772643 3772826 -50 -50 2 1
3773843 3774009 -50 -50 1 1
3774765 3774987 -50 -50 1 1
3775482 3775732 -50 -50 1 1
3778543 3778715 -50 -50 1 1
3815059 3815133 -50 -50 1 1
3819070 3819265 -50 -50 1 1
4219109 4219220 -50 -50 2 1
4220237 4220504 -50 -50 1 1
4221308 4221514 -50 -50 2 1
4223098 4223248 -50 -50 2 1
4224179 4224679 -50 -50 2 1
4227432 4227715 -50 -50 1 1
4230226 4230398 -50 -50 1 1
4230643 4230887 -50 -50 1 1
4234504 4234659 -50 -50 1 1
4235504 4235787 -50 -50 2 1
4236406 4236675 -50 -50 1 1
4237459 4237926 -50 -50 2 1
4238404 4238507 -50 -50 2 1
4238787 4239026 -50 -50 1 1
4239965 4240109 -50 -50 1 1
4241998 4242232 -50 -50 1 1
4242876 4243243 -50 -50 2 1
4244496 4244685 -50 -50 1 1
4245197 4245365 -50 -50 1 1
4246020 4246248 -50 -50 1 1
4246732 4246876 -50 -50 1 1
4247662 4247981 -50 -50 1 1
4248565 4248770 -50 -50 1 1
4249179 4249300 -50 -50 1 1
4249587 4249787 -50 -50 1 1
4250826 4251093 -50 -50 1 1
4252193 4252354 -50 -50 2 1
4252537 4252737 -50 -50 1 1
4255015 4255348 -50 -50 1 1
4257367 4257576 -50 -50 1 1
4259320 4259482 -50 -50 1 1
4260582 4260737 -50 -50 1 1
4261398 4261826 -50 -50 1 1
4262326 4262648 -50 -50 1 1
4263426 4263626 -50 -50 2 1
4266748 4266943 -50 -50 1 1
4269718 4269901 -50 -50 1 1
4270548 4270837 -50 -50 2 1
4271654 4271820 -50 -50 1 1
4271985 4272226 -50 -50 1 1
4274798 4275009 -50 -50 1 1
4276187 4276687 -50 -50 1 1
4277440 4277839 -50 -50 1 1
4278459 4278820 -50 -50 1 1
4279568 4279878 -50 -50 1 1
4281348 4281582 -50 -50 2 1
4282248 4282504 -50 -50 1 1
4283964 4284236 -50 -50 1 1
4285124 4285323 -50 -50 2 1
4287193 4287420 -50 -50 1 1
4289898 4290143 -50 -50 2 1
4291426 4291559 -50 -50 1 1
4291765 4292043 -50 -50 2 1
4292604 4292982 -50 -50 1 1
4293698 4293959 -50 -50 1 1
4294648 4294809 -50 -50 1 1
4300276 4300632 -50 -50 1 1
4301076 4301237 -50 -50 1 1
4303315 4303732 -50 -50 1 1
4304498 4304915 -50 -50 1 1
4305509 4305859 -50 -50 1 1
4307031 4307149 -50 -50 1 1
4307365 4307543 -50 -50 2 1
4307659 4307948 -50 -50 1 1
4308770 4308976 -50 -50 2 1
4311765 4311998 -50 -50 2 1
4313504 4313926 -50 -50 1 1
4318932 4319232 -50 -50 1 1
4320182 4320448 -50 -50 1 1
4321682 4322154 -50 -50 1 1
4322414 4322518 -50 -50 1 1
4323087 4323354 -50 -50 2 1
4324048 4324320 -50 -50 1 1
4326404 4326732 -50 -50 2 1
4326937 4327232 -50 -50 1 1
4327798 4328132 -50 -50 1 1
4328326 4328559 -50 -50 2 1
4329294 4329613 -50 -50 1 1
4332332 4332737 -50 -50 2 1
4333476 4333693 -50 -50 2 1
4334115 4334343 -50 -50 1 1
4334876 4335104 -50 -50 2 1
4335698 4335864 -50 -50 1 1
4338568 4338693 -50 -50 1 1
4339454 4339620 -50 -50 1 1
4340954 4341248 -50 -50 2 1
4342276 4342543 -50 -50 2 1
4343543 4343915 -50 -50 2 1
4344807 4344927 -50 -50 1 1
4346320 4346509 -50 -50 1 1
4347565 4347715 -50 -50 1 1
4349570 4349898 -50 -50 2 1
4351815 4352054 -50 -50 1 1
4352848 4353076 -50 -50 2 1
4354104 4354220 -50 -50 1 1
4355637 4355904 -50 -50 2 1
4356576 4356920 -50 -50 1 1
4359059 4359337 -50 -50 1 1
4360065 4360298 -50 -50 1 1
4360925 4361096 -50 -50 1 1
4361201 4361331 -50 -50 2 1
4363086 4363254 -50 -50 1 1
4365387 4365587 -50 -50 1 1
4366120 4366493 -50 -50 1 1
4369309 4369648 -50 -50 1 1
4370659 4370954 -50 -50 2 1
4371709 4372226 -50 -50 2 1
4372665 4373070 -50 -50 1 1
4373843 4374132 -50 -50 2 1
4374707 4375022 -50 -50 1 1
4375765 4376126 -50 -50 1 1
4380661 4380758 -50 -50 1 1
4382343 4382520 -50 -50 1 1
4386126 4386293 -50 -50 1 1
4393343 4393515 -50 -50 1 1
4396082 4396309 -50 -50 1 1
4397082 4397270 -50 -50 2 1
4398698 4398859 -50 -50 1 1
4399737 4399982 -50 -50 1 1
4403067 4403250 -50 -50 1 1
4404309 4404537 -50 -50 1 1
4405576 4405782 -50 -50 1 1
4406559 4406704 -50 -50 1 1
4407432 4407593 -50 -50 1 1
4408509 4408787 -50 -50 1 1
4410595 4410882 -50 -50 1 1
4411532 4411632 -50 -50 1 1
4413982 4414170 -50 -50 2 1
4414720 4414887 -50 -50 2 1
4415720 4416076 -50 -50 1 1
4417717 4417999 -50 -50 2 1
4418611 4418721 -50 -50 1 1
4418965 4419104 -50 -50 2 1
4419615 4419726 -50 -50 1 1
4420443 4420605 -50 -50 1 1
4421259 4421404 -50 -50 1 1
4423615 4423748 -50 -50 2 1
4424676 4424826 -50 -50 1 1
4427346 4427466 -50 -50 2 1
4428215 4428509 -50 -50 2 1
4430237 4430420 -50 -50 1 1
4433670 4434109 -50 -50 1 1
4441537 4441809 -50 -50 1 1
4446187 4446482 -50 -50 1 1
4448293 4448493 -50 -50 2 1
4450949 4451120 -50 -50 1 1
4452043 4452248 -50 -50 1 1
4453272 4453425 -50 -50 1 1
4456864 4456957 -50 -50 1 1
4457676 4457882 -50 -50 1 1
4461057 4461176 -50 -50 2 1
4466593 4466698 -50 -50 1 1
4467654 4467859 -50 -50 1 1
4469237 4469365 -50 -50 1 1
4471170 4471298 -50 -50 2 1
4482265 4482509 -50 -50 1 1
4483476 4483654 -50 -50 1 1
4485948 4486170 -50 -50 2 1
4493265 4493476 -50 -50 1 1
4495387 4495670 -50 -50 1 1
4505998 4506148 -50 -50 2 1
4509132 4509265 -50 -50 1 1
4512670 4512782 -50 -50 1 1
4526948 4527298 -50 -50 2 1
4528343 4528454 -50 -50 1 1
4530637 4530815 -50 -50 2 1
4531481 4531676 -50 -50 1 1
4531737 4532054 -50 -50 2 1
4532998 4533254 -50 -50 2 1
4534670 4534970 -50 -50 1 1
4537032 4537141 -50 -50 1 1
4538809 4539076 -50 -50 2 1
4539748 4540059 -50 -50 1 1
4542035 4542197 -50 -50 2 1
4543315 4543465 -50 -50 1 1
4545320 4545420 -50 -50 2 1
4548782 4548898 -50 -50 2 1
4550265 4550587 -50 -50 1 1
4552376 4552504 -50 -50 2 1
4553765 4553987 -50 -50 1 1
4554854 4555043 -50 -50 2 1
4555815 4555948 -50 -50 1 1
4557165 4557393 -50 -50 2 1
4557752 4558118 -50 -50 1 1
4559970 4560076 -50 -50 1 1
4561137 4561259 -50 -50 2 1
4562734 4562964 -50 -50 1 1
4563276 4563465 -50 -50 2 1
4564009 4564226 -50 -50 1 1
4564848 4564965 -50 -50 1 1
4565637 4566020 -50 -50 1 1
4567123 4567364 -50 -50 1 1
4570398 4570565 -50 -50 1 1
4572087 4572376 -50 -50 1 1
4573082 4573237 -50 -50 1 1
4574886 4575027 -50 -50 1 1
4576032 4576176 -50 -50 1 1
4576785 4576978 -50 -50 1 1
4577576 4577787 -50 -50 1 1
4579176 4579315 -50 -50 1 1
4580965 4581287 -50 -50 1 1
4583215 4583420 -50 -50 1 1
4583898 4584109 -50 -50 2 1
4584726 4585098 -50 -50 1 1
4585993 4586220 -50 -50 2 1
4587220 4587482 -50 -50 1 1
4587920 4588165 -50 -50 1 1
4590133 4590271 -50 -50 2 1
4590965 4591198 -50 -50 1 1
4591693 4591937 -50 -50 2 1
4597304 4597682 -50 -50 1 1
4598893 4599087 -50 -50 1 1
4600162 4600351 -50 -50 1 1
4602698 4602882 -50 -50 1 1
4604770 4604909 -50 -50 2 1
4608437 4608570 -50 -50 1 1
4609893 4610148 -50 -50 1 1
4612437 4612687 -50 -50 1 1
4613304 4613504 -50 -50 2 1
4617153 4617257 -50 -50 2 1
4620948 4621120 -50 -50 2 1
4622093 4622454 -50 -50 1 1
4623382 4623559 -50 -50 1 1
4625382 4625565 -50 -50 1 1
4625783 4625886 -50 -50 1 1
4626043 4626343 -50 -50 2 1
4627665 4628048 -50 -50 1 1
4631815 4632048 -50 -50 1 1
4633443 4633782 -50 -50 1 1
4634670 4634904 -50 -50 2 1
4635570 4635720 -50 -50 1 1
4636382 4636754 -50 -50 2 1
4637687 4637787 -50 -50 1 1
4638370 4638493 -50 -50 1 1
4638626 4638848 -50 -50 2 1
4639415 4639732 -50 -50 1 1
4640146 4640418 -50 -50 2 1
4642226 4642576 -50 -50 1 1
4643576 4643909 -50 -50 1 1
4644665 4644770 -50 -50 1 1
4646354 4646759 -50 -50 2 1
4647787 4647948 -50 -50 1 1
4648683 4648840 -50 -50 2 1
4649787 4649943 -50 -50 1 1
4650659 4650976 -50 -50 1 1
4655405 4655588 -50 -50 1 1
4656243 4656582 -50 -50 1 1
4658318 4658705 -50 -50 2 1
4659259 4659537 -50 -50 2 1
4663031 4663152 -50 -50 1 1
4664453 4664573 -50 -50 1 1
4665270 4665626 -50 -50 1 1
4666636 4666871 -50 -50 2 1
4667404 4667693 -50 -50 1 1
4668454 4668782 -50 -50 2 1
4670067 4670261 -50 -50 1 1
4670653 4670821 -50 -50 1 1
4671209 4671498 -50 -50 2 1
4674248 4674420 -50 -50 1 1
4674888 4674976 -50 -50 2 1
4675204 4675330 -50 -50 1 1
4675670 4676093 -50 -50 2 1
4677898 4678232 -50 -50 2 1
4679487 4679604 -50 -50 1 1
4683244 4683349 -50 -50 1 1
4686801 4686890 -50 -50 2 1
4687682 4687837 -50 -50 1 1
4688954 4689098 -50 -50 2 1
4690115 4690293 -50 -50 1 1
4693288 4693654 -50 -50 2 1
4694437 4694654 -50 -50 1 1
4695426 4695576 -50 -50 1 1
4695959 4696082 -50 -50 1 1
4698287 4698470 -50 -50 1 1
4699293 4699420 -50 -50 1 1
4700004 4700348 -50 -50 1 1
4700987 4701276 -50 -50 1 1
4710720 4710882 -50 -50 1 1
4715915 4716032 -50 -50 1 1
4716487 4716643 -50 -50 1 1
4717359 4717565 -50 -50 2 1
4718172 4718297 -50 -50 1 1
4721770 4721882 -50 -50 1 1
4722609 4722832 -50 -50 1 1
4723727 4723811 -50 -50 1 1
4725593 4725704 -50 -50 2 1
4726800 4726962 -50 -50 1 1
4728044 4728152 -50 -50 1 1
4729783 4729978 -50 -50 1 1
4730779 4730946 -50 -50 1 1
4740404 4740693 -50 -50 1 1
4741348 4741609 -50 -50 1 1
4742232 4742587 -50 -50 2 1
4743684 4744008 -50 -50 1 1
4744987 4745248 -50 -50 2 1
4746158 4746383 -50 -50 1 1
4747059 4747348 -50 -50 2 1
4748487 4748620 -50 -50 1 1
4750427 4750641 -50 -50 1 1
4751593 4751976 -50 -50 1 1
4752582 4752815 -50 -50 1 1
4753632 4753904 -50 -50 1 1
4755465 4755732 -50 -50 2 1
4756837 4757237 -50 -50 2 1
4758197 4758424 -50 -50 1 1
4762854 4763143 -50 -50 1 1
4763881 4763980 -50 -50 1 1
4768109 4768309 -50 -50 2 1
4769316 4769661 -50 -50 1 1
4771604 4771787 -50 -50 1 1
4778105 4778221 -50 -50 1 1
5321998 5322193 -50 -50 2 1
5322906 5323184 -50 -50 1 1
5324804 5325182 -50 -50 1 1
5329570 5329690 -50 -50 2 1
5333120 5333271 -50 -50 1 1
5334698 5334793 -50 -50 1 1
5335004 5335120 -50 -50 1 1
5339048 5339159 -50 -50 2 1
5340737 5341098 -50 -50 1 1
5343526 5343698 -50 -50 1 1
5345798 5345887 -50 -50 1 1
5346726 5346909 -50 -50 1 1
5347593 5347732 -50 -50 2 1
5349782 5350026 -50 -50 1 1
5351304 5351576 -50 -50 1 1
5354098 5354365 -50 -50 1 1
5354959 5355554 -50 -50 2 1
5356126 5356632 -50 -50 1 1
5357626 5357832 -50 -50 1 1
5358387 5358615 -50 -50 2 1
5361393 5361582 -50 -50 1 1
5362326 5362726 -50 -50 2 1
5367226 5367509 -50 -50 1 1
5368109 5368254 -50 -50 1 1
5370165 5370318 -50 -50 2 1
5371354 5371620 -50 -50 1 1
5372032 5372270 -50 -50 2 1
5372676 5372887 -50 -50 1 1
5373744 5373883 -50 -50 1 1
5374545 5374680 -50 -50 2 1
5376676 5377115 -50 -50 2 1
5378632 5378837 -50 -50 1 1
5380437 5380593 -50 -50 1 1
5382259 5382676 -50 -50 2 1
5383632 5383976 -50 -50 2 1
5385226 5385370 -50 -50 1 1
5387220 5387587 -50 -50 2 1
5390005 5390120 -50 -50 2 1
5390665 5390876 -50 -50 2 1
5391754 5391870 -50 -50 1 1
5392765 5393109 -50 -50 2 1
5393360 5393536 -50 -50 1 1
5393882 5394126 -50 -50 1 1
5394809 5395059 -50 -50 1 1
5395826 5396176 -50 -50 2 1
5399604 5399748 -50 -50 1 1
5400736 5400909 -50 -50 1 1
5400976 5401126 -50 -50 2 1
5401754 5402065 -50 -50 1 1
5402993 5403382 -50 -50 2 1
5404309 5404482 -50 -50 2 1
5405093 5405393 -50 -50 1 1
5407954 5408159 -50 -50 2 1
5408915 5409043 -50 -50 1 1
5409482 5409593 -50 -50 1 1
5411582 5411737 -50 -50 2 1
5412790 5413036 -50 -50 1 1
5414603 5414739 -50 -50 2 1
5416970 5417209 -50 -50 2 1
5418065 5418326 -50 -50 1 1
5418915 5419309 -50 -50 2 1
5419406 5419550 -50 -50 1 1
5420404 5420770 -50 -50 2 1
5421526 5421759 -50 -50 1 1
5422493 5422737 -50 -50 1 1
5424876 5425259 -50 -50 1 1
5426448 5426704 -50 -50 1 1
5428193 5428437 -50 -50 1 1
5429361 5429495 -50 -50 1 1
5430232 5430626 -50 -50 1 1
5431459 5431698 -50 -50 1 1
5436165 5436287 -50 -50 1 1
5444826 5444946 -50 -50 1 1
5446570 5446854 -50 -50 1 1
5447545 5447777 -50 -50 2 1
5448176 5448459 -50 -50 1 1
5450015 5450165 -50 -50 1 1
5451937 5452209 -50 -50 1 1
5453465 5453832 -50 -50 1 1
5456834 5457116 -50 -50 1 1
5457854 5458187 -50 -50 1 1
5458798 5459298 -50 -50 1 1
5460129 5460229 -50 -50 2 1
5460654 5461065 -50 -50 1 1
5461554 5461787 -50 -50 1 1
5462309 5462565 -50 -50 1 1
5463343 5463543 -50 -50 1 1
5464026 5464137 -50 -50 1 1
5464904 5465026 -50 -50 1 1
5467694 5467835 -50 -50 1 1
5468687 5469143 -50 -50 2 1
5469565 5469965 -50 -50 1 1
5472544 5472645 -50 -50 1 1
5474337 5474648 -50 -50 1 1
5476582 5476732 -50 -50 1 1
5479892 5480059 -50 -50 2 1
5480666 5480768 -50 -50 1 1
5484243 5484459 -50 -50 1 1
5485370 5485587 -50 -50 1 1
5486031 5486128 -50 -50 1 1
5487348 5487776 -50 -50 1 1
5488179 5488402 -50 -50 2 1
5489120 5489348 -50 -50 1 1
5490601 5490713 -50 -50 1 1
5491721 5491976 -50 -50 1 1
5492209 5492470 -50 -50 1 1
5492954 5493104 -50 -50 1 1
5497048 5497309 -50 -50 1 1
5498570 5499015 -50 -50 1 1
5500482 5500665 -50 -50 1 1
5501815 5501998 -50 -50 1 1
5504743 5504998 -50 -50 2 1
5506609 5506915 -50 -50 2 1
5510133 5510402 -50 -50 1 1
5511415 5511576 -50 -50 1 1
5512415 5512548 -50 -50 2 1
5513249 5513466 -50 -50 1 1
5516370 5516543 -50 -50 2 1
5518485 5518601 -50 -50 1 1
5519690 5519805 -50 -50 2 1
5520632 5520843 -50 -50 1 1
5526059 5526293 -50 -50 2 1
5528209 5528320 -50 -50 2 1
5529137 5529254 -50 -50 1 1
5530454 5530597 -50 -50 1 1
5533815 5533965 -50 -50 1 1
5534859 5535032 -50 -50 2 1
5535832 5536020 -50 -50 2 1
5536416 5536521 -50 -50 1 1
5537282 5537409 -50 -50 1 1
5537700 5537842 -50 -50 1 1
5538054 5538220 -50 -50 1 1
5539076 5539420 -50 -50 1 1
5540948 5541082 -50 -50 2 1
5541954 5542109 -50 -50 2 1
5543088 5543350 -50 -50 1 1
5544043 5544204 -50 -50 2 1
5544472 5544613 -50 -50 1 1
5545525 5545694 -50 -50 2 1
5546288 5546430 -50 -50 2 1
5547265 5547548 -50 -50 1 1
5556832 5556925 -50 -50 2 1
5558087 5558249 -50 -50 1 1
5559576 5559759 -50 -50 1 1
5561712 5562031 -50 -50 2 1
5562926 5563393 -50 -50 2 1
5564159 5564370 -50 -50 1 1
5565532 5565698 -50 -50 2 1
5566593 5566865 -50 -50 1 1
5567554 5567820 -50 -50 1 1
5568550 5568818 -50 -50 1 1
5569809 5569937 -50 -50 2 1
5570715 5571009 -50 -50 1 1
5575226 5575532 -50 -50 2 1
5577893 5578070 -50 -50 1 1
5579254 5579548 -50 -50 1 1
5580632 5580737 -50 -50 1 1
5581498 5581976 -50 -50 2 1
5582914 5583045 -50 -50 1 1
5583248 5583454 -50 -50 1 1
5584443 5584554 -50 -50 1 1
5585332 5585487 -50 -50 1 1
5586165 5586319 -50 -50 1 1
5587376 5587526 -50 -50 1 1
5588165 5588520 -50 -50 2 1
5589126 5589354 -50 -50 1 1
5591460 5591732 -50 -50 1 1
5593796 5593960 -50 -50 2 1
5597031 5597165 -50 -50 1 1
5599254 5599454 -50 -50 2 1
5601032 5601159 -50 -50 1 1
5608982 5609193 -50 -50 2 1
5611187 5611459 -50 -50 2 1
5613859 5613970 -50 -50 1 1
5614796 5614897 -50 -50 1 1
5615376 5615637 -50 -50 2 1
5618891 5618996 -50 -50 2 1
5619184 5619294 -50 -50 2 1
5621665 5621870 -50 -50 1 1
5622987 5623060 -50 -50 1 1
5623337 5623493 -50 -50 1 1
5626147 5626398 -50 -50 1 1
5626837 5627004 -50 -50 2 1
5628104 5628237 -50 -50 1 1
5637582 5637911 -50 -50 1 1
5639041 5639219 -50 -50 1 1
5639982 5640104 -50 -50 2 1
5640619 5641017 -50 -50 1 1
5641937 5642098 -50 -50 2 1
5645476 5645587 -50 -50 1 1
5647570 5647679 -50 -50 2 1
5648261 5648438 -50 -50 2 1
5649426 5649654 -50 -50 1 1
5650543 5650837 -50 -50 1 1
5652382 5652509 -50 -50 2 1
5654704 5654887 -50 -50 1 1
5657321 5657515 -50 -50 2 1
5659811 5659905 -50 -50 1 1
5659991 5660107 -50 -50 1 1
5660643 5660754 -50 -50 1 1
5666325 5666500 -50 -50 1 1
5667759 5667920 -50 -50 1 1
5667984 5668077 -50 -50 2 1
5670487 5670648 -50 -50 2 1
5671954 5672082 -50 -50 1 1
5675459 5675748 -50 -50 2 1
5676198 5676320 -50 -50 1 1
5677237 5677432 -50 -50 1 1
5678989 5679105 -50 -50 2 1
5679259 5679359 -50 -50 1 1
5688632 5688759 -50 -50 1 1
5695204 5695343 -50 -50 2 1
5698582 5698709 -50 -50 1 1
5707320 5707498 -50 -50 1 1
5710030 5710176 -50 -50 1 1
5717004 5717170 -50 -50 2 1
5719532 5719637 -50 -50 1 1
5721270 5721432 -50 -50 2 1
5726010 5726161 -50 -50 1 1
5728559 5728748 -50 -50 1 1
5729933 5730053 -50 -50 1 1
5731026 5731246 -50 -50 1 1
5736624 5736712 -50 -50 1 1
5739354 5739487 -50 -50 1 1
5742015 5742126 -50 -50 1 1
5743148 5743298 -50 -50 2 1
5744709 5744798 -50 -50 2 1
5753389 5753504 -50 -50 1 1
5774426 5774559 -50 -50 1 1
5777175 5777300 -50 -50 1 1
5778095 5778276 -50 -50 1 1
5778493 5778681 -50 -50 1 1
5780818 5780980 -50 -50 1 1
5783693 5783820 -50 -50 1 1
5784783 5784987 -50 -50 1 1
5786026 5786120 -50 -50 1 1
5788176 5788287 -50 -50 2 1
5790490 5790626 -50 -50 1 1
5791076 5791232 -50 -50 2 1
5794337 5794476 -50 -50 2 1
5796759 5797015 -50 -50 1 1
5798293 5798443 -50 -50 1 1
5798954 5799104 -50 -50 2 1
5802176 5802309 -50 -50 2 1
5804070 5804165 -50 -50 2 1
5807814 5807986 -50 -50 1 1
5808829 5808971 -50 -50 2 1
5811293 5811582 -50 -50 1 1
5812557 5812667 -50 -50 1 1
5813737 5813882 -50 -50 2 1
5814679 5814851 -50 -50 1 1
5817846 5817962 -50 -50 1 1
5820812 5820958 -50 -50 1 1
6313439 6313549 -50 -50 2 1
6328005 6328147 -50 -50 1 1
6336920 6337126 -50 -50 2 1
6366872 6367003 -50 -50 1 1
6368782 6369315 -50 -50 2 1
6370854 6370959 -50 -50 2 1
6372148 6372248 -50 -50 1 1
6373184 6373378 -50 -50 1 1
6380039 6380180 -50 -50 2 1
6382320 6382737 -50 -50 2 1
6384582 6384804 -50 -50 1 1
6385237 6385409 -50 -50 1 1
6387026 6387170 -50 -50 1 1
6389237 6389443 -50 -50 1 1
6390620 6390743 -50 -50 1 1
6398443 6398604 -50 -50 2 1
6400957 6401138 -50 -50 1 1
6405854 6405970 -50 -50 2 1
6409432 6409570 -50 -50 1 1
6410265 6410543 -50 -50 1 1
6411587 6412137 -50 -50 1 1
6412587 6413098 -50 -50 2 1
6420676 6420854 -50 -50 2 1
6421682 6422220 -50 -50 1 1
6430448 6430587 -50 -50 1 1
6435159 6435276 -50 -50 1 1
6437132 6437237 -50 -50 1 1
6439776 6439998 -50 -50 1 1
6441332 6441409 -50 -50 1 1
6445015 6445504 -50 -50 2 1
6448604 6448793 -50 -50 1 1
6451037 6451454 -50 -50 2 1
6451904 6452126 -50 -50 1 1
6452676 6452876 -50 -50 1 1
6462526 6462693 -50 -50 1 1
6463276 6463409 -50 -50 1 1
6463645 6463801 -50 -50 1 1
6465409 6465804 -50 -50 1 1
6469744 6470064 -50 -50 1 1
6472624 6472753 -50 -50 1 1
6478237 6478348 -50 -50 1 1
6483215 6483620 -50 -50 1 1
6484148 6484298 -50 -50 1 1
6485476 6485676 -50 -50 2 1
6485954 6486070 -50 -50 1 1
6486587 6486860 -50 -50 1 1
6487098 6487226 -50 -50 1 1
6494082 6494204 -50 -50 1 1
6495576 6495843 -50 -50 1 1
6496404 6496620 -50 -50 1 1
6497429 6497587 -50 -50 1 1
6497893 6498120 -50 -50 2 1
6502259 6502704 -50 -50 2 1
6504105 6504346 -50 -50 1 1
6504465 6504832 -50 -50 1 1
6505487 6505937 -50 -50 2 1
6506882 6507104 -50 -50 1 1
6508004 6508182 -50 -50 2 1
6517032 6517370 -50 -50 1 1
6523709 6523976 -50 -50 1 1
6527049 6527196 -50 -50 1 1
6528043 6528237 -50 -50 1 1
6536298 6536598 -50 -50 2 1
6539308 6539522 -50 -50 2 1
6561293 6561737 -50 -50 1 1
6563687 6563920 -50 -50 1 1
6574712 6574863 -50 -50 1 1
