167002 167096 -50 -50 1 1
167934 168057 -50 -50 1 1
170457 170744 -50 -50 1 1
171409 171613 -50 -50 1 1
173758 173983 -50 -50 2 1
180939 181078 -50 -50 2 1
183438 183572 -50 -50 2 1
186281 186746 -50 -50 1 1
187892 188142 -50 -50 2 1
188652 188864 -50 -50 2 1
189809 190026 -50 -50 1 1
190911 191050 -50 -50 1 1
193531 193624 -50 -50 2 1
197073 197239 -50 -50 1 1
198961 199081 -50 -50 1 1
199186 199275 -50 -50 2 1
199522 199639 -50 -50 1 1
201702 201846 -50 -50 1 1
202966 203101 -50 -50 1 1
203645 203784 -50 -50 2 1
206481 206749 -50 -50 2 1
207758 207915 -50 -50 1 1
210148 210334 -50 -50 1 1
210552 210657 -50 -50 2 1
210807 211034 -50 -50 1 1
213321 213616 -50 -50 1 1
213841 214051 -50 -50 2 1
214169 214263 -50 -50 2 1
219516 219627 -50 -50 2 1
220459 220759 -50 -50 1 1
221474 221711 -50 -50 2 1
223180 223291 -50 -50 2 1
223521 223671 -50 -50 1 1
223952 224097 -50 -50 2 1
224312 224584 -50 -50 2 1
224702 224820 -50 -50 1 1
225679 225802 -50 -50 1 1
226200 226308 -50 -50 2 1
227447 227679 -50 -50 1 1
227764 227913 -50 -50 1 1
228574 228830 -50 -50 2 1
229369 229704 -50 -50 2 1
231370 231470 -50 -50 1 1
233471 233677 -50 -50 2 1
234265 234510 -50 -50 1 1
235991 236308 -50 -50 2 1
236648 236770 -50 -50 1 1
237566 237672 -50 -50 2 1
238072 238256 -50 -50 2 1
239024 239213 -50 -50 1 1
239845 240040 -50 -50 2 1
240451 240563 -50 -50 2 1
242726 243260 -50 -50 2 1
243340 243457 -50 -50 2 1
243613 243807 -50 -50 1 1
250836 251003 -50 -50 2 1
251548 251665 -50 -50 2 1
251973 252108 -50 -50 1 1
252655 252766 -50 -50 1 1
253675 253942 -50 -50 2 1
258739 258961 -50 -50 2 1
260420 260565 -50 -50 1 1
261307 261583 -50 -50 2 1
262124 262247 -50 -50 2 1
262886 263207 -50 -50 2 1
263692 263993 -50 -50 1 1
264179 264362 -50 -50 2 1
264730 264841 -50 -50 1 1
264909 265026 -50 -50 2 1
265569 265716 -50 -50 2 1
265815 265954 -50 -50 1 1
266709 266854 -50 -50 1 1
267390 267514 -50 -50 2 1
267616 267911 -50 -50 2 1
268228 268519 -50 -50 2 1
269382 269554 -50 -50 2 1
269676 269932 -50 -50 1 1
270168 270312 -50 -50 2 1
270915 271243 -50 -50 1 1
271752 272024 -50 -50 2 1
273484 273901 -50 -50 2 1
274577 274729 -50 -50 2 1
275791 275993 -50 -50 2 1
276482 276676 -50 -50 1 1
277045 277195 -50 -50 1 1
277952 278069 -50 -50 2 1
278141 278347 -50 -50 2 1
279115 279577 -50 -50 2 1
279861 280045 -50 -50 1 1
280640 280907 -50 -50 2 1
281101 281363 -50 -50 1 1
281470 281714 -50 -50 1 1
282059 282243 -50 -50 1 1
282337 282493 -50 -50 1 1
282741 283063 -50 -50 2 1
284458 284725 -50 -50 2 1
285795 286018 -50 -50 1 1
286381 286539 -50 -50 2 1
286626 286759 -50 -50 1 1
287260 287444 -50 -50 1 1
287901 288007 -50 -50 1 1
288298 288632 -50 -50 2 1
289082 289415 -50 -50 2 1
289491 289580 -50 -50 2 1
290159 290531 -50 -50 2 1
290943 291373 -50 -50 1 1
291599 291716 -50 -50 2 1
291911 292083 -50 -50 2 1
292245 292473 -50 -50 2 1
292767 292923 -50 -50 1 1
293028 293253 -50 -50 2 1
294321 294466 -50 -50 2 1
294959 295165 -50 -50 2 1
295450 295577 -50 -50 2 1
296317 296495 -50 -50 2 1
296854 296993 -50 -50 2 1
297533 297688 -50 -50 1 1
298178 298262 -50 -50 2 1
298832 298965 -50 -50 2 1
299289 299439 -50 -50 1 1
299826 300021 -50 -50 1 1
300410 300611 -50 -50 2 1
301313 301620 -50 -50 2 1
301863 302356 -50 -50 1 1
302723 302856 -50 -50 2 1
302953 303107 -50 -50 2 1
303526 303827 -50 -50 2 1
304276 304465 -50 -50 2 1
305653 306000 -50 -50 1 1
306716 306933 -50 -50 2 1
307076 307257 -50 -50 2 1
307357 307491 -50 -50 2 1
307774 307969 -50 -50 1 1
308083 308223 -50 -50 1 1
308692 308976 -50 -50 2 1
310170 310524 -50 -50 2 1
313617 313701 -50 -50 2 1
314243 314398 -50 -50 1 1
315098 315326 -50 -50 2 1
317670 317775 -50 -50 2 1
318020 318170 -50 -50 1 1
319532 319687 -50 -50 2 1
320198 320465 -50 -50 2 1
320815 321054 -50 -50 1 1
323793 324187 -50 -50 2 1
324839 325095 -50 -50 2 1
326130 326277 -50 -50 1 1
327393 327599 -50 -50 2 1
327732 327937 -50 -50 1 1
328093 328352 -50 -50 1 1
328770 328898 -50 -50 2 1
330373 330477 -50 -50 2 1
331076 331296 -50 -50 1 1
331373 331546 -50 -50 1 1
332243 332370 -50 -50 2 1
332676 333004 -50 -50 1 1
333865 334134 -50 -50 1 1
334772 334876 -50 -50 2 1
337349 337476 -50 -50 2 1
337693 337859 -50 -50 2 1
337970 338143 -50 -50 1 1
338603 338825 -50 -50 2 1
339268 339425 -50 -50 1 1
339669 339762 -50 -50 2 1
348859 349226 -50 -50 2 1
350066 350366 -50 -50 1 1
351143 351298 -50 -50 2 1
351967 352125 -50 -50 1 1
352473 352763 -50 -50 2 1
353765 354048 -50 -50 2 1
355832 356026 -50 -50 2 1
356563 356772 -50 -50 1 1
356854 356959 -50 -50 1 1
357508 357576 -50 -50 1 1
357808 358070 -50 -50 2 1
358429 358807 -50 -50 2 1
358890 359284 -50 -50 2 1
359367 359604 -50 -50 2 1
360276 360470 -50 -50 2 1
361335 361441 -50 -50 1 1
362054 362243 -50 -50 2 1
362703 362833 -50 -50 2 1
362934 363328 -50 -50 1 1
363546 363685 -50 -50 2 1
364048 364159 -50 -50 2 1
364798 364937 -50 -50 1 1
365682 366093 -50 -50 1 1
366401 366549 -50 -50 2 1
366837 367059 -50 -50 1 1
367290 367473 -50 -50 2 1
367596 367724 -50 -50 1 1
367958 368121 -50 -50 1 1
368937 369143 -50 -50 1 1
369477 369744 -50 -50 2 1
369965 370157 -50 -50 1 1
370569 370767 -50 -50 1 1
370832 370915 -50 -50 2 1
370999 371127 -50 -50 1 1
371426 371532 -50 -50 1 1
372048 372341 -50 -50 2 1
373415 373503 -50 -50 2 1
375320 375495 -50 -50 2 1
376002 376254 -50 -50 1 1
377598 377826 -50 -50 1 1
379162 379278 -50 -50 1 1
379363 379464 -50 -50 1 1
379596 379824 -50 -50 2 1
380467 380560 -50 -50 1 1
380624 380775 -50 -50 2 1
381904 382037 -50 -50 1 1
382662 382857 -50 -50 2 1
383553 383692 -50 -50 2 1
384299 384455 -50 -50 2 1
384669 384811 -50 -50 1 1
385440 385674 -50 -50 2 1
385793 385939 -50 -50 2 1
386522 386708 -50 -50 1 1
388061 388167 -50 -50 2 1
389288 389485 -50 -50 2 1
391633 391739 -50 -50 1 1
392191 392325 -50 -50 2 1
392753 392887 -50 -50 2 1
393036 393216 -50 -50 2 1
393733 393855 -50 -50 2 1
395150 395319 -50 -50 2 1
397207 397322 -50 -50 2 1
398834 398933 -50 -50 1 1
400986 401123 -50 -50 2 1
405843 406077 -50 -50 2 1
408128 408247 -50 -50 1 1
408427 408683 -50 -50 1 1
409293 409404 -50 -50 2 1
409687 409887 -50 -50 1 1
410354 410601 -50 -50 2 1
412193 412420 -50 -50 2 1
413429 413568 -50 -50 2 1
416248 416426 -50 -50 1 1
417524 417791 -50 -50 2 1
418351 418597 -50 -50 2 1
419515 419598 -50 -50 1 1
420103 420229 -50 -50 2 1
420328 420417 -50 -50 2 1
421488 421604 -50 -50 2 1
422087 422254 -50 -50 2 1
422793 422893 -50 -50 2 1
424858 425015 -50 -50 1 1
425512 425768 -50 -50 2 1
426615 426753 -50 -50 2 1
427139 427262 -50 -50 1 1
427349 427465 -50 -50 1 1
427537 427671 -50 -50 2 1
428730 428841 -50 -50 1 1
428982 429337 -50 -50 2 1
430359 430448 -50 -50 1 1
430800 431066 -50 -50 2 1
431383 431508 -50 -50 1 1
432233 432355 -50 -50 2 1
433226 433420 -50 -50 1 1
433745 434017 -50 -50 2 1
434843 435143 -50 -50 1 1
437125 437250 -50 -50 2 1
437634 437767 -50 -50 1 1
438310 438494 -50 -50 1 1
439801 439963 -50 -50 1 1
440062 440181 -50 -50 2 1
442419 442635 -50 -50 1 1
444935 445029 -50 -50 1 1
445427 445536 -50 -50 1 1
448811 449041 -50 -50 2 1
451026 451276 -50 -50 1 1
451853 452047 -50 -50 2 1
453098 453260 -50 -50 1 1
453799 454344 -50 -50 2 1
454959 455098 -50 -50 2 1
455614 455820 -50 -50 1 1
456354 456543 -50 -50 1 1
459476 459604 -50 -50 1 1
460176 460388 -50 -50 2 1
461507 461699 -50 -50 1 1
462065 462187 -50 -50 2 1
462576 462670 -50 -50 2 1
472414 472554 -50 -50 2 1
473127 473365 -50 -50 1 1
474632 474759 -50 -50 1 1
475625 475791 -50 -50 1 1
476208 476342 -50 -50 1 1
476893 477137 -50 -50 1 1
479167 479396 -50 -50 2 1
480628 480716 -50 -50 1 1
482743 482876 -50 -50 2 1
484830 485028 -50 -50 1 1
488190 488290 -50 -50 2 1
491240 491371 -50 -50 1 1
491865 492153 -50 -50 1 1
493901 494098 -50 -50 2 1
494659 494837 -50 -50 1 1
496616 496834 -50 -50 2 1
497435 497551 -50 -50 2 1
498846 499031 -50 -50 2 1
499325 499453 -50 -50 2 1
499569 499715 -50 -50 2 1
499848 499941 -50 -50 1 1
500325 500481 -50 -50 2 1
501314 501452 -50 -50 2 1
501872 502247 -50 -50 2 1
502906 503209 -50 -50 2 1
503667 503903 -50 -50 1 1
504018 504118 -50 -50 2 1
504763 504907 -50 -50 1 1
505147 505363 -50 -50 2 1
505652 506155 -50 -50 2 1
506328 506535 -50 -50 1 1
507300 507726 -50 -50 1 1
514629 514768 -50 -50 1 1
516162 516301 -50 -50 2 1
516599 516700 -50 -50 2 1
517152 517274 -50 -50 1 1
518258 518416 -50 -50 1 1
518815 518959 -50 -50 2 1
519535 519628 -50 -50 2 1
521060 521294 -50 -50 1 1
522582 522704 -50 -50 1 1
525996 526277 -50 -50 1 1
527476 527591 -50 -50 1 1
533641 533734 -50 -50 2 1
533859 534044 -50 -50 1 1
534765 534932 -50 -50 2 1
535246 535481 -50 -50 2 1
535692 536018 -50 -50 1 1
536389 536630 -50 -50 1 1
540493 540598 -50 -50 1 1
541070 541169 -50 -50 2 1
543204 543297 -50 -50 1 1
543489 543767 -50 -50 2 1
545896 546110 -50 -50 2 1
546943 547148 -50 -50 2 1
547754 547998 -50 -50 1 1
549199 549408 -50 -50 2 1
550298 550704 -50 -50 2 1
553173 553267 -50 -50 2 1
554832 554920 -50 -50 2 1
556150 556273 -50 -50 2 1
557897 558192 -50 -50 1 1
559992 560211 -50 -50 2 1
564457 564579 -50 -50 2 1
565239 565399 -50 -50 2 1
565662 565773 -50 -50 1 1
566009 566104 -50 -50 2 1
567022 567131 -50 -50 2 1
567569 567705 -50 -50 1 1
567837 568279 -50 -50 2 1
569959 570149 -50 -50 2 1
570693 570970 -50 -50 1 1
571359 571532 -50 -50 2 1
578782 578955 -50 -50 2 1
583132 583232 -50 -50 2 1
584661 584905 -50 -50 2 1
586304 586415 -50 -50 2 1
587146 587606 -50 -50 2 1
589384 589562 -50 -50 2 1
593003 593103 -50 -50 2 1
593208 593420 -50 -50 1 1
594411 594527 -50 -50 2 1
595529 595616 -50 -50 1 1
597427 597572 -50 -50 1 1
599513 599699 -50 -50 2 1
600718 600812 -50 -50 1 1
601314 601425 -50 -50 1 1
602705 602967 -50 -50 2 1
603407 603584 -50 -50 1 1
604411 604520 -50 -50 2 1
605093 605237 -50 -50 2 1
605551 605667 -50 -50 2 1
613165 613332 -50 -50 1 1
613784 613967 -50 -50 1 1
614640 614745 -50 -50 2 1
614844 614989 -50 -50 1 1
615692 615902 -50 -50 2 1
618564 618698 -50 -50 2 1
619121 619301 -50 -50 2 1
619848 619993 -50 -50 1 1
621734 621981 -50 -50 1 1
622186 622383 -50 -50 1 1
624547 624708 -50 -50 1 1
628691 628836 -50 -50 2 1
629827 630018 -50 -50 2 1
632364 632603 -50 -50 2 1
633362 633451 -50 -50 2 1
634598 634693 -50 -50 1 1
635176 635320 -50 -50 2 1
636855 637152 -50 -50 1 1
637362 637479 -50 -50 1 1
638143 638270 -50 -50 2 1
638717 638857 -50 -50 1 1
643241 643451 -50 -50 1 1
645574 645832 -50 -50 2 1
648861 649006 -50 -50 1 1
649959 650109 -50 -50 2 1
653891 653984 -50 -50 1 1
662670 662792 -50 -50 2 1
662856 662979 -50 -50 2 1
663263 663372 -50 -50 1 1
663904 664148 -50 -50 2 1
664420 664493 -50 -50 1 1
668157 668307 -50 -50 2 1
668530 668740 -50 -50 2 1
668836 668904 -50 -50 2 1
669762 669896 -50 -50 2 1
673337 673465 -50 -50 1 1
675143 675248 -50 -50 2 1
678329 678510 -50 -50 2 1
681207 681444 -50 -50 1 1
684542 684663 -50 -50 2 1
685803 685962 -50 -50 2 1
686388 686493 -50 -50 1 1
686842 686954 -50 -50 2 1
688707 688846 -50 -50 2 1
689409 689647 -50 -50 1 1
690073 690229 -50 -50 1 1
690557 690818 -50 -50 2 1
692676 692798 -50 -50 1 1
693393 693496 -50 -50 2 1
694672 694895 -50 -50 2 1
695962 696114 -50 -50 2 1
696426 696572 -50 -50 2 1
705213 705344 -50 -50 1 1
706973 707195 -50 -50 1 1
708082 708327 -50 -50 2 1
709142 709309 -50 -50 1 1
709544 709665 -50 -50 2 1
710214 710286 -50 -50 2 1
712451 712651 -50 -50 1 1
716290 716365 -50 -50 1 1
717908 718160 -50 -50 2 1
718544 718696 -50 -50 1 1
719700 719936 -50 -50 2 1
722283 722482 -50 -50 2 1
725150 725284 -50 -50 2 1
726195 726579 -50 -50 2 1
727986 728059 -50 -50 2 1
728210 728646 -50 -50 2 1
728931 729048 -50 -50 1 1
729404 729663 -50 -50 1 1
730487 730598 -50 -50 1 1
732765 732876 -50 -50 2 1
737375 737470 -50 -50 2 1
738109 738262 -50 -50 1 1
738745 738884 -50 -50 1 1
739254 739386 -50 -50 1 1
740050 740230 -50 -50 2 1
743595 743779 -50 -50 1 1
744018 744204 -50 -50 2 1
745379 745582 -50 -50 1 1
747549 747666 -50 -50 2 1
749949 750050 -50 -50 1 1
752409 752554 -50 -50 2 1
753000 753197 -50 -50 1 1
754471 754659 -50 -50 1 1
756027 756132 -50 -50 1 1
756695 756887 -50 -50 1 1
760037 760176 -50 -50 2 1
760704 760826 -50 -50 2 1
761030 761199 -50 -50 1 1
761755 761895 -50 -50 2 1
762326 762442 -50 -50 2 1
763374 763531 -50 -50 1 1
766680 766869 -50 -50 1 1
768318 768422 -50 -50 1 1
768920 769031 -50 -50 1 1
770186 770303 -50 -50 1 1
771409 771576 -50 -50 2 1
772189 772412 -50 -50 1 1
774717 774831 -50 -50 2 1
776156 776290 -50 -50 1 1
777088 777326 -50 -50 2 1
778116 778221 -50 -50 1 1
778309 778398 -50 -50 2 1
779826 779943 -50 -50 2 1
783196 783296 -50 -50 1 1
783609 783715 -50 -50 2 1
791792 791891 -50 -50 2 1
792272 792402 -50 -50 2 1
794599 794913 -50 -50 1 1
795135 795201 -50 -50 1 1
795320 795448 -50 -50 1 1
820249 820500 -50 -50 1 1
821456 821540 -50 -50 2 1
821834 822035 -50 -50 2 1
822413 822608 -50 -50 2 1
823072 823290 -50 -50 1 1
823719 823899 -50 -50 1 1
824444 824709 -50 -50 1 1
825018 825158 -50 -50 1 1
825520 825682 -50 -50 2 1
825982 826359 -50 -50 1 1
827076 827193 -50 -50 2 1
828056 828338 -50 -50 2 1
828661 828855 -50 -50 2 1
829570 829693 -50 -50 1 1
829874 830019 -50 -50 1 1
830425 830561 -50 -50 1 1
830940 831194 -50 -50 2 1
831575 831817 -50 -50 1 1
831897 832156 -50 -50 1 1
832377 832643 -50 -50 2 1
833046 833350 -50 -50 2 1
833542 833734 -50 -50 1 1
834872 835006 -50 -50 1 1
835109 835276 -50 -50 1 1
835420 835587 -50 -50 2 1
836514 836667 -50 -50 1 1
837163 837312 -50 -50 1 1
837911 838239 -50 -50 2 1
838685 838873 -50 -50 2 1
839383 839605 -50 -50 1 1
840541 840669 -50 -50 1 1
840818 840971 -50 -50 2 1
841351 841590 -50 -50 2 1
841953 842121 -50 -50 1 1
843906 844039 -50 -50 2 1
844484 844612 -50 -50 1 1
845703 845904 -50 -50 2 1
846286 846493 -50 -50 2 1
846759 846921 -50 -50 2 1
847592 847756 -50 -50 2 1
848222 848771 -50 -50 2 1
849132 849252 -50 -50 1 1
849361 849460 -50 -50 2 1
849629 849767 -50 -50 1 1
849911 850078 -50 -50 2 1
850387 850706 -50 -50 2 1
851369 851714 -50 -50 2 1
852187 852492 -50 -50 1 1
853033 853193 -50 -50 2 1
853292 853451 -50 -50 2 1
854167 854339 -50 -50 1 1
855347 855759 -50 -50 2 1
855933 856195 -50 -50 1 1
856525 856945 -50 -50 1 1
857244 857583 -50 -50 1 1
857816 858136 -50 -50 1 1
858715 858904 -50 -50 1 1
859176 859332 -50 -50 1 1
859687 860037 -50 -50 2 1
860393 860647 -50 -50 1 1
861510 861761 -50 -50 1 1
862950 863191 -50 -50 2 1
864387 864494 -50 -50 1 1
865161 865310 -50 -50 1 1
866363 866532 -50 -50 2 1
867082 867265 -50 -50 2 1
868841 868969 -50 -50 1 1
869912 870106 -50 -50 1 1
870226 870415 -50 -50 2 1
872592 872696 -50 -50 1 1
874723 874828 -50 -50 1 1
877213 877547 -50 -50 2 1
877979 878103 -50 -50 2 1
878560 878771 -50 -50 2 1
879282 879588 -50 -50 1 1
880959 881144 -50 -50 2 1
881565 881909 -50 -50 1 1
882887 883265 -50 -50 1 1
883740 883846 -50 -50 2 1
884425 884759 -50 -50 2 1
885022 885367 -50 -50 2 1
886009 886282 -50 -50 2 1
887496 887840 -50 -50 2 1
888584 888977 -50 -50 1 1
889393 889727 -50 -50 2 1
891638 891850 -50 -50 1 1
891983 892267 -50 -50 2 1
892916 893078 -50 -50 2 1
893318 893538 -50 -50 2 1
893753 893894 -50 -50 2 1
894208 894485 -50 -50 1 1
895061 895434 -50 -50 2 1
896052 896193 -50 -50 1 1
896475 896985 -50 -50 2 1
897472 897629 -50 -50 1 1
898532 898726 -50 -50 2 1
899378 899620 -50 -50 1 1
900494 900588 -50 -50 1 1
902055 902209 -50 -50 1 1
903839 904041 -50 -50 2 1
904701 904869 -50 -50 2 1
904971 905161 -50 -50 1 1
905308 905464 -50 -50 1 1
905710 905827 -50 -50 2 1
906883 907189 -50 -50 1 1
907678 907884 -50 -50 1 1
908876 909054 -50 -50 1 1
909644 909838 -50 -50 1 1
910857 911069 -50 -50 1 1
911653 911915 -50 -50 2 1
912306 912492 -50 -50 1 1
912993 913170 -50 -50 1 1
914042 914253 -50 -50 1 1
915722 916028 -50 -50 2 1
916430 916544 -50 -50 1 1
916932 917076 -50 -50 2 1
917714 917920 -50 -50 1 1
918416 918632 -50 -50 2 1
918698 918932 -50 -50 1 1
919323 919661 -50 -50 1 1
920408 920609 -50 -50 2 1
921581 921767 -50 -50 1 1
922173 922395 -50 -50 1 1
922532 922613 -50 -50 2 1
924570 924753 -50 -50 1 1
925585 925829 -50 -50 2 1
926302 926509 -50 -50 1 1
926844 927044 -50 -50 1 1
927505 927744 -50 -50 1 1
928099 928200 -50 -50 2 1
929698 929876 -50 -50 1 1
930494 930633 -50 -50 1 1
931014 931281 -50 -50 1 1
931651 932008 -50 -50 1 1
932792 932920 -50 -50 1 1
933360 933538 -50 -50 2 1
934061 934329 -50 -50 1 1
935041 935163 -50 -50 1 1
935610 935823 -50 -50 2 1
936065 936146 -50 -50 1 1
936579 936731 -50 -50 1 1
937596 937868 -50 -50 1 1
938133 938371 -50 -50 1 1
938496 938605 -50 -50 2 1
939018 939251 -50 -50 2 1
939725 939949 -50 -50 2 1
940604 940943 -50 -50 1 1
941548 941737 -50 -50 2 1
942032 942299 -50 -50 2 1
942810 943058 -50 -50 2 1
944409 944670 -50 -50 1 1
944994 945202 -50 -50 1 1
945475 945616 -50 -50 2 1
946157 946263 -50 -50 1 1
946585 946764 -50 -50 1 1
946962 947090 -50 -50 2 1
948446 948580 -50 -50 1 1
948982 949204 -50 -50 2 1
950233 950479 -50 -50 1 1
950592 950818 -50 -50 1 1
951162 951278 -50 -50 1 1
952884 953020 -50 -50 2 1
953716 953993 -50 -50 2 1
954615 954726 -50 -50 1 1
955779 955919 -50 -50 2 1
956367 956494 -50 -50 1 1
957816 957917 -50 -50 2 1
958623 958800 -50 -50 1 1
959642 959781 -50 -50 1 1
960132 960327 -50 -50 2 1
961228 961507 -50 -50 1 1
962369 962559 -50 -50 2 1
963678 963847 -50 -50 1 1
964279 964575 -50 -50 1 1
965034 965168 -50 -50 1 1
965512 965824 -50 -50 2 1
966800 966989 -50 -50 1 1
967612 967752 -50 -50 1 1
968381 968617 -50 -50 1 1
968831 969254 -50 -50 2 1
970730 970928 -50 -50 1 1
971050 971477 -50 -50 2 1
971743 972059 -50 -50 2 1
972893 973187 -50 -50 2 1
973522 973810 -50 -50 1 1
974363 974555 -50 -50 1 1
975990 976292 -50 -50 2 1
976621 976920 -50 -50 2 1
978599 978962 -50 -50 2 1
979457 979596 -50 -50 2 1
980353 980598 -50 -50 2 1
981054 981221 -50 -50 2 1
981846 982024 -50 -50 1 1
982092 982211 -50 -50 2 1
982876 983259 -50 -50 1 1
983748 983993 -50 -50 1 1
985657 985880 -50 -50 2 1
986863 987131 -50 -50 2 1
988039 988323 -50 -50 2 1
988818 989002 -50 -50 2 1
989771 990017 -50 -50 1 1
990446 990760 -50 -50 2 1
991052 991345 -50 -50 1 1
992622 992873 -50 -50 2 1
994390 994761 -50 -50 1 1
995012 995185 -50 -50 1 1
995933 996095 -50 -50 1 1
996650 996875 -50 -50 2 1
998130 998371 -50 -50 2 1
998917 999163 -50 -50 2 1
999702 999964 -50 -50 1 1
1000398 1000759 -50 -50 2 1
1001256 1001538 -50 -50 2 1
1001839 1002111 -50 -50 1 1
1002624 1003011 -50 -50 2 1
1003602 1003816 -50 -50 1 1
1004496 1004685 -50 -50 1 1
1005726 1006139 -50 -50 2 1
1006641 1006851 -50 -50 1 1
1007681 1007854 -50 -50 1 1
1008719 1008953 -50 -50 2 1
1009665 1009826 -50 -50 2 1
1010020 1010271 -50 -50 1 1
1010580 1010826 -50 -50 1 1
1011088 1011200 -50 -50 1 1
1011684 1012060 -50 -50 2 1
1013143 1013295 -50 -50 1 1
1013830 1014099 -50 -50 1 1
1014702 1015000 -50 -50 2 1
1016474 1016606 -50 -50 2 1
1016787 1017032 -50 -50 1 1
1017168 1017284 -50 -50 1 1
1018068 1018262 -50 -50 2 1
1018874 1018989 -50 -50 2 1
1019677 1019985 -50 -50 2 1
1020869 1021073 -50 -50 2 1
1021580 1021641 -50 -50 1 1
1022073 1022528 -50 -50 1 1
1023221 1023404 -50 -50 1 1
1024173 1024424 -50 -50 1 1
1025481 1025692 -50 -50 2 1
1026229 1026406 -50 -50 1 1
1026830 1027097 -50 -50 2 1
1027690 1027841 -50 -50 2 1
1028091 1028386 -50 -50 1 1
1028719 1028991 -50 -50 1 1
1029289 1029508 -50 -50 1 1
1029660 1030016 -50 -50 2 1
1030240 1030435 -50 -50 1 1
1031432 1031711 -50 -50 2 1
1032250 1032558 -50 -50 2 1
1033280 1033468 -50 -50 1 1
1033594 1033793 -50 -50 2 1
1034984 1035235 -50 -50 2 1
1035393 1035613 -50 -50 2 1
1035802 1035972 -50 -50 1 1
1036309 1036549 -50 -50 1 1
1036973 1037125 -50 -50 2 1
1037904 1038160 -50 -50 1 1
1038885 1039183 -50 -50 1 1
1039403 1039544 -50 -50 2 1
1039874 1040136 -50 -50 2 1
1040729 1040959 -50 -50 1 1
1041304 1041493 -50 -50 2 1
1043010 1043339 -50 -50 2 1
1044014 1044422 -50 -50 1 1
1045808 1045939 -50 -50 2 1
1046818 1046962 -50 -50 1 1
1047027 1047340 -50 -50 1 1
1047561 1047843 -50 -50 1 1
1048047 1048330 -50 -50 2 1
1048735 1048891 -50 -50 2 1
1049017 1049133 -50 -50 1 1
1049760 1050027 -50 -50 1 1
1050640 1050852 -50 -50 1 1
1051430 1051755 -50 -50 1 1
1052156 1052429 -50 -50 1 1
1052674 1052805 -50 -50 2 1
1053396 1053720 -50 -50 1 1
1054458 1054740 -50 -50 2 1
1055379 1055567 -50 -50 1 1
1056216 1056404 -50 -50 1 1
1056733 1056843 -50 -50 1 1
1057801 1058245 -50 -50 2 1
1058908 1059042 -50 -50 1 1
1059821 1060057 -50 -50 1 1
1060275 1060568 -50 -50 2 1
1060929 1061091 -50 -50 2 1
1061530 1061698 -50 -50 2 1
1062006 1062163 -50 -50 1 1
1063178 1063670 -50 -50 2 1
1064343 1064548 -50 -50 2 1
1065192 1065419 -50 -50 1 1
1065652 1066196 -50 -50 2 1
1066593 1066765 -50 -50 2 1
1066934 1067243 -50 -50 1 1
1067447 1067881 -50 -50 1 1
1068425 1068801 -50 -50 1 1
1070531 1070670 -50 -50 1 1
1074242 1074477 -50 -50 1 1
1076052 1076287 -50 -50 2 1
1076559 1076883 -50 -50 2 1
1077855 1077988 -50 -50 2 1
1078479 1078887 -50 -50 1 1
1080051 1080646 -50 -50 2 1
1080930 1081099 -50 -50 2 1
1081497 1081769 -50 -50 1 1
1083223 1083610 -50 -50 1 1
1084104 1084221 -50 -50 2 1
1084458 1084651 -50 -50 1 1
1085290 1085630 -50 -50 1 1
1086329 1086500 -50 -50 1 1
1087026 1087424 -50 -50 2 1
1087930 1088141 -50 -50 1 1
1088640 1088996 -50 -50 2 1
1089474 1089587 -50 -50 1 1
1089718 1090105 -50 -50 1 1
1090453 1090831 -50 -50 2 1
1091407 1091747 -50 -50 2 1
1091842 1092072 -50 -50 1 1
1092472 1092640 -50 -50 2 1
1092845 1093039 -50 -50 1 1
1093209 1093366 -50 -50 1 1
1093602 1093746 -50 -50 2 1
1095166 1095312 -50 -50 1 1
1096586 1096843 -50 -50 1 1
1097541 1097808 -50 -50 1 1
1098454 1098548 -50 -50 1 1
1099052 1099434 -50 -50 1 1
1099963 1100158 -50 -50 2 1
1100865 1101038 -50 -50 1 1
1101550 1101943 -50 -50 1 1
1102482 1102980 -50 -50 2 1
1103552 1103850 -50 -50 1 1
1105719 1105829 -50 -50 2 1
1106386 1106572 -50 -50 2 1
1107289 1107477 -50 -50 1 1
1108056 1108301 -50 -50 2 1
1108651 1108929 -50 -50 1 1
1109223 1109609 -50 -50 1 1
1109670 1109777 -50 -50 2 1
1110595 1110705 -50 -50 2 1
1111076 1111217 -50 -50 1 1
1111852 1112045 -50 -50 2 1
1112272 1112359 -50 -50 2 1
1112661 1112830 -50 -50 1 1
1113078 1113549 -50 -50 1 1
1114150 1114395 -50 -50 2 1
1114948 1115145 -50 -50 2 1
1115221 1115328 -50 -50 1 1
1115414 1115509 -50 -50 1 1
1115776 1116015 -50 -50 1 1
1116535 1116725 -50 -50 1 1
1117041 1117224 -50 -50 1 1
1117780 1118109 -50 -50 1 1
1118630 1119048 -50 -50 2 1
1119340 1119607 -50 -50 1 1
1119943 1120073 -50 -50 2 1
1120570 1120842 -50 -50 2 1
1121607 1121772 -50 -50 1 1
1122851 1123081 -50 -50 2 1
1123159 1123265 -50 -50 2 1
1123660 1123772 -50 -50 2 1
1124475 1124636 -50 -50 1 1
1125156 1125409 -50 -50 2 1
1126097 1126247 -50 -50 2 1
1126753 1126981 -50 -50 1 1
1127577 1128028 -50 -50 2 1
1128746 1129193 -50 -50 1 1
1130624 1130915 -50 -50 2 1
1131354 1131560 -50 -50 2 1
1132103 1132231 -50 -50 1 1
1133192 1133309 -50 -50 1 1
1133588 1133733 -50 -50 1 1
1133901 1134018 -50 -50 2 1
1134466 1134622 -50 -50 1 1
1135240 1135605 -50 -50 1 1
1136224 1136563 -50 -50 1 1
1137271 1137416 -50 -50 2 1
1138790 1138994 -50 -50 2 1
1139831 1139993 -50 -50 2 1
1141243 1141415 -50 -50 2 1
1141617 1141794 -50 -50 1 1
1141957 1142226 -50 -50 2 1
1143032 1143210 -50 -50 1 1
1143560 1143716 -50 -50 1 1
1144413 1144552 -50 -50 2 1
1145003 1145181 -50 -50 2 1
1145578 1145734 -50 -50 2 1
1146021 1146137 -50 -50 2 1
1147480 1147636 -50 -50 1 1
1148197 1148635 -50 -50 1 1
1149232 1149410 -50 -50 2 1
1150243 1150408 -50 -50 2 1
1150742 1150847 -50 -50 1 1
1151048 1151324 -50 -50 1 1
1151514 1151681 -50 -50 2 1
1151835 1151972 -50 -50 2 1
1152293 1152427 -50 -50 1 1
1153008 1153147 -50 -50 2 1
1153707 1153963 -50 -50 2 1
1154337 1154767 -50 -50 1 1
1155258 1155551 -50 -50 2 1
1155946 1156219 -50 -50 1 1
1156608 1156708 -50 -50 2 1
1156819 1156970 -50 -50 2 1
1157434 1157739 -50 -50 1 1
1158593 1158697 -50 -50 2 1
1159200 1159624 -50 -50 2 1
1160073 1160508 -50 -50 1 1
1160845 1161285 -50 -50 2 1
1161976 1162402 -50 -50 1 1
1162821 1163188 -50 -50 1 1
1163759 1164076 -50 -50 1 1
1164596 1164863 -50 -50 1 1
1165315 1165487 -50 -50 2 1
1166098 1166360 -50 -50 2 1
1166651 1166773 -50 -50 2 1
1167746 1167885 -50 -50 1 1
1168810 1168987 -50 -50 2 1
1169906 1170110 -50 -50 2 1
1171022 1171289 -50 -50 1 1
1171374 1171564 -50 -50 2 1
1171892 1172290 -50 -50 1 1
1173642 1173827 -50 -50 1 1
1175383 1175508 -50 -50 2 1
1176441 1176607 -50 -50 2 1
1176778 1176941 -50 -50 1 1
1177746 1178097 -50 -50 1 1
1178415 1178605 -50 -50 2 1
1180069 1180224 -50 -50 1 1
1180511 1180699 -50 -50 1 1
1180768 1180957 -50 -50 2 1
1181205 1181494 -50 -50 1 1
1182179 1182490 -50 -50 2 1
1183757 1183880 -50 -50 1 1
1184620 1184815 -50 -50 2 1
1185518 1185635 -50 -50 1 1
1186208 1186647 -50 -50 1 1
1186726 1186859 -50 -50 1 1
1187475 1187675 -50 -50 1 1
1188146 1188449 -50 -50 1 1
1188985 1189124 -50 -50 1 1
1189269 1189519 -50 -50 1 1
1189790 1189969 -50 -50 2 1
1190267 1190390 -50 -50 1 1
1190874 1191013 -50 -50 1 1
1191850 1191950 -50 -50 1 1
1192069 1192174 -50 -50 1 1
1192408 1192508 -50 -50 1 1
1193605 1193716 -50 -50 1 1
1196013 1196169 -50 -50 1 1
1197123 1197246 -50 -50 2 1
1197851 1198127 -50 -50 1 1
1198829 1199085 -50 -50 2 1
1199968 1200084 -50 -50 2 1
1200766 1200995 -50 -50 2 1
1201266 1201399 -50 -50 1 1
1201627 1201739 -50 -50 2 1
1201818 1202146 -50 -50 1 1
1202532 1202759 -50 -50 2 1
1205167 1205373 -50 -50 2 1
1207468 1207746 -50 -50 1 1
1208186 1208464 -50 -50 2 1
1208876 1208976 -50 -50 1 1
1209676 1210070 -50 -50 2 1
1210363 1210642 -50 -50 2 1
1211209 1211359 -50 -50 1 1
1211997 1212275 -50 -50 2 1
1213350 1213573 -50 -50 1 1
1215048 1215238 -50 -50 1 1
1215635 1215757 -50 -50 2 1
1217451 1217584 -50 -50 2 1
1218137 1218416 -50 -50 1 1
1219150 1219250 -50 -50 1 1
1219603 1219753 -50 -50 1 1
1220186 1220375 -50 -50 2 1
1222080 1222163 -50 -50 1 1
1223618 1223755 -50 -50 1 1
1223896 1224000 -50 -50 2 1
1224368 1224507 -50 -50 1 1
1224811 1225123 -50 -50 2 1
1226058 1226247 -50 -50 1 1
1227126 1227299 -50 -50 2 1
1227787 1227904 -50 -50 2 1
1228935 1229330 -50 -50 2 1
1229634 1229779 -50 -50 2 1
1229890 1230001 -50 -50 2 1
1230475 1230678 -50 -50 1 1
1231538 1231800 -50 -50 1 1
1232276 1232426 -50 -50 2 1
1233415 1233663 -50 -50 1 1
1234850 1235131 -50 -50 1 1
1235723 1235845 -50 -50 2 1
1236760 1237045 -50 -50 1 1
1237819 1237919 -50 -50 2 1
1241017 1241117 -50 -50 1 1
1241315 1241498 -50 -50 2 1
1242841 1242948 -50 -50 2 1
1243162 1243437 -50 -50 1 1
1244365 1244602 -50 -50 1 1
1245035 1245211 -50 -50 2 1
1245877 1246262 -50 -50 2 1
1250854 1251065 -50 -50 2 1
1251798 1251977 -50 -50 1 1
1252123 1252234 -50 -50 1 1
1252463 1252652 -50 -50 2 1
1252827 1252920 -50 -50 2 1
1255757 1255955 -50 -50 1 1
1256426 1256565 -50 -50 2 1
1257474 1257646 -50 -50 2 1
1258931 1259083 -50 -50 1 1
1260096 1260201 -50 -50 2 1
1260991 1261130 -50 -50 1 1
1261202 1261463 -50 -50 1 1
1263029 1263140 -50 -50 2 1
1263562 1263796 -50 -50 2 1
1265316 1265660 -50 -50 2 1
1268603 1268726 -50 -50 1 1
1269177 1269416 -50 -50 2 1
1270433 1270537 -50 -50 1 1
1271452 1271550 -50 -50 1 1
1272656 1272924 -50 -50 2 1
1274557 1274663 -50 -50 2 1
1277389 1277496 -50 -50 1 1
1278413 1278513 -50 -50 1 1
1285846 1286017 -50 -50 1 1
1287065 1287193 -50 -50 2 1
1288224 1288363 -50 -50 2 1
1289492 1289676 -50 -50 1 1
1290112 1290324 -50 -50 2 1
1291130 1291247 -50 -50 1 1
1291559 1291762 -50 -50 2 1
1292201 1292424 -50 -50 2 1
1294643 1294987 -50 -50 1 1
1296260 1296586 -50 -50 1 1
1298445 1298573 -50 -50 2 1
1298993 1299149 -50 -50 1 1
1300457 1300807 -50 -50 2 1
1301380 1301514 -50 -50 2 1
1302046 1302223 -50 -50 2 1
1302518 1302629 -50 -50 1 1
1302746 1302824 -50 -50 2 1
1303295 1303499 -50 -50 2 1
1303869 1303981 -50 -50 2 1
1304292 1304501 -50 -50 1 1
1307323 1307473 -50 -50 1 1
1307928 1308095 -50 -50 2 1
1310884 1311001 -50 -50 1 1
1312637 1312787 -50 -50 1 1
1313464 1313565 -50 -50 2 1
1315004 1315132 -50 -50 2 1
1315726 1315838 -50 -50 2 1
1316966 1317115 -50 -50 1 1
1318226 1318409 -50 -50 2 1
1321063 1321158 -50 -50 2 1
1321758 1321875 -50 -50 2 1
1322087 1322361 -50 -50 1 1
1323073 1323185 -50 -50 2 1
1323685 1323802 -50 -50 2 1
1324842 1325004 -50 -50 1 1
1327864 1328020 -50 -50 2 1
1328320 1328464 -50 -50 2 1
1328559 1328676 -50 -50 2 1
1329190 1329351 -50 -50 1 1
1329602 1329735 -50 -50 2 1
1330694 1330800 -50 -50 2 1
1330890 1331017 -50 -50 1 1
1333380 1333814 -50 -50 2 1
1334973 1335073 -50 -50 2 1
1338079 1338179 -50 -50 1 1
1339703 1339819 -50 -50 2 1
1340617 1340795 -50 -50 2 1
1340984 1341173 -50 -50 2 1
1344004 1344137 -50 -50 1 1
1345837 1345925 -50 -50 1 1
1346104 1346263 -50 -50 1 1
1346331 1346431 -50 -50 2 1
1347307 1347457 -50 -50 2 1
1347713 1347874 -50 -50 1 1
1348572 1348784 -50 -50 2 1
1349398 1349517 -50 -50 2 1
1350796 1351148 -50 -50 2 1
1351520 1351651 -50 -50 1 1
1352204 1352448 -50 -50 2 1
1356068 1356237 -50 -50 1 1
1357330 1357480 -50 -50 2 1
1358821 1359072 -50 -50 1 1
1364651 1364806 -50 -50 2 1
1368015 1368362 -50 -50 2 1
1368554 1368749 -50 -50 1 1
1369408 1369508 -50 -50 2 1
1371990 1372105 -50 -50 2 1
1379026 1379120 -50 -50 1 1
1380277 1380468 -50 -50 2 1
1381130 1381316 -50 -50 2 1
1381842 1381964 -50 -50 1 1
1383107 1383223 -50 -50 2 1
1383474 1383607 -50 -50 1 1
1386171 1386525 -50 -50 2 1
1386831 1387246 -50 -50 2 1
1388153 1388272 -50 -50 1 1
1388353 1388514 -50 -50 2 1
1389618 1389735 -50 -50 2 1
1391348 1391498 -50 -50 1 1
1391568 1391725 -50 -50 2 1
1397873 1397979 -50 -50 1 1
1399843 1399976 -50 -50 2 1
1404028 1404199 -50 -50 1 1
1404683 1404919 -50 -50 2 1
1405420 1405593 -50 -50 1 1
1408931 1409053 -50 -50 1 1
1409153 1409264 -50 -50 2 1
1412487 1412626 -50 -50 1 1
1416110 1416281 -50 -50 1 1
1419151 1419329 -50 -50 1 1
1428142 1428259 -50 -50 2 1
1429130 1429324 -50 -50 1 1
1430690 1430773 -50 -50 2 1
1431188 1431338 -50 -50 2 1
1432012 1432126 -50 -50 1 1
1432458 1432630 -50 -50 2 1
1433353 1433514 -50 -50 1 1
1433792 1433965 -50 -50 2 1
1435425 1435525 -50 -50 1 1
1435601 1435724 -50 -50 2 1
1437004 1437215 -50 -50 2 1
1437807 1437974 -50 -50 1 1
1438869 1438970 -50 -50 2 1
1439259 1439470 -50 -50 1 1
1801820 1802071 -50 -50 2 1
1804387 1804598 -50 -50 2 1
1804800 1805039 -50 -50 1 1
1805583 1805699 -50 -50 2 1
1806479 1806606 -50 -50 2 1
1807547 1807753 -50 -50 2 1
1808744 1809019 -50 -50 1 1
1809691 1809807 -50 -50 2 1
1810030 1810108 -50 -50 1 1
1810568 1810696 -50 -50 2 1
1811248 1811394 -50 -50 1 1
1811840 1812000 -50 -50 1 1
1812723 1812914 -50 -50 1 1
1813950 1814106 -50 -50 2 1
1814698 1814854 -50 -50 2 1
1815405 1815560 -50 -50 2 1
1816006 1816272 -50 -50 1 1
1816774 1817077 -50 -50 1 1
1817220 1817439 -50 -50 2 1
1817559 1817681 -50 -50 2 1
1817798 1817976 -50 -50 2 1
1818346 1818768 -50 -50 2 1
1820075 1820242 -50 -50 2 1
1822424 1822718 -50 -50 1 1
1823569 1823735 -50 -50 2 1
1824274 1824538 -50 -50 1 1
1824835 1824952 -50 -50 2 1
1825567 1825813 -50 -50 1 1
1826268 1826378 -50 -50 1 1
1827393 1827538 -50 -50 1 1
1828324 1828436 -50 -50 2 1
1828786 1828970 -50 -50 1 1
1829061 1829228 -50 -50 2 1
1829623 1829724 -50 -50 2 1
1829806 1830031 -50 -50 1 1
1830340 1830507 -50 -50 2 1
1830854 1831054 -50 -50 2 1
1831329 1831561 -50 -50 1 1
1831818 1832124 -50 -50 1 1
1832648 1832848 -50 -50 1 1
1832999 1833196 -50 -50 1 1
1833524 1833672 -50 -50 2 1
1833796 1833885 -50 -50 2 1
1834672 1834922 -50 -50 1 1
1835397 1835603 -50 -50 2 1
1835913 1836168 -50 -50 2 1
1836548 1836926 -50 -50 1 1
1837585 1837852 -50 -50 2 1
1838279 1838655 -50 -50 2 1
1839565 1839815 -50 -50 1 1
1840150 1840373 -50 -50 2 1
1841030 1841175 -50 -50 2 1
1841801 1842115 -50 -50 2 1
1842772 1843107 -50 -50 2 1
1843944 1844135 -50 -50 2 1
1844666 1844975 -50 -50 2 1
1845555 1845863 -50 -50 1 1
1846411 1846685 -50 -50 2 1
1847464 1847793 -50 -50 2 1
1848425 1848591 -50 -50 1 1
1849302 1849413 -50 -50 2 1
1850759 1850943 -50 -50 1 1
1852526 1852717 -50 -50 1 1
1857985 1858236 -50 -50 2 1
1859232 1859411 -50 -50 2 1
1860118 1860307 -50 -50 1 1
1860857 1860957 -50 -50 2 1
1861764 1861864 -50 -50 1 1
1864519 1864614 -50 -50 2 1
1866650 1867044 -50 -50 1 1
1867733 1867872 -50 -50 1 1
1868406 1868795 -50 -50 1 1
1869592 1869721 -50 -50 1 1
1874503 1874665 -50 -50 2 1
1879662 1879786 -50 -50 1 1
1884521 1884622 -50 -50 2 1
1885044 1885405 -50 -50 1 1
1886976 1887154 -50 -50 2 1
1888904 1889009 -50 -50 1 1
1890093 1890210 -50 -50 2 1
1898943 1899104 -50 -50 2 1
1906027 1906160 -50 -50 1 1
2082721 2082855 -50 -50 2 1
2083666 2083772 -50 -50 2 1
2085023 2085107 -50 -50 1 1
2087273 2087417 -50 -50 2 1
2092699 2093132 -50 -50 2 1
2094159 2094376 -50 -50 1 1
2094744 2094890 -50 -50 1 1
2095711 2095822 -50 -50 1 1
2096127 2096332 -50 -50 2 1
2096905 2097159 -50 -50 2 1
2097928 2098050 -50 -50 1 1
2099621 2099908 -50 -50 2 1
2100755 2100860 -50 -50 2 1
2102273 2102706 -50 -50 1 1
2104006 2104184 -50 -50 2 1
2104687 2104832 -50 -50 2 1
2104898 2105150 -50 -50 1 1
2106073 2106196 -50 -50 1 1
2107253 2107468 -50 -50 2 1
2108136 2108353 -50 -50 1 1
2109346 2109563 -50 -50 1 1
2110125 2110323 -50 -50 2 1
2111173 2111278 -50 -50 2 1
2111756 2111942 -50 -50 1 1
2112324 2112440 -50 -50 1 1
2112939 2113235 -50 -50 1 1
2113990 2114290 -50 -50 2 1
2114937 2115165 -50 -50 1 1
2115937 2116095 -50 -50 2 1
2116390 2116529 -50 -50 2 1
2117002 2117163 -50 -50 1 1
2117598 2117843 -50 -50 2 1
2118525 2118738 -50 -50 1 1
2118963 2119224 -50 -50 2 1
2119850 2119966 -50 -50 1 1
2120467 2120777 -50 -50 2 1
2121221 2121618 -50 -50 2 1
2121904 2122190 -50 -50 2 1
2123086 2123286 -50 -50 1 1
2123617 2123773 -50 -50 2 1
2123993 2124182 -50 -50 1 1
2124762 2125060 -50 -50 2 1
2126259 2126576 -50 -50 1 1
2127280 2127514 -50 -50 2 1
2127841 2128077 -50 -50 1 1
2128430 2128575 -50 -50 2 1
2129035 2129208 -50 -50 2 1
2129968 2130262 -50 -50 1 1
2130424 2130524 -50 -50 1 1
2131047 2131389 -50 -50 2 1
2131755 2132117 -50 -50 1 1
2132648 2132909 -50 -50 2 1
2133304 2133614 -50 -50 2 1
2134557 2134774 -50 -50 1 1
2135134 2135300 -50 -50 2 1
2135486 2135642 -50 -50 1 1
2136229 2136585 -50 -50 1 1
2137253 2137427 -50 -50 2 1
2138023 2138230 -50 -50 1 1
2138804 2139039 -50 -50 2 1
2139101 2139224 -50 -50 2 1
2139496 2139652 -50 -50 1 1
2140067 2140356 -50 -50 2 1
2141152 2141392 -50 -50 2 1
2142112 2142324 -50 -50 2 1
2142919 2143130 -50 -50 1 1
2143495 2143679 -50 -50 2 1
2144089 2144356 -50 -50 2 1
2145556 2145813 -50 -50 2 1
2146287 2146416 -50 -50 2 1
2146601 2146832 -50 -50 2 1
2147393 2147593 -50 -50 2 1
2147857 2148373 -50 -50 1 1
2148800 2148944 -50 -50 2 1
2149302 2149641 -50 -50 2 1
2150160 2150274 -50 -50 2 1
2150679 2150795 -50 -50 2 1
2151867 2152072 -50 -50 2 1
2152526 2152737 -50 -50 2 1
2154115 2154286 -50 -50 1 1
2154666 2154805 -50 -50 1 1
2155395 2155626 -50 -50 2 1
2156542 2156770 -50 -50 2 1
2156951 2157118 -50 -50 2 1
2157349 2157566 -50 -50 1 1
2158046 2158224 -50 -50 2 1
2158449 2158564 -50 -50 2 1
2159527 2159786 -50 -50 1 1
2160356 2160560 -50 -50 1 1
2161378 2161564 -50 -50 1 1
2162028 2162429 -50 -50 2 1
2163290 2163446 -50 -50 1 1
2164073 2164266 -50 -50 1 1
2164462 2164684 -50 -50 2 1
2165075 2165281 -50 -50 2 1
2165344 2165551 -50 -50 1 1
2166065 2166239 -50 -50 2 1
2166727 2167095 -50 -50 2 1
2167596 2167824 -50 -50 1 1
2169124 2169267 -50 -50 2 1
2170275 2170504 -50 -50 2 1
2171317 2171428 -50 -50 2 1
2171642 2171870 -50 -50 1 1
2173393 2173759 -50 -50 2 1
2173908 2174020 -50 -50 1 1
2174286 2174584 -50 -50 2 1
2174801 2174961 -50 -50 2 1
2175215 2175432 -50 -50 1 1
2175818 2175952 -50 -50 2 1
2176069 2176201 -50 -50 2 1
2176299 2176454 -50 -50 1 1
2176878 2177448 -50 -50 2 1
2177782 2177976 -50 -50 1 1
2178516 2178744 -50 -50 2 1
2179415 2179621 -50 -50 2 1
2180170 2180407 -50 -50 1 1
2180756 2180912 -50 -50 2 1
2181919 2182108 -50 -50 1 1
2182482 2182788 -50 -50 2 1
2183372 2183481 -50 -50 2 1
2183934 2184309 -50 -50 1 1
2184854 2185034 -50 -50 2 1
2185628 2186007 -50 -50 1 1
2186803 2187039 -50 -50 2 1
2188285 2188445 -50 -50 2 1
2188991 2189332 -50 -50 2 1
2190179 2190332 -50 -50 1 1
2190496 2190679 -50 -50 2 1
2190856 2191130 -50 -50 1 1
2192114 2192534 -50 -50 2 1
2192993 2193199 -50 -50 1 1
2193691 2194012 -50 -50 2 1
2194680 2194797 -50 -50 2 1
2195670 2195831 -50 -50 1 1
2196386 2196584 -50 -50 1 1
2197879 2198141 -50 -50 2 1
2198493 2198632 -50 -50 2 1
2198862 2199007 -50 -50 1 1
2199393 2199555 -50 -50 1 1
2199679 2199857 -50 -50 2 1
2200170 2200415 -50 -50 1 1
2200831 2201025 -50 -50 1 1
2201294 2201580 -50 -50 1 1
2202504 2202609 -50 -50 1 1
2203469 2203692 -50 -50 2 1
2203853 2204044 -50 -50 2 1
2204868 2205185 -50 -50 2 1
2206098 2206320 -50 -50 1 1
2206757 2207015 -50 -50 1 1
2207398 2207553 -50 -50 2 1
2207831 2208037 -50 -50 2 1
2208332 2208460 -50 -50 2 1
2208952 2209174 -50 -50 1 1
2209441 2209625 -50 -50 1 1
2210059 2210592 -50 -50 2 1
2211172 2211405 -50 -50 1 1
2211774 2211874 -50 -50 2 1
2212068 2212428 -50 -50 2 1
2212735 2212966 -50 -50 2 1
2213589 2213725 -50 -50 1 1
2213788 2214019 -50 -50 1 1
2214602 2214746 -50 -50 2 1
2214937 2215137 -50 -50 2 1
2215527 2216087 -50 -50 1 1
2216176 2216343 -50 -50 2 1
2216959 2217226 -50 -50 2 1
2217846 2218380 -50 -50 1 1
2218815 2218994 -50 -50 1 1
2219300 2219439 -50 -50 1 1
2219976 2220443 -50 -50 1 1
2220818 2221145 -50 -50 1 1
2221415 2221632 -50 -50 2 1
2221720 2222043 -50 -50 2 1
2222323 2222781 -50 -50 1 1
2223160 2223510 -50 -50 2 1
2224000 2224217 -50 -50 1 1
2224319 2224525 -50 -50 2 1
2224891 2225043 -50 -50 1 1
2225437 2225750 -50 -50 1 1
2226241 2226427 -50 -50 1 1
2227150 2227342 -50 -50 2 1
2227730 2227881 -50 -50 2 1
2228124 2228280 -50 -50 1 1
2228642 2228726 -50 -50 2 1
2229073 2229218 -50 -50 2 1
2229744 2230117 -50 -50 2 1
2230780 2231042 -50 -50 1 1
2231507 2231649 -50 -50 2 1
2231731 2231850 -50 -50 1 1
2232614 2232782 -50 -50 2 1
2233293 2233448 -50 -50 2 1
2233540 2233689 -50 -50 1 1
2234306 2234428 -50 -50 2 1
2234541 2234742 -50 -50 1 1
2235590 2235852 -50 -50 2 1
2236625 2236753 -50 -50 2 1
2237334 2237612 -50 -50 1 1
2237881 2238162 -50 -50 2 1
2238550 2238827 -50 -50 1 1
2239052 2239213 -50 -50 1 1
2240079 2240399 -50 -50 2 1
2240826 2241115 -50 -50 2 1
2241649 2241789 -50 -50 2 1
2241866 2242134 -50 -50 2 1
2242425 2242661 -50 -50 2 1
2242756 2243033 -50 -50 1 1
2243497 2243644 -50 -50 1 1
2244314 2244491 -50 -50 2 1
2245139 2245388 -50 -50 2 1
2245877 2246162 -50 -50 1 1
2246642 2246902 -50 -50 2 1
2247230 2247503 -50 -50 1 1
2247885 2248232 -50 -50 2 1
2248808 2249122 -50 -50 1 1
2249570 2250015 -50 -50 2 1
2250457 2250758 -50 -50 2 1
2251102 2251491 -50 -50 1 1
2251823 2252054 -50 -50 2 1
2252244 2252510 -50 -50 1 1
2252982 2253171 -50 -50 2 1
2253290 2253406 -50 -50 1 1
2253985 2254355 -50 -50 2 1
2254850 2255241 -50 -50 1 1
2255675 2255798 -50 -50 2 1
2256364 2256744 -50 -50 2 1
2257165 2257309 -50 -50 1 1
2257743 2257970 -50 -50 1 1
2258959 2259159 -50 -50 2 1
2260245 2260390 -50 -50 1 1
2260908 2261081 -50 -50 2 1
2261508 2261703 -50 -50 1 1
2263176 2263298 -50 -50 2 1
2264035 2264230 -50 -50 2 1
2265076 2265226 -50 -50 2 1
2265513 2265809 -50 -50 1 1
2266052 2266147 -50 -50 2 1
2266580 2266947 -50 -50 2 1
2267364 2267603 -50 -50 1 1
2268178 2268438 -50 -50 2 1
2268963 2269230 -50 -50 2 1
2269730 2270193 -50 -50 1 1
2271244 2271364 -50 -50 2 1
2271633 2271805 -50 -50 2 1
2273391 2273581 -50 -50 1 1
2274059 2274188 -50 -50 1 1
2275097 2275571 -50 -50 2 1
2276031 2276166 -50 -50 1 1
2276431 2276737 -50 -50 1 1
2276856 2277007 -50 -50 1 1
2277159 2277393 -50 -50 1 1
2277854 2278043 -50 -50 1 1
2278274 2278397 -50 -50 2 1
2278498 2278659 -50 -50 1 1
2279712 2279823 -50 -50 2 1
2280218 2280388 -50 -50 1 1
2281369 2281841 -50 -50 2 1
2281947 2282140 -50 -50 2 1
2282320 2282640 -50 -50 2 1
2283271 2283444 -50 -50 1 1
2283854 2284215 -50 -50 2 1
2284947 2285264 -50 -50 2 1
2286370 2286570 -50 -50 1 1
2286985 2287108 -50 -50 2 1
2289983 2290166 -50 -50 1 1
2299239 2299522 -50 -50 2 1
2299642 2299861 -50 -50 2 1
2300198 2300348 -50 -50 1 1
2301009 2301132 -50 -50 2 1
2301377 2301716 -50 -50 2 1
2302037 2302311 -50 -50 1 1
2302781 2303105 -50 -50 2 1
2303431 2303856 -50 -50 2 1
2304352 2304599 -50 -50 1 1
2305103 2305280 -50 -50 2 1
2305829 2306052 -50 -50 1 1
2306419 2306575 -50 -50 2 1
2307517 2307814 -50 -50 2 1
2308386 2308480 -50 -50 2 1
2308927 2309130 -50 -50 2 1
2309692 2309993 -50 -50 1 1
2310754 2310920 -50 -50 2 1
2311280 2311641 -50 -50 1 1
2312208 2312461 -50 -50 1 1
2312831 2313360 -50 -50 2 1
2313452 2313596 -50 -50 2 1
2313750 2314150 -50 -50 2 1
2314413 2314552 -50 -50 2 1
2314863 2315169 -50 -50 1 1
2316180 2316290 -50 -50 2 1
2316939 2317106 -50 -50 2 1
2317579 2317863 -50 -50 1 1
2318429 2318726 -50 -50 2 1
2319510 2319661 -50 -50 1 1
2320048 2320170 -50 -50 2 1
2320684 2320827 -50 -50 2 1
2321603 2321742 -50 -50 1 1
2322308 2322461 -50 -50 2 1
2322939 2323217 -50 -50 2 1
2323452 2323707 -50 -50 2 1
2323943 2324450 -50 -50 1 1
2324804 2325082 -50 -50 2 1
2325415 2325854 -50 -50 2 1
2326287 2326577 -50 -50 2 1
2326925 2327059 -50 -50 1 1
2327254 2327432 -50 -50 2 1
2327724 2328086 -50 -50 2 1
2328569 2328843 -50 -50 1 1
2329312 2329662 -50 -50 2 1
2330104 2330426 -50 -50 2 1
2330970 2331154 -50 -50 2 1
2331518 2331718 -50 -50 2 1
2332025 2332141 -50 -50 1 1
2332536 2332842 -50 -50 2 1
2333113 2333325 -50 -50 1 1
2333959 2334093 -50 -50 1 1
2335815 2336004 -50 -50 2 1
2336348 2336593 -50 -50 2 1
2336751 2336901 -50 -50 1 1
2336991 2337231 -50 -50 2 1
2337398 2337620 -50 -50 2 1
2337920 2338392 -50 -50 2 1
2339676 2339985 -50 -50 2 1
2340604 2340815 -50 -50 2 1
2341413 2341653 -50 -50 1 1
2342347 2342585 -50 -50 2 1
2343498 2343720 -50 -50 2 1
2344212 2344450 -50 -50 2 1
2345150 2345261 -50 -50 2 1
2345637 2345983 -50 -50 1 1
2347013 2347252 -50 -50 2 1
2348698 2348815 -50 -50 1 1
2349210 2349577 -50 -50 2 1
2349743 2349926 -50 -50 1 1
2350911 2351239 -50 -50 1 1
2351787 2352069 -50 -50 2 1
2352598 2352900 -50 -50 2 1
2353395 2353562 -50 -50 1 1
2354219 2354464 -50 -50 2 1
2354948 2355344 -50 -50 1 1
2355879 2356186 -50 -50 1 1
2356763 2357167 -50 -50 2 1
2357619 2358114 -50 -50 2 1
2358457 2358557 -50 -50 2 1
2358730 2358946 -50 -50 2 1
2359476 2359832 -50 -50 1 1
2360279 2360637 -50 -50 2 1
2361216 2361661 -50 -50 1 1
2362228 2362476 -50 -50 2 1
2363009 2363235 -50 -50 2 1
2363478 2363634 -50 -50 1 1
2364185 2364324 -50 -50 2 1
2364713 2364869 -50 -50 2 1
2365931 2366176 -50 -50 1 1
2366559 2366665 -50 -50 2 1
2367639 2367759 -50 -50 2 1
2368966 2369193 -50 -50 1 1
2369834 2370012 -50 -50 2 1
2370547 2370710 -50 -50 1 1
2371411 2371841 -50 -50 2 1
2372198 2372314 -50 -50 2 1
2372473 2372583 -50 -50 2 1
2373117 2373546 -50 -50 1 1
2374000 2374123 -50 -50 2 1
2374893 2375309 -50 -50 2 1
2375659 2375816 -50 -50 2 1
2376527 2376671 -50 -50 1 1
2376746 2377019 -50 -50 2 1
2377219 2377330 -50 -50 1 1
2377552 2377747 -50 -50 2 1
2378025 2378153 -50 -50 1 1
2378532 2378798 -50 -50 2 1
2379343 2379494 -50 -50 2 1
2379733 2379850 -50 -50 1 1
2380452 2380716 -50 -50 2 1
2381287 2381409 -50 -50 1 1
2381732 2381882 -50 -50 2 1
2382638 2382846 -50 -50 2 1
2383272 2383721 -50 -50 2 1
2383965 2384059 -50 -50 2 1
2384354 2384532 -50 -50 1 1
2385190 2385531 -50 -50 2 1
2385805 2385916 -50 -50 2 1
2386251 2386401 -50 -50 2 1
2386880 2387030 -50 -50 1 1
2387556 2387684 -50 -50 1 1
2387804 2387943 -50 -50 2 1
2388736 2389052 -50 -50 2 1
2389480 2389903 -50 -50 2 1
2390689 2390848 -50 -50 2 1
2391101 2391235 -50 -50 1 1
2391540 2391933 -50 -50 1 1
2392448 2392715 -50 -50 2 1
2393146 2393387 -50 -50 2 1
2394071 2394271 -50 -50 1 1
2395074 2395341 -50 -50 2 1
2396085 2396303 -50 -50 1 1
2396868 2397001 -50 -50 2 1
2397109 2397477 -50 -50 2 1
2398290 2398468 -50 -50 2 1
2399514 2399637 -50 -50 1 1
2400051 2400395 -50 -50 2 1
2401017 2401167 -50 -50 1 1
2401875 2402152 -50 -50 2 1
2402223 2402754 -50 -50 1 1
2403129 2403374 -50 -50 1 1
2403572 2403683 -50 -50 1 1
2404551 2404818 -50 -50 1 1
2405281 2405437 -50 -50 2 1
2405734 2405895 -50 -50 2 1
2406499 2406727 -50 -50 2 1
2407100 2407334 -50 -50 1 1
2407757 2407868 -50 -50 2 1
2408659 2408943 -50 -50 1 1
2409290 2409852 -50 -50 2 1
2410152 2410297 -50 -50 1 1
2410696 2411091 -50 -50 2 1
2411704 2412047 -50 -50 2 1
2412390 2412818 -50 -50 1 1
2413338 2413483 -50 -50 2 1
2414119 2414275 -50 -50 2 1
2414990 2415396 -50 -50 1 1
2415857 2416094 -50 -50 2 1
2416706 2416993 -50 -50 1 1
2417768 2417962 -50 -50 2 1
2418510 2418830 -50 -50 2 1
2419244 2419431 -50 -50 1 1
2419969 2420080 -50 -50 2 1
2420508 2420826 -50 -50 1 1
2421290 2421628 -50 -50 1 1
2422287 2422583 -50 -50 1 1
2422930 2423348 -50 -50 2 1
2423411 2423551 -50 -50 2 1
2423759 2423909 -50 -50 2 1
2424021 2424141 -50 -50 2 1
2424282 2424466 -50 -50 1 1
2425191 2425286 -50 -50 2 1
2426237 2426443 -50 -50 1 1
2427487 2427654 -50 -50 2 1
2428123 2428329 -50 -50 1 1
2429791 2429928 -50 -50 2 1
2430332 2430439 -50 -50 1 1
2431369 2431536 -50 -50 1 1
2432143 2432270 -50 -50 2 1
2432729 2432868 -50 -50 1 1
2433073 2433240 -50 -50 2 1
2433479 2433568 -50 -50 2 1
2433963 2434063 -50 -50 2 1
2435003 2435598 -50 -50 1 1
2435819 2435980 -50 -50 2 1
2437386 2437753 -50 -50 2 1
2438231 2438359 -50 -50 1 1
2439004 2439215 -50 -50 2 1
2439731 2439895 -50 -50 1 1
2440323 2440486 -50 -50 2 1
2440761 2440911 -50 -50 2 1
2441970 2442148 -50 -50 2 1
2442531 2443090 -50 -50 1 1
2443208 2443534 -50 -50 2 1
2443819 2443985 -50 -50 2 1
2444557 2444693 -50 -50 2 1
2445021 2445165 -50 -50 1 1
2445735 2446070 -50 -50 2 1
2446280 2446464 -50 -50 2 1
2447075 2447209 -50 -50 2 1
2447743 2447843 -50 -50 2 1
2447969 2448111 -50 -50 1 1
2449546 2449718 -50 -50 2 1
2450565 2450665 -50 -50 2 1
2450806 2450907 -50 -50 2 1
2451404 2451586 -50 -50 2 1
2452557 2452629 -50 -50 1 1
2453414 2453565 -50 -50 2 1
2453934 2454018 -50 -50 2 1
2454683 2455045 -50 -50 1 1
2455395 2455813 -50 -50 2 1
2456280 2456508 -50 -50 1 1
2456656 2456768 -50 -50 2 1
2456848 2457076 -50 -50 2 1
2457563 2457874 -50 -50 2 1
2458351 2458753 -50 -50 2 1
2459601 2459712 -50 -50 1 1
2459970 2460342 -50 -50 2 1
2460897 2461055 -50 -50 1 1
2462720 2462876 -50 -50 2 1
2463074 2463444 -50 -50 2 1
2464267 2464473 -50 -50 1 1
2465219 2465497 -50 -50 2 1
2466946 2467302 -50 -50 2 1
2467969 2468102 -50 -50 2 1
2468735 2468927 -50 -50 2 1
2469051 2469235 -50 -50 2 1
2469641 2469785 -50 -50 2 1
2470390 2470568 -50 -50 1 1
2470808 2470964 -50 -50 2 1
2471284 2471417 -50 -50 1 1
2471788 2472190 -50 -50 2 1
2473147 2473458 -50 -50 2 1
2473628 2473755 -50 -50 1 1
2474776 2474937 -50 -50 2 1
2475513 2475663 -50 -50 2 1
2476448 2476626 -50 -50 2 1
2479076 2479236 -50 -50 1 1
2479626 2479804 -50 -50 2 1
2480558 2480716 -50 -50 2 1
2481713 2481983 -50 -50 1 1
2482340 2482534 -50 -50 2 1
2483737 2483985 -50 -50 2 1
2484618 2484752 -50 -50 1 1
2484911 2485103 -50 -50 2 1
2485226 2485382 -50 -50 2 1
2485649 2485813 -50 -50 2 1
2486957 2487090 -50 -50 2 1
2487222 2487426 -50 -50 2 1
2488291 2488430 -50 -50 2 1
2488834 2488992 -50 -50 2 1
2490486 2490611 -50 -50 1 1
2492920 2493082 -50 -50 1 1
2493834 2494006 -50 -50 2 1
2494851 2494929 -50 -50 2 1
2495895 2496018 -50 -50 2 1
2496404 2496554 -50 -50 1 1
2497619 2497775 -50 -50 2 1
2498437 2498543 -50 -50 1 1
2500180 2500286 -50 -50 1 1
2500683 2500828 -50 -50 2 1
2501420 2501581 -50 -50 1 1
2502666 2502941 -50 -50 2 1
2503451 2503790 -50 -50 2 1
2504187 2504386 -50 -50 2 1
2506003 2506167 -50 -50 1 1
2508576 2508798 -50 -50 2 1
2510348 2510482 -50 -50 1 1
2510768 2510890 -50 -50 2 1
2511073 2511357 -50 -50 2 1
2512073 2512212 -50 -50 1 1
2512786 2513040 -50 -50 1 1
2513592 2513792 -50 -50 2 1
2514535 2514679 -50 -50 2 1
2515054 2515187 -50 -50 1 1
2515813 2515969 -50 -50 2 1
2516420 2516543 -50 -50 1 1
2517313 2517529 -50 -50 2 1
2518138 2518376 -50 -50 2 1
2518820 2519015 -50 -50 2 1
2519570 2519676 -50 -50 2 1
2520084 2520281 -50 -50 1 1
2523335 2523446 -50 -50 2 1
2524161 2524309 -50 -50 1 1
2526307 2526474 -50 -50 2 1
2527502 2527586 -50 -50 2 1
2529140 2529244 -50 -50 2 1
2529807 2529957 -50 -50 2 1
2530069 2530202 -50 -50 1 1
2530881 2531114 -50 -50 2 1
2531226 2531448 -50 -50 1 1
2531773 2531934 -50 -50 2 1
2532306 2532441 -50 -50 1 1
2532984 2533261 -50 -50 2 1
2533907 2534236 -50 -50 2 1
2534687 2534848 -50 -50 1 1
2535315 2535874 -50 -50 2 1
2537314 2537503 -50 -50 2 1
2538112 2538274 -50 -50 2 1
2538343 2538486 -50 -50 2 1
2539058 2539219 -50 -50 2 1
2539949 2540114 -50 -50 1 1
2540765 2541132 -50 -50 1 1
2541869 2541976 -50 -50 2 1
2542048 2542193 -50 -50 2 1
2544963 2545185 -50 -50 1 1
2546862 2547040 -50 -50 2 1
2548729 2549019 -50 -50 2 1
2549278 2549406 -50 -50 2 1
2552225 2552436 -50 -50 1 1
2552668 2552878 -50 -50 2 1
2555750 2555958 -50 -50 1 1
2556083 2556350 -50 -50 2 1
2556798 2557065 -50 -50 1 1
2558480 2558656 -50 -50 2 1
2559267 2559406 -50 -50 2 1
2559715 2559918 -50 -50 1 1
2560680 2560797 -50 -50 2 1
2561103 2561354 -50 -50 2 1
2563958 2564103 -50 -50 2 1
2566011 2566184 -50 -50 1 1
2566726 2566882 -50 -50 2 1
2567637 2567809 -50 -50 2 1
2569276 2569482 -50 -50 2 1
2573132 2573265 -50 -50 2 1
2574449 2574627 -50 -50 2 1
2575041 2575213 -50 -50 2 1
2576536 2576737 -50 -50 2 1
2577349 2577730 -50 -50 1 1
2578789 2578939 -50 -50 2 1
2581154 2581337 -50 -50 1 1
2581886 2582092 -50 -50 2 1
2582606 2582751 -50 -50 1 1
2583976 2584133 -50 -50 2 1
2585136 2585248 -50 -50 2 1
2586017 2586165 -50 -50 1 1
2586543 2586743 -50 -50 1 1
2587420 2587758 -50 -50 2 1
2588620 2588826 -50 -50 1 1
2590216 2590408 -50 -50 2 1
2591481 2591726 -50 -50 2 1
2592544 2592841 -50 -50 2 1
2593603 2593736 -50 -50 1 1
2594293 2594432 -50 -50 1 1
2595193 2595326 -50 -50 2 1
2596452 2596585 -50 -50 1 1
2598869 2598952 -50 -50 2 1
2599459 2599665 -50 -50 1 1
2603320 2603459 -50 -50 2 1
2604301 2604446 -50 -50 2 1
2604998 2605111 -50 -50 2 1
2607654 2607964 -50 -50 1 1
2608707 2608835 -50 -50 2 1
2609781 2609954 -50 -50 1 1
2611825 2612015 -50 -50 2 1
2613007 2613218 -50 -50 1 1
2614637 2614793 -50 -50 2 1
2615779 2615923 -50 -50 1 1
2616476 2616626 -50 -50 2 1
2617931 2618093 -50 -50 1 1
2618976 2619143 -50 -50 1 1
2619528 2619720 -50 -50 1 1
2619836 2620021 -50 -50 1 1
2620558 2620658 -50 -50 2 1
2621290 2621457 -50 -50 1 1
2622257 2622485 -50 -50 2 1
2623126 2623332 -50 -50 1 1
2625488 2625661 -50 -50 2 1
2626646 2626979 -50 -50 2 1
2627147 2627353 -50 -50 1 1
2629531 2629698 -50 -50 2 1
2631258 2631434 -50 -50 2 1
2631967 2632128 -50 -50 1 1
2635263 2635425 -50 -50 2 1
2635848 2635987 -50 -50 2 1
2636570 2636815 -50 -50 1 1
2636932 2637065 -50 -50 1 1
2637161 2637438 -50 -50 1 1
2638004 2638237 -50 -50 1 1
2638957 2639128 -50 -50 2 1
2639785 2640063 -50 -50 1 1
2641888 2642050 -50 -50 1 1
2643557 2643691 -50 -50 1 1
2645298 2645448 -50 -50 1 1
2645829 2645984 -50 -50 2 1
2646096 2646240 -50 -50 2 1
2646693 2646776 -50 -50 2 1
2649455 2649594 -50 -50 1 1
2649919 2650085 -50 -50 2 1
2650847 2650981 -50 -50 2 1
2651053 2651220 -50 -50 2 1
2651323 2651445 -50 -50 2 1
2651929 2652057 -50 -50 1 1
2652579 2652679 -50 -50 1 1
2653301 2653528 -50 -50 1 1
2654325 2654888 -50 -50 2 1
2656150 2656336 -50 -50 2 1
2656943 2657239 -50 -50 1 1
2659252 2659391 -50 -50 1 1
2659534 2659703 -50 -50 2 1
2660242 2660492 -50 -50 1 1
2662230 2662347 -50 -50 1 1
2662458 2662625 -50 -50 2 1
2663296 2663495 -50 -50 1 1
2663708 2663985 -50 -50 2 1
2665536 2665653 -50 -50 1 1
2666082 2666409 -50 -50 1 1
2667409 2667637 -50 -50 2 1
2667884 2668141 -50 -50 2 1
2668991 2669394 -50 -50 2 1
2669756 2670162 -50 -50 2 1
2670529 2670707 -50 -50 1 1
2670974 2671080 -50 -50 1 1
2671464 2671580 -50 -50 1 1
2672170 2672331 -50 -50 1 1
2672520 2672642 -50 -50 1 1
2674418 2674646 -50 -50 1 1
2675945 2676146 -50 -50 1 1
2676507 2676624 -50 -50 1 1
2676929 2677070 -50 -50 1 1
2677719 2677803 -50 -50 2 1
2677875 2677997 -50 -50 1 1
2678339 2678447 -50 -50 1 1
2679105 2679346 -50 -50 1 1
2679765 2679932 -50 -50 1 1
2680073 2680220 -50 -50 1 1
2681489 2681628 -50 -50 1 1
2681737 2681926 -50 -50 2 1
2682805 2683006 -50 -50 1 1
2684503 2684698 -50 -50 1 1
2685451 2685618 -50 -50 1 1
2685751 2685866 -50 -50 2 1
2686637 2686820 -50 -50 2 1
2687200 2687345 -50 -50 2 1
2688560 2688733 -50 -50 1 1
2690935 2691045 -50 -50 1 1
2691159 2691320 -50 -50 2 1
2691693 2691843 -50 -50 2 1
2695580 2695703 -50 -50 1 1
2698697 2698825 -50 -50 2 1
2699061 2699161 -50 -50 1 1
2700193 2700337 -50 -50 2 1
2701358 2701475 -50 -50 2 1
2706132 2706304 -50 -50 1 1
2707026 2707147 -50 -50 2 1
2708389 2708783 -50 -50 1 1
2709079 2709218 -50 -50 1 1
2710141 2710286 -50 -50 2 1
2710725 2710914 -50 -50 2 1
2712037 2712282 -50 -50 1 1
2713768 2714035 -50 -50 1 1
2716502 2716675 -50 -50 1 1
2717522 2717680 -50 -50 1 1
2718564 2718698 -50 -50 2 1
2719156 2719432 -50 -50 2 1
2719947 2720080 -50 -50 1 1
2721696 2721802 -50 -50 2 1
2723671 2723784 -50 -50 1 1
2724377 2724544 -50 -50 1 1
2724995 2725167 -50 -50 2 1
2725525 2725630 -50 -50 2 1
2726240 2726406 -50 -50 1 1
2726809 2726942 -50 -50 1 1
2727413 2727529 -50 -50 1 1
2728374 2728637 -50 -50 1 1
2730123 2730374 -50 -50 1 1
2731727 2731925 -50 -50 1 1
2732615 2732737 -50 -50 2 1
2733572 2733744 -50 -50 1 1
2734272 2734454 -50 -50 2 1
2735693 2735889 -50 -50 1 1
2736529 2736818 -50 -50 2 1
2738358 2738503 -50 -50 1 1
2740049 2740388 -50 -50 1 1
2740657 2740906 -50 -50 2 1
2741348 2741470 -50 -50 1 1
2744164 2744275 -50 -50 2 1
2744802 2745026 -50 -50 1 1
2746178 2746317 -50 -50 1 1
2746847 2747036 -50 -50 2 1
2748034 2748268 -50 -50 2 1
2753548 2753681 -50 -50 2 1
2754212 2754324 -50 -50 1 1
2756573 2756667 -50 -50 2 1
2757513 2757696 -50 -50 2 1
2758383 2758513 -50 -50 2 1
2759501 2759628 -50 -50 1 1
2759915 2760087 -50 -50 2 1
2760867 2761100 -50 -50 1 1
2763572 2763811 -50 -50 2 1
2764837 2765059 -50 -50 1 1
2765534 2765806 -50 -50 1 1
2766297 2766550 -50 -50 1 1
2767332 2767582 -50 -50 2 1
2768024 2768291 -50 -50 1 1
2768654 2768815 -50 -50 1 1
2769476 2769920 -50 -50 2 1
2770792 2771022 -50 -50 1 1
2771431 2771675 -50 -50 1 1
2772451 2772629 -50 -50 1 1
2774020 2774169 -50 -50 2 1
2775001 2775140 -50 -50 2 1
2775685 2775830 -50 -50 1 1
2776356 2776613 -50 -50 1 1
2777070 2777407 -50 -50 1 1
2777870 2778004 -50 -50 2 1
2778599 2778816 -50 -50 1 1
2778991 2779108 -50 -50 2 1
2779345 2779590 -50 -50 1 1
2780095 2780359 -50 -50 2 1
2781444 2781620 -50 -50 1 1
2781724 2782002 -50 -50 1 1
2782840 2782942 -50 -50 2 1
2783242 2783464 -50 -50 1 1
2785529 2785679 -50 -50 2 1
2786254 2786432 -50 -50 1 1
2786865 2786959 -50 -50 2 1
2788134 2788245 -50 -50 2 1
2789717 2789862 -50 -50 2 1
2790930 2791102 -50 -50 1 1
2792364 2792542 -50 -50 2 1
2793485 2793753 -50 -50 1 1
2793837 2794050 -50 -50 1 1
2794817 2795062 -50 -50 2 1
2795915 2796054 -50 -50 1 1
2796303 2796454 -50 -50 1 1
2797184 2797462 -50 -50 1 1
2798408 2798598 -50 -50 2 1
2799652 2799757 -50 -50 1 1
2802399 2802599 -50 -50 2 1
2804753 2805061 -50 -50 1 1
2821748 2821854 -50 -50 1 1
2822893 2823004 -50 -50 2 1
2823993 2824182 -50 -50 1 1
2824820 2825093 -50 -50 2 1
2825890 2826012 -50 -50 1 1
2826574 2826779 -50 -50 1 1
2827384 2827501 -50 -50 1 1
2827565 2827670 -50 -50 2 1
2828193 2828383 -50 -50 1 1
2829023 2829238 -50 -50 2 1
2830313 2830480 -50 -50 2 1
2830740 2830974 -50 -50 1 1
2831598 2831798 -50 -50 2 1
2832112 2832212 -50 -50 1 1
2833549 2833832 -50 -50 2 1
2834242 2834387 -50 -50 1 1
2834873 2835023 -50 -50 2 1
2835508 2835670 -50 -50 1 1
2836848 2837091 -50 -50 1 1
2837278 2837504 -50 -50 2 1
2837623 2837784 -50 -50 1 1
2838082 2838302 -50 -50 2 1
2838635 2838913 -50 -50 1 1
2839449 2839694 -50 -50 2 1
2840067 2840284 -50 -50 2 1
2841082 2841320 -50 -50 1 1
2841438 2841677 -50 -50 1 1
2841850 2841972 -50 -50 2 1
2842128 2842373 -50 -50 1 1
2842661 2843124 -50 -50 1 1
2843275 2843434 -50 -50 1 1
2843609 2844004 -50 -50 1 1
2844499 2844761 -50 -50 1 1
2845016 2845198 -50 -50 2 1
2846158 2846241 -50 -50 1 1
2847876 2847982 -50 -50 1 1
2849470 2849587 -50 -50 1 1
2851073 2851202 -50 -50 1 1
2851957 2852119 -50 -50 2 1
2852431 2852542 -50 -50 1 1
2853115 2853345 -50 -50 2 1
2854134 2854334 -50 -50 1 1
2855180 2855497 -50 -50 1 1
2856212 2856624 -50 -50 2 1
2857236 2857452 -50 -50 1 1
2857961 2858303 -50 -50 2 1
2859084 2859344 -50 -50 1 1
2859803 2859915 -50 -50 2 1
2860301 2860635 -50 -50 1 1
2860881 2861020 -50 -50 1 1
2861262 2861374 -50 -50 2 1
2861567 2861690 -50 -50 1 1
2862744 2862922 -50 -50 1 1
2863255 2863422 -50 -50 2 1
2863686 2864042 -50 -50 1 1
2865389 2865537 -50 -50 1 1
2868360 2868535 -50 -50 1 1
2868925 2869233 -50 -50 2 1
2869568 2870075 -50 -50 1 1
2870727 2870964 -50 -50 1 1
2871385 2871624 -50 -50 1 1
2873285 2873477 -50 -50 1 1
2873781 2873970 -50 -50 1 1
2874115 2874215 -50 -50 2 1
2874652 2874824 -50 -50 1 1
2875454 2875706 -50 -50 2 1
2876163 2876479 -50 -50 2 1
2877109 2877282 -50 -50 1 1
2877557 2877802 -50 -50 2 1
2878518 2878796 -50 -50 1 1
2879347 2879592 -50 -50 1 1
2880149 2880293 -50 -50 2 1
2880540 2880752 -50 -50 2 1
2880955 2881103 -50 -50 1 1
2881441 2881796 -50 -50 2 1
2882387 2882572 -50 -50 1 1
2882901 2883209 -50 -50 1 1
2883563 2883835 -50 -50 2 1
2885375 2885565 -50 -50 1 1
2886203 2886324 -50 -50 2 1
2893147 2893247 -50 -50 1 1
2893908 2894156 -50 -50 2 1
2894473 2894619 -50 -50 1 1
2895297 2895497 -50 -50 2 1
2895846 2895969 -50 -50 1 1
2896373 2896558 -50 -50 2 1
2896807 2897008 -50 -50 1 1
2903420 2903522 -50 -50 1 1
2916668 2916818 -50 -50 2 1
2918198 2918332 -50 -50 1 1
2924679 2924806 -50 -50 2 1
2943349 2943451 -50 -50 1 1
2945089 2945223 -50 -50 1 1
2946045 2946444 -50 -50 2 1
2947863 2948022 -50 -50 1 1
2950946 2951143 -50 -50 1 1
2951625 2952021 -50 -50 2 1
2952787 2953043 -50 -50 1 1
2953337 2953786 -50 -50 1 1
2954307 2954580 -50 -50 2 1
2955020 2955172 -50 -50 1 1
2956298 2956447 -50 -50 1 1
2959006 2959273 -50 -50 1 1
2959590 2959796 -50 -50 1 1
2960263 2960465 -50 -50 2 1
2960820 2961160 -50 -50 2 1
2961560 2961777 -50 -50 1 1
2988654 2988776 -50 -50 1 1
3221595 3221779 -50 -50 2 1
3222396 3222535 -50 -50 1 1
3230001 3230216 -50 -50 2 1
3231989 3232395 -50 -50 1 1
3232920 3233013 -50 -50 2 1
3233136 3233325 -50 -50 1 1
3233856 3234034 -50 -50 2 1
3235006 3235145 -50 -50 1 1
3235713 3235896 -50 -50 2 1
3237104 3237220 -50 -50 1 1
3237813 3238062 -50 -50 1 1
3240500 3240643 -50 -50 2 1
3242272 3242665 -50 -50 1 1
3243341 3243527 -50 -50 2 1
3244150 3244295 -50 -50 1 1
3244749 3245128 -50 -50 1 1
3246001 3246413 -50 -50 1 1
3247453 3247829 -50 -50 2 1
3248488 3248793 -50 -50 2 1
3248934 3249135 -50 -50 1 1
3249358 3249510 -50 -50 1 1
3249924 3250368 -50 -50 2 1
3250680 3250786 -50 -50 1 1
3250862 3251157 -50 -50 2 1
3251656 3251745 -50 -50 1 1
3251912 3252029 -50 -50 2 1
3252621 3252873 -50 -50 1 1
3253966 3254318 -50 -50 1 1
3255065 3255316 -50 -50 2 1
3255766 3256000 -50 -50 1 1
3256369 3256769 -50 -50 2 1
3256925 3257036 -50 -50 2 1
3257695 3257834 -50 -50 1 1
3258375 3258529 -50 -50 1 1
3259357 3259483 -50 -50 2 1
3259828 3260138 -50 -50 1 1
3263862 3263984 -50 -50 1 1
3264381 3264493 -50 -50 2 1
3265019 3265113 -50 -50 1 1
3265504 3265796 -50 -50 2 1
3267004 3267349 -50 -50 1 1
3267902 3268063 -50 -50 2 1
3269235 3269378 -50 -50 1 1
3269470 3269625 -50 -50 1 1
3270101 3270193 -50 -50 1 1
3270515 3270626 -50 -50 2 1
3272179 3272489 -50 -50 1 1
3273789 3273933 -50 -50 2 1
3274695 3274921 -50 -50 1 1
3276439 3276577 -50 -50 2 1
3277542 3277769 -50 -50 1 1
3278809 3279043 -50 -50 2 1
3279651 3279808 -50 -50 1 1
3280161 3280554 -50 -50 1 1
3280914 3281192 -50 -50 2 1
3282068 3282426 -50 -50 2 1
3283054 3283196 -50 -50 1 1
3283582 3283720 -50 -50 1 1
3284071 3284263 -50 -50 1 1
3284698 3285110 -50 -50 2 1
3285466 3285633 -50 -50 2 1
3285914 3286041 -50 -50 1 1
3286329 3286579 -50 -50 2 1
3287085 3287336 -50 -50 1 1
3288004 3288221 -50 -50 2 1
3288906 3289070 -50 -50 1 1
3289675 3289997 -50 -50 2 1
3291587 3291885 -50 -50 1 1
3292646 3292837 -50 -50 2 1
3293360 3293527 -50 -50 2 1
3293795 3293901 -50 -50 2 1
3295077 3295460 -50 -50 1 1
3295990 3296215 -50 -50 2 1
3296634 3296920 -50 -50 1 1
3297629 3297991 -50 -50 1 1
3298390 3298607 -50 -50 2 1
3299378 3299495 -50 -50 2 1
3299662 3299773 -50 -50 1 1
3300288 3300438 -50 -50 1 1
3300661 3300888 -50 -50 2 1
3300986 3301090 -50 -50 1 1
3301284 3301523 -50 -50 1 1
3302136 3302431 -50 -50 2 1
3302937 3303198 -50 -50 1 1
3303628 3303818 -50 -50 2 1
3304087 3304291 -50 -50 2 1
3305130 3305367 -50 -50 1 1
3306198 3306404 -50 -50 1 1
3307286 3307408 -50 -50 2 1
3307475 3307625 -50 -50 1 1
3308004 3308133 -50 -50 2 1
3308882 3309201 -50 -50 1 1
3309537 3309743 -50 -50 1 1
3310657 3310802 -50 -50 2 1
3310980 3311141 -50 -50 1 1
3312338 3312482 -50 -50 1 1
3312944 3313145 -50 -50 1 1
3313919 3314087 -50 -50 2 1
3314781 3314989 -50 -50 1 1
3316275 3316381 -50 -50 1 1
3317179 3317318 -50 -50 2 1
3318832 3318982 -50 -50 1 1
3319681 3319992 -50 -50 2 1
3321393 3321719 -50 -50 1 1
3322391 3322630 -50 -50 1 1
3323252 3323559 -50 -50 2 1
3324830 3325013 -50 -50 1 1
3325472 3325656 -50 -50 1 1
3325853 3325986 -50 -50 2 1
3326734 3326957 -50 -50 1 1
3327402 3327781 -50 -50 1 1
3328066 3328307 -50 -50 2 1
3328809 3329128 -50 -50 1 1
3329487 3329626 -50 -50 1 1
3330037 3330180 -50 -50 1 1
3330569 3330756 -50 -50 2 1
3331235 3331568 -50 -50 1 1
3332123 3332280 -50 -50 1 1
3332662 3332775 -50 -50 2 1
3333199 3333387 -50 -50 1 1
3334022 3334173 -50 -50 2 1
3335545 3335716 -50 -50 1 1
3336549 3336783 -50 -50 2 1
3337508 3337835 -50 -50 2 1
3339149 3339299 -50 -50 2 1
3339477 3339583 -50 -50 1 1
3339744 3339889 -50 -50 1 1
3340932 3341104 -50 -50 2 1
3341514 3341665 -50 -50 1 1
3342054 3342318 -50 -50 1 1
3343012 3343391 -50 -50 1 1
3344191 3344486 -50 -50 1 1
3345480 3345809 -50 -50 2 1
3346097 3346319 -50 -50 1 1
3346430 3346632 -50 -50 2 1
3347409 3347600 -50 -50 1 1
3348462 3348869 -50 -50 1 1
3349468 3349696 -50 -50 1 1
3350336 3350581 -50 -50 2 1
3351111 3351453 -50 -50 2 1
3352020 3352235 -50 -50 1 1
3352715 3352870 -50 -50 1 1
3353017 3353170 -50 -50 2 1
3353705 3353917 -50 -50 2 1
3354077 3354253 -50 -50 1 1
3354516 3354649 -50 -50 1 1
3355284 3355434 -50 -50 2 1
3356806 3356990 -50 -50 1 1
3358228 3358343 -50 -50 1 1
3359434 3359651 -50 -50 2 1
3360018 3360271 -50 -50 1 1
3361100 3361349 -50 -50 1 1
3361744 3362145 -50 -50 2 1
3362854 3362970 -50 -50 1 1
3363457 3363780 -50 -50 1 1
3364123 3364262 -50 -50 2 1
3364369 3364464 -50 -50 1 1
3365019 3365559 -50 -50 1 1
3366753 3367013 -50 -50 1 1
3367746 3367907 -50 -50 1 1
3369463 3369613 -50 -50 1 1
3370045 3370223 -50 -50 1 1
3371303 3371425 -50 -50 2 1
3372526 3372764 -50 -50 1 1
3374114 3374281 -50 -50 1 1
3375805 3376050 -50 -50 1 1
3376412 3376596 -50 -50 1 1
3377336 3377486 -50 -50 1 1
3377806 3377944 -50 -50 2 1
3378432 3378666 -50 -50 1 1
3379265 3379572 -50 -50 2 1
3380130 3380319 -50 -50 1 1
3381101 3381392 -50 -50 1 1
3381643 3382024 -50 -50 1 1
3382618 3383019 -50 -50 1 1
3383497 3383820 -50 -50 2 1
3384513 3384795 -50 -50 1 1
3385395 3385601 -50 -50 1 1
3386022 3386168 -50 -50 2 1
3386573 3386696 -50 -50 1 1
3387410 3387588 -50 -50 1 1
3388471 3388716 -50 -50 1 1
3389409 3389703 -50 -50 1 1
3390393 3390533 -50 -50 2 1
3391347 3391630 -50 -50 1 1
3392252 3392452 -50 -50 1 1
3392891 3393071 -50 -50 1 1
3394515 3394693 -50 -50 1 1
3395245 3395443 -50 -50 1 1
3396548 3396726 -50 -50 2 1
3397445 3397829 -50 -50 1 1
3399282 3399518 -50 -50 2 1
3400481 3400730 -50 -50 2 1
3401353 3401520 -50 -50 1 1
3402084 3402407 -50 -50 1 1
3402914 3403139 -50 -50 2 1
3403975 3404400 -50 -50 1 1
3405019 3405144 -50 -50 1 1
3407066 3407190 -50 -50 1 1
3408173 3408348 -50 -50 1 1
3408713 3408880 -50 -50 1 1
3409288 3409685 -50 -50 1 1
3411271 3411466 -50 -50 2 1
3412344 3412457 -50 -50 1 1
3413721 3413911 -50 -50 2 1
3413992 3414268 -50 -50 1 1
3414900 3415022 -50 -50 1 1
3416815 3417021 -50 -50 1 1
3417362 3417463 -50 -50 2 1
3417889 3418128 -50 -50 2 1
3418680 3419003 -50 -50 1 1
3419447 3419715 -50 -50 2 1
3420444 3420594 -50 -50 2 1
3421113 3421274 -50 -50 2 1
3421756 3421979 -50 -50 1 1
3422608 3422755 -50 -50 1 1
3423444 3423638 -50 -50 1 1
3424202 3424591 -50 -50 1 1
3424986 3425147 -50 -50 1 1
3425627 3425901 -50 -50 1 1
3426165 3426295 -50 -50 2 1
3427142 3427462 -50 -50 1 1
3427891 3428030 -50 -50 1 1
3428311 3428598 -50 -50 1 1
3428990 3429101 -50 -50 2 1
3429676 3429904 -50 -50 1 1
3430709 3430976 -50 -50 1 1
3431698 3431882 -50 -50 1 1
3432550 3432716 -50 -50 1 1
3432897 3433443 -50 -50 2 1
3434060 3434359 -50 -50 1 1
3434915 3435182 -50 -50 1 1
3435715 3435927 -50 -50 1 1
3436384 3436532 -50 -50 1 1
3437083 3437448 -50 -50 1 1
3437848 3438193 -50 -50 1 1
3438662 3438952 -50 -50 1 1
3439550 3439948 -50 -50 2 1
3440456 3440595 -50 -50 1 1
3440973 3441097 -50 -50 1 1
3441885 3442063 -50 -50 1 1
3442313 3442517 -50 -50 1 1
3443175 3443503 -50 -50 1 1
3443735 3443929 -50 -50 1 1
3444182 3444560 -50 -50 1 1
3445013 3445314 -50 -50 2 1
3445694 3445979 -50 -50 1 1
3446765 3446904 -50 -50 1 1
3447182 3447327 -50 -50 2 1
3447449 3447560 -50 -50 1 1
3447857 3448005 -50 -50 1 1
3448590 3448835 -50 -50 2 1
3448962 3449079 -50 -50 1 1
3449436 3449690 -50 -50 2 1
3450316 3450631 -50 -50 2 1
3451173 3451390 -50 -50 1 1
3452043 3452371 -50 -50 1 1
3452836 3452966 -50 -50 1 1
3453729 3453837 -50 -50 1 1
3454262 3454534 -50 -50 1 1
3455204 3455604 -50 -50 2 1
3456054 3456270 -50 -50 1 1
3456970 3457148 -50 -50 2 1
3457545 3457768 -50 -50 2 1
3458400 3458540 -50 -50 1 1
3459173 3459307 -50 -50 2 1
3459474 3459635 -50 -50 1 1
3460022 3460344 -50 -50 1 1
3460714 3460831 -50 -50 1 1
3461024 3461314 -50 -50 2 1
3462090 3462235 -50 -50 1 1
3462816 3463100 -50 -50 1 1
3463548 3463830 -50 -50 1 1
3464462 3464556 -50 -50 1 1
3465957 3466143 -50 -50 1 1
3466848 3466996 -50 -50 1 1
3467554 3467818 -50 -50 1 1
3468249 3468432 -50 -50 1 1
3468878 3469111 -50 -50 2 1
3470091 3470358 -50 -50 1 1
3470684 3470790 -50 -50 1 1
3471042 3471223 -50 -50 1 1
3471826 3472109 -50 -50 1 1
3472656 3473128 -50 -50 1 1
3473559 3473707 -50 -50 1 1
3474484 3474824 -50 -50 1 1
3475624 3475994 -50 -50 1 1
3476512 3476679 -50 -50 1 1
3477268 3477590 -50 -50 1 1
3478182 3478404 -50 -50 1 1
3478925 3479003 -50 -50 2 1
3479153 3479298 -50 -50 2 1
3479492 3479837 -50 -50 1 1
3480118 3480274 -50 -50 2 1
3480891 3481047 -50 -50 2 1
3481568 3481785 -50 -50 2 1
3482280 3482492 -50 -50 1 1
3482598 3482815 -50 -50 2 1
3483029 3483151 -50 -50 1 1
3483327 3483470 -50 -50 1 1
3484106 3484585 -50 -50 2 1
3485163 3485408 -50 -50 2 1
3486393 3486637 -50 -50 2 1
3486946 3487069 -50 -50 1 1
3488459 3488577 -50 -50 1 1
3490482 3490620 -50 -50 1 1
3490689 3490794 -50 -50 2 1
3491709 3491909 -50 -50 1 1
3492223 3492730 -50 -50 1 1
3493300 3493462 -50 -50 2 1
3493863 3494314 -50 -50 1 1
3495009 3495221 -50 -50 2 1
3495802 3496130 -50 -50 1 1
3497204 3497393 -50 -50 1 1
3497876 3498121 -50 -50 2 1
3498917 3499034 -50 -50 1 1
3499437 3499802 -50 -50 1 1
3500314 3500659 -50 -50 1 1
3501180 3501447 -50 -50 2 1
3501883 3502106 -50 -50 2 1
3502482 3502618 -50 -50 2 1
3503052 3503464 -50 -50 2 1
3504162 3504324 -50 -50 1 1
3506719 3506978 -50 -50 2 1
3507514 3507855 -50 -50 1 1
3508363 3508575 -50 -50 2 1
3509158 3509369 -50 -50 1 1
3510741 3510863 -50 -50 1 1
3511141 3511274 -50 -50 1 1
3511598 3511764 -50 -50 1 1
3512325 3512559 -50 -50 1 1
3513663 3513952 -50 -50 1 1
3514441 3514694 -50 -50 1 1
3515520 3515889 -50 -50 1 1
3516304 3516516 -50 -50 2 1
3517340 3517598 -50 -50 1 1
3518709 3519098 -50 -50 2 1
3519409 3519994 -50 -50 1 1
3520604 3520776 -50 -50 2 1
3521637 3521787 -50 -50 1 1
3522795 3522995 -50 -50 1 1
3523948 3524235 -50 -50 1 1
3525008 3525207 -50 -50 1 1
3525755 3525968 -50 -50 1 1
3526625 3526803 -50 -50 2 1
3527510 3527631 -50 -50 2 1
3528230 3528393 -50 -50 2 1
3528777 3529028 -50 -50 1 1
3529852 3530102 -50 -50 1 1
3530739 3531033 -50 -50 1 1
3531827 3531968 -50 -50 2 1
3532383 3532583 -50 -50 1 1
3533030 3533214 -50 -50 1 1
3533896 3534285 -50 -50 1 1
3534491 3534641 -50 -50 2 1
3534965 3535126 -50 -50 1 1
3535282 3535390 -50 -50 2 1
3536041 3536264 -50 -50 1 1
3536720 3536904 -50 -50 1 1
3537248 3537426 -50 -50 1 1
3538056 3538200 -50 -50 2 1
3538724 3538827 -50 -50 1 1
3540470 3540746 -50 -50 1 1
3542426 3542542 -50 -50 2 1
3543543 3543648 -50 -50 1 1
3544257 3544504 -50 -50 1 1
3545215 3545448 -50 -50 1 1
3546051 3546297 -50 -50 1 1
3546550 3546761 -50 -50 1 1
3547010 3547200 -50 -50 2 1
3547291 3547431 -50 -50 2 1
3548033 3548215 -50 -50 1 1
3548737 3548931 -50 -50 2 1
3549637 3549776 -50 -50 2 1
3549854 3549926 -50 -50 1 1
3551761 3551924 -50 -50 1 1
3553250 3553508 -50 -50 2 1
3554055 3554399 -50 -50 1 1
3554965 3555098 -50 -50 2 1
3555602 3555846 -50 -50 1 1
3556473 3556724 -50 -50 1 1
3557439 3557692 -50 -50 1 1
3557973 3558129 -50 -50 1 1
3558422 3558562 -50 -50 2 1
3558746 3558874 -50 -50 1 1
3559297 3559402 -50 -50 1 1
3559754 3559843 -50 -50 1 1
3560592 3560815 -50 -50 1 1
3561310 3561460 -50 -50 2 1
3561674 3561802 -50 -50 1 1
3562291 3562535 -50 -50 2 1
3563685 3563867 -50 -50 1 1
3563945 3564133 -50 -50 1 1
3564652 3565068 -50 -50 1 1
3565488 3565625 -50 -50 1 1
3566453 3566698 -50 -50 1 1
3567285 3567401 -50 -50 1 1
3567707 3567863 -50 -50 1 1
3568306 3568585 -50 -50 1 1
3569298 3569426 -50 -50 1 1
3570362 3570529 -50 -50 1 1
3571054 3571198 -50 -50 1 1
3571614 3571764 -50 -50 1 1
3572181 3572499 -50 -50 1 1
3573070 3573528 -50 -50 1 1
3573932 3574026 -50 -50 1 1
3574468 3574679 -50 -50 1 1
3575273 3575588 -50 -50 2 1
3576317 3576448 -50 -50 1 1
3577082 3577313 -50 -50 1 1
3577876 3578220 -50 -50 2 1
3579548 3579732 -50 -50 1 1
3580067 3580195 -50 -50 2 1
3580437 3580559 -50 -50 2 1
3580948 3581115 -50 -50 1 1
3581417 3581909 -50 -50 2 1
3582635 3582791 -50 -50 1 1
3583204 3583476 -50 -50 2 1
3584303 3584409 -50 -50 1 1
3584693 3584820 -50 -50 2 1
3585419 3585542 -50 -50 1 1
3586017 3586237 -50 -50 1 1
3586804 3587132 -50 -50 1 1
3587957 3588085 -50 -50 2 1
3588677 3588831 -50 -50 1 1
3590493 3590704 -50 -50 1 1
3591399 3591638 -50 -50 1 1
3592281 3592652 -50 -50 1 1
3593261 3593362 -50 -50 1 1
3593948 3594243 -50 -50 2 1
3595472 3595657 -50 -50 1 1
3597195 3597398 -50 -50 1 1
3598035 3598163 -50 -50 1 1
3599717 3599901 -50 -50 1 1
3600448 3600624 -50 -50 1 1
3602901 3603007 -50 -50 2 1
3603201 3603290 -50 -50 2 1
3603889 3604080 -50 -50 1 1
3604209 3604461 -50 -50 2 1
3604620 3604865 -50 -50 1 1
3605459 3605570 -50 -50 1 1
3605849 3605970 -50 -50 1 1
3606098 3606207 -50 -50 2 1
3606963 3607158 -50 -50 1 1
3607330 3607430 -50 -50 2 1
3607763 3607891 -50 -50 2 1
3608130 3608366 -50 -50 1 1
3609015 3609288 -50 -50 1 1
3609978 3610156 -50 -50 2 1
3610739 3611088 -50 -50 1 1
3611679 3611925 -50 -50 1 1
3612427 3612730 -50 -50 1 1
3613008 3613130 -50 -50 1 1
3614058 3614158 -50 -50 2 1
3615085 3615239 -50 -50 1 1
3615789 3615983 -50 -50 1 1
3616440 3616657 -50 -50 1 1
3616958 3617109 -50 -50 2 1
3617656 3617890 -50 -50 2 1
3618567 3618791 -50 -50 2 1
3619497 3619803 -50 -50 1 1
3620415 3620626 -50 -50 1 1
3621894 3622056 -50 -50 1 1
3622132 3622220 -50 -50 1 1
3622686 3622803 -50 -50 1 1
3623337 3623531 -50 -50 2 1
3624021 3624288 -50 -50 1 1
3625851 3625976 -50 -50 1 1
3626465 3626615 -50 -50 1 1
3627465 3627587 -50 -50 1 1
3628358 3628486 -50 -50 1 1
3629470 3629715 -50 -50 1 1
3630071 3630271 -50 -50 1 1
3630766 3630995 -50 -50 1 1
3631790 3632019 -50 -50 2 1
3632822 3633025 -50 -50 1 1
3634860 3635276 -50 -50 2 1
3635818 3636112 -50 -50 2 1
3636793 3636893 -50 -50 1 1
3637530 3637693 -50 -50 1 1
3638246 3638497 -50 -50 1 1
3638887 3639048 -50 -50 2 1
3639212 3639357 -50 -50 2 1
3639747 3640174 -50 -50 2 1
3640236 3640369 -50 -50 1 1
3640926 3641070 -50 -50 2 1
3641570 3641754 -50 -50 2 1
3643270 3643559 -50 -50 2 1
3643848 3644076 -50 -50 1 1
3644513 3644780 -50 -50 1 1
3645399 3645698 -50 -50 2 1
3646156 3646518 -50 -50 1 1
3647175 3647520 -50 -50 1 1
3647971 3648167 -50 -50 1 1
3648815 3649076 -50 -50 2 1
3649522 3649875 -50 -50 1 1
3650798 3650965 -50 -50 1 1
3651699 3651837 -50 -50 1 1
3652028 3652223 -50 -50 2 1
3652362 3652590 -50 -50 2 1
3652976 3653226 -50 -50 1 1
3653910 3654077 -50 -50 2 1
3654513 3654618 -50 -50 1 1
3655158 3655502 -50 -50 2 1
3656397 3656536 -50 -50 2 1
3657459 3657615 -50 -50 2 1
3665114 3665209 -50 -50 1 1
3665545 3665634 -50 -50 2 1
3665838 3666037 -50 -50 2 1
3666465 3666692 -50 -50 1 1
3667188 3667505 -50 -50 2 1
3667881 3668221 -50 -50 1 1
3668670 3668920 -50 -50 1 1
3669380 3669589 -50 -50 2 1
3670309 3670795 -50 -50 1 1
3671809 3672059 -50 -50 1 1
3672611 3672961 -50 -50 2 1
3673330 3673447 -50 -50 1 1
3674346 3674624 -50 -50 1 1
3675210 3675478 -50 -50 1 1
3676670 3677059 -50 -50 2 1
3677754 3677915 -50 -50 2 1
3678329 3678446 -50 -50 1 1
3678765 3678920 -50 -50 2 1
3679643 3679837 -50 -50 1 1
3680676 3680804 -50 -50 1 1
3681640 3681748 -50 -50 2 1
3682490 3682635 -50 -50 1 1
3683448 3683759 -50 -50 1 1
3684121 3684343 -50 -50 1 1
3684957 3685540 -50 -50 2 1
3685906 3686072 -50 -50 1 1
3686135 3686275 -50 -50 2 1
3686623 3686784 -50 -50 1 1
3687096 3687268 -50 -50 1 1
3687559 3687947 -50 -50 1 1
3688262 3688429 -50 -50 2 1
3689320 3689387 -50 -50 2 1
3689509 3689615 -50 -50 1 1
3690909 3691020 -50 -50 1 1
3691105 3691348 -50 -50 1 1
3691558 3691664 -50 -50 2 1
3691949 3692086 -50 -50 1 1
3692228 3692384 -50 -50 1 1
3693096 3693390 -50 -50 1 1
3693876 3694012 -50 -50 2 1
3694230 3694768 -50 -50 1 1
3695087 3695332 -50 -50 1 1
3695765 3695943 -50 -50 1 1
3696535 3696646 -50 -50 1 1
3697287 3697393 -50 -50 2 1
3698926 3699283 -50 -50 1 1
3699780 3700080 -50 -50 1 1
3700847 3700947 -50 -50 1 1
3701328 3701434 -50 -50 2 1
3701899 3702133 -50 -50 1 1
3702742 3702982 -50 -50 1 1
3703522 3703837 -50 -50 1 1
3704165 3704435 -50 -50 1 1
3704897 3705013 -50 -50 1 1
3710382 3710526 -50 -50 1 1
3712713 3712877 -50 -50 2 1
3713214 3713370 -50 -50 1 1
3714299 3714455 -50 -50 1 1
3724759 3724923 -50 -50 2 1
5389274 5389425 -50 -50 2 1
5415843 5416044 -50 -50 1 1
5417870 5418026 -50 -50 1 1
5423638 5423767 -50 -50 2 1
5450045 5450193 -50 -50 1 1
5450884 5451023 -50 -50 1 1
5459508 5459675 -50 -50 1 1
