1976 2221 -50 -50 2 1
17975 18153 -50 -50 1 1
21804 21924 -50 -50 1 1
27161 27333 -50 -50 1 1
29729 29855 -50 -50 1 1
34704 34803 -50 -50 1 1
37717 37837 -50 -50 1 1
45835 45956 -50 -50 1 1
46908 47070 -50 -50 1 1
49461 49617 -50 -50 1 1
138017 138284 -50 -50 1 1
138611 138836 -50 -50 1 1
139532 139820 -50 -50 2 1
140339 140915 -50 -50 1 1
141610 141851 -50 -50 2 1
142537 142793 -50 -50 1 1
144730 144906 -50 -50 1 1
145532 145682 -50 -50 1 1
147406 147542 -50 -50 2 1
148536 148683 -50 -50 1 1
149907 150163 -50 -50 1 1
151973 152318 -50 -50 2 1
153647 153940 -50 -50 2 1
155525 155865 -50 -50 1 1
156336 156676 -50 -50 2 1
157173 157283 -50 -50 1 1
158141 158324 -50 -50 1 1
159244 159511 -50 -50 1 1
160098 160498 -50 -50 1 1
163043 163265 -50 -50 1 1
163348 163504 -50 -50 1 1
166055 166285 -50 -50 1 1
167080 167420 -50 -50 1 1
168425 168765 -50 -50 1 1
169816 170177 -50 -50 1 1
172123 172374 -50 -50 2 1
173216 173488 -50 -50 1 1
177412 177752 -50 -50 2 1
178803 179028 -50 -50 2 1
179954 180399 -50 -50 1 1
182088 182376 -50 -50 2 1
186095 186430 -50 -50 1 1
186932 187248 -50 -50 2 1
188792 189195 -50 -50 2 1
189937 190256 -50 -50 2 1
192276 192689 -50 -50 1 1
193746 194075 -50 -50 1 1
196481 196790 -50 -50 1 1
197554 197716 -50 -50 1 1
199364 199526 -50 -50 1 1
201247 201378 -50 -50 1 1
203959 204142 -50 -50 1 1
207605 207689 -50 -50 1 1
212693 212959 -50 -50 1 1
214620 214829 -50 -50 1 1
215692 216038 -50 -50 2 1
219427 219642 -50 -50 1 1
225663 225794 -50 -50 1 1
226008 226212 -50 -50 1 1
226406 226604 -50 -50 1 1
227415 227750 -50 -50 1 1
232192 232420 -50 -50 1 1
234820 235226 -50 -50 1 1
236258 236452 -50 -50 1 1
238123 238542 -50 -50 1 1
238790 239010 -50 -50 1 1
241107 241557 -50 -50 1 1
242321 242577 -50 -50 1 1
243812 243979 -50 -50 2 1
244581 244790 -50 -50 2 1
254033 254295 -50 -50 1 1
255059 255184 -50 -50 1 1
255629 255744 -50 -50 1 1
256764 256973 -50 -50 1 1
257614 258059 -50 -50 1 1
258679 258787 -50 -50 1 1
259832 260141 -50 -50 1 1
260933 261163 -50 -50 2 1
263849 264012 -50 -50 2 1
265152 265471 -50 -50 1 1
274332 274587 -50 -50 2 1
303070 303193 -50 -50 2 1
310165 310309 -50 -50 1 1
312956 313113 -50 -50 1 1
313604 313776 -50 -50 1 1
400915 401126 -50 -50 2 1
406059 406304 -50 -50 2 1
407876 408059 -50 -50 1 1
408977 409220 -50 -50 1 1
410053 410182 -50 -50 1 1
412087 412382 -50 -50 1 1
414526 414654 -50 -50 1 1
414744 414896 -50 -50 1 1
415332 415532 -50 -50 1 1
416204 416332 -50 -50 1 1
416934 417489 -50 -50 1 1
418424 418549 -50 -50 1 1
418766 418938 -50 -50 2 1
420598 420832 -50 -50 2 1
422948 423187 -50 -50 1 1
424087 424404 -50 -50 2 1
425587 425837 -50 -50 1 1
427508 427638 -50 -50 1 1
431226 431415 -50 -50 1 1
432587 432716 -50 -50 1 1
433737 433959 -50 -50 2 1
434715 434920 -50 -50 1 1
437798 438015 -50 -50 1 1
439598 439837 -50 -50 2 1
441970 442182 -50 -50 1 1
443709 443820 -50 -50 2 1
445024 445249 -50 -50 1 1
445542 445714 -50 -50 2 1
446318 446577 -50 -50 2 1
449283 449443 -50 -50 2 1
452258 452465 -50 -50 2 1
455709 455920 -50 -50 1 1
457426 457632 -50 -50 1 1
458215 458665 -50 -50 2 1
459483 459624 -50 -50 1 1
461273 461434 -50 -50 1 1
463332 463593 -50 -50 1 1
464604 464904 -50 -50 2 1
540532 540798 -50 -50 2 1
541735 541851 -50 -50 1 1
544487 544709 -50 -50 2 1
546026 546237 -50 -50 1 1
548987 549108 -50 -50 1 1
550197 550446 -50 -50 1 1
554193 554437 -50 -50 1 1
556282 556604 -50 -50 2 1
557870 558220 -50 -50 1 1
558970 559132 -50 -50 2 1
560270 560415 -50 -50 1 1
561404 561637 -50 -50 2 1
562454 562787 -50 -50 1 1
564096 564198 -50 -50 2 1
566398 566632 -50 -50 1 1
567309 567615 -50 -50 2 1
568691 568815 -50 -50 1 1
570820 571098 -50 -50 1 1
572049 572367 -50 -50 2 1
573426 573720 -50 -50 1 1
574665 574882 -50 -50 1 1
577609 577798 -50 -50 2 1
578554 578676 -50 -50 2 1
581032 581143 -50 -50 1 1
584856 585274 -50 -50 1 1
586523 586759 -50 -50 2 1
589248 589465 -50 -50 1 1
590220 590465 -50 -50 2 1
591520 591865 -50 -50 1 1
592659 592904 -50 -50 2 1
594637 594793 -50 -50 2 1
596295 596399 -50 -50 1 1
601432 601654 -50 -50 1 1
605393 605604 -50 -50 2 1
606604 606982 -50 -50 1 1
607782 608076 -50 -50 2 1
608737 609082 -50 -50 1 1
609934 610087 -50 -50 1 1
612093 612454 -50 -50 1 1
621875 622345 -50 -50 1 1
625720 625948 -50 -50 1 1
626790 626980 -50 -50 2 1
631798 631948 -50 -50 1 1
634343 634493 -50 -50 1 1
635637 635932 -50 -50 1 1
637598 637820 -50 -50 2 1
647676 647809 -50 -50 1 1
651977 652107 -50 -50 2 1
652948 653182 -50 -50 2 1
655209 655520 -50 -50 1 1
656170 656309 -50 -50 2 1
657382 657604 -50 -50 1 1
658859 658982 -50 -50 1 1
659787 660048 -50 -50 1 1
662454 662737 -50 -50 1 1
663304 663570 -50 -50 2 1
664715 664826 -50 -50 1 1
666069 666221 -50 -50 1 1
667120 667330 -50 -50 1 1
669815 669993 -50 -50 1 1
670154 670354 -50 -50 1 1
672115 672237 -50 -50 1 1
672709 672854 -50 -50 1 1
673560 673753 -50 -50 1 1
675032 675576 -50 -50 1 1
676998 677270 -50 -50 1 1
677598 677755 -50 -50 2 1
677893 678148 -50 -50 1 1
679509 679890 -50 -50 2 1
680554 680704 -50 -50 2 1
681552 681680 -50 -50 2 1
683659 683932 -50 -50 1 1
684659 684970 -50 -50 2 1
685998 686265 -50 -50 1 1
686976 687082 -50 -50 2 1
687993 688209 -50 -50 1 1
689620 689804 -50 -50 2 1
690220 690349 -50 -50 2 1
690982 691154 -50 -50 1 1
693799 693903 -50 -50 1 1
694320 694532 -50 -50 2 1
695732 695842 -50 -50 1 1
696066 696197 -50 -50 1 1
696598 696743 -50 -50 1 1
697248 697443 -50 -50 1 1
697693 698143 -50 -50 1 1
698604 698965 -50 -50 1 1
699964 700225 -50 -50 2 1
700865 701070 -50 -50 2 1
702915 703165 -50 -50 1 1
707137 707376 -50 -50 2 1
708626 708848 -50 -50 2 1
709448 709965 -50 -50 1 1
710809 710939 -50 -50 2 1
711896 712251 -50 -50 1 1
712583 712708 -50 -50 1 1
718329 718509 -50 -50 2 1
719528 719777 -50 -50 2 1
722648 722809 -50 -50 1 1
723282 723648 -50 -50 1 1
724732 724954 -50 -50 1 1
726209 726420 -50 -50 1 1
728415 728620 -50 -50 2 1
734284 734483 -50 -50 1 1
736205 736311 -50 -50 2 1
739275 739416 -50 -50 1 1
739587 739793 -50 -50 1 1
740077 740443 -50 -50 2 1
740832 741148 -50 -50 1 1
741604 742009 -50 -50 2 1
742753 742883 -50 -50 1 1
743037 743359 -50 -50 2 1
743588 743849 -50 -50 1 1
746282 746543 -50 -50 2 1
747582 747798 -50 -50 2 1
748615 748970 -50 -50 1 1
751740 752062 -50 -50 1 1
753493 753709 -50 -50 1 1
755232 755443 -50 -50 1 1
756132 756498 -50 -50 1 1
759515 759620 -50 -50 2 1
760984 761229 -50 -50 1 1
761793 762048 -50 -50 1 1
762858 763038 -50 -50 1 1
765820 765954 -50 -50 2 1
766754 767170 -50 -50 2 1
767698 767859 -50 -50 1 1
768289 768456 -50 -50 1 1
769246 769372 -50 -50 1 1
773373 773487 -50 -50 2 1
774237 774515 -50 -50 1 1
776404 776809 -50 -50 2 1
777650 777869 -50 -50 2 1
778897 779253 -50 -50 1 1
781615 781732 -50 -50 1 1
783848 783976 -50 -50 1 1
786176 786293 -50 -50 1 1
787714 787808 -50 -50 1 1
788232 788432 -50 -50 2 1
789441 789813 -50 -50 2 1
790282 790587 -50 -50 1 1
791646 791797 -50 -50 2 1
792367 792623 -50 -50 1 1
793420 793687 -50 -50 1 1
794606 794758 -50 -50 1 1
796515 796848 -50 -50 2 1
799126 799251 -50 -50 2 1
800297 800481 -50 -50 2 1
803020 803398 -50 -50 1 1
809987 810070 -50 -50 2 1
810896 811053 -50 -50 2 1
812965 813082 -50 -50 1 1
814787 814887 -50 -50 2 1
815750 816022 -50 -50 2 1
820298 820413 -50 -50 1 1
820521 820699 -50 -50 2 1
821093 821220 -50 -50 1 1
822354 822604 -50 -50 2 1
824954 825070 -50 -50 1 1
830275 830407 -50 -50 2 1
832726 832915 -50 -50 1 1
833965 834087 -50 -50 1 1
839020 839348 -50 -50 2 1
860070 860215 -50 -50 1 1
861732 862126 -50 -50 1 1
864693 864843 -50 -50 1 1
871348 871465 -50 -50 2 1
872770 872915 -50 -50 2 1
874359 874461 -50 -50 1 1
878526 878620 -50 -50 2 1
883698 883887 -50 -50 1 1
891293 891509 -50 -50 2 1
898909 899132 -50 -50 1 1
905382 905659 -50 -50 1 1
910832 910965 -50 -50 1 1
913934 914002 -50 -50 2 1
918182 918282 -50 -50 1 1
921893 922082 -50 -50 2 1
933965 934093 -50 -50 1 1
945582 945832 -50 -50 1 1
946359 946493 -50 -50 1 1
947656 947802 -50 -50 1 1
948954 949054 -50 -50 1 1
950170 950343 -50 -50 1 1
952604 952732 -50 -50 1 1
956237 956331 -50 -50 2 1
962693 962826 -50 -50 1 1
964950 965044 -50 -50 2 1
972326 972448 -50 -50 1 1
977976 978087 -50 -50 2 1
987282 987426 -50 -50 1 1
997120 997265 -50 -50 2 1
1017009 1017182 -50 -50 1 1
1033761 1033939 -50 -50 1 1
1039770 1039976 -50 -50 2 1
1043919 1044034 -50 -50 1 1
1046198 1046354 -50 -50 2 1
1046920 1047009 -50 -50 1 1
1064282 1064393 -50 -50 1 1
1068604 1068782 -50 -50 1 1
1074404 1074515 -50 -50 2 1
1081276 1081454 -50 -50 2 1
1090513 1090607 -50 -50 1 1
1101615 1101720 -50 -50 2 1
1103493 1103659 -50 -50 1 1
1113932 1114109 -50 -50 2 1
1118193 1118426 -50 -50 1 1
1123320 1123459 -50 -50 2 1
1123570 1123733 -50 -50 1 1
1131852 1131974 -50 -50 2 1
1132591 1132701 -50 -50 2 1
1137107 1137218 -50 -50 2 1
1143670 1143865 -50 -50 1 1
1147332 1147626 -50 -50 2 1
1148227 1148403 -50 -50 1 1
1149232 1149398 -50 -50 1 1
1150526 1150665 -50 -50 1 1
1154565 1154765 -50 -50 2 1
1161265 1161382 -50 -50 1 1
1174454 1174570 -50 -50 2 1
1183536 1183620 -50 -50 1 1
1184159 1184243 -50 -50 2 1
1185111 1185247 -50 -50 2 1
1194537 1194689 -50 -50 1 1
1215932 1216183 -50 -50 1 1
1224537 1224654 -50 -50 1 1
1226482 1226693 -50 -50 2 1
1231293 1231476 -50 -50 2 1
1237687 1237826 -50 -50 1 1
1244876 1245032 -50 -50 2 1
1245576 1245743 -50 -50 1 1
1247198 1247292 -50 -50 2 1
1261859 1261954 -50 -50 1 1
1266584 1266689 -50 -50 2 1
1273066 1273317 -50 -50 1 1
1274541 1274651 -50 -50 1 1
1285837 1285998 -50 -50 1 1
1286804 1287020 -50 -50 2 1
1290867 1290987 -50 -50 2 1
1302359 1302474 -50 -50 1 1
1320480 1320623 -50 -50 1 1
1324276 1324548 -50 -50 2 1
1335854 1335965 -50 -50 1 1
1342017 1342218 -50 -50 2 1
1347482 1347609 -50 -50 2 1
1350370 1350501 -50 -50 2 1
1351379 1351667 -50 -50 1 1
1352190 1352305 -50 -50 2 1
1355659 1355793 -50 -50 2 1
1356621 1356746 -50 -50 1 1
1359161 1359290 -50 -50 2 1
1359854 1359943 -50 -50 1 1
1365161 1365304 -50 -50 1 1
1373177 1373413 -50 -50 1 1
1584143 1584287 -50 -50 1 1
1587470 1587648 -50 -50 2 1
1596307 1596422 -50 -50 1 1
1602626 1602793 -50 -50 1 1
1604465 1604637 -50 -50 1 1
1605036 1605124 -50 -50 2 1
1610865 1610982 -50 -50 1 1
1612034 1612207 -50 -50 1 1
1612909 1613065 -50 -50 1 1
1614527 1614731 -50 -50 2 1
1615249 1615364 -50 -50 1 1
1618420 1618532 -50 -50 1 1
1621489 1621840 -50 -50 2 1
1626804 1626987 -50 -50 2 1
1627598 1627837 -50 -50 2 1
1628520 1628670 -50 -50 1 1
1638070 1638248 -50 -50 2 1
1639093 1639459 -50 -50 2 1
1640104 1640387 -50 -50 1 1
1640954 1641260 -50 -50 1 1
1643881 1644006 -50 -50 1 1
1644320 1644456 -50 -50 2 1
1645440 1645555 -50 -50 1 1
1645682 1645943 -50 -50 2 1
1647598 1647693 -50 -50 1 1
1655259 1655765 -50 -50 2 1
1656962 1657096 -50 -50 1 1
1659171 1659281 -50 -50 2 1
1660565 1660793 -50 -50 1 1
1662131 1662373 -50 -50 1 1
1663361 1663685 -50 -50 1 1
1664093 1664420 -50 -50 2 1
1667759 1667943 -50 -50 1 1
1668304 1668508 -50 -50 2 1
1668904 1669043 -50 -50 1 1
1673337 1673530 -50 -50 2 1
1674626 1674993 -50 -50 2 1
1677211 1677436 -50 -50 1 1
1680220 1680376 -50 -50 1 1
1681776 1681970 -50 -50 2 1
1682837 1683215 -50 -50 1 1
1684131 1684403 -50 -50 2 1
1685304 1685470 -50 -50 1 1
1689660 1689927 -50 -50 2 1
1691880 1692054 -50 -50 1 1
1693065 1693282 -50 -50 2 1
1694433 1694726 -50 -50 1 1
1698631 1698924 -50 -50 1 1
1700601 1700903 -50 -50 1 1
1701609 1701937 -50 -50 1 1
1703582 1703893 -50 -50 1 1
1703994 1704216 -50 -50 2 1
1704715 1705026 -50 -50 1 1
1705948 1706276 -50 -50 1 1
1707409 1707632 -50 -50 1 1
1709226 1709459 -50 -50 2 1
1710795 1711063 -50 -50 1 1
1711904 1712170 -50 -50 1 1
1713582 1713787 -50 -50 2 1
1715584 1715877 -50 -50 2 1
1720315 1720515 -50 -50 1 1
1721590 1721674 -50 -50 1 1
1723275 1723408 -50 -50 2 1
1727828 1728111 -50 -50 1 1
1728904 1729324 -50 -50 1 1
1731648 1731787 -50 -50 1 1
1731882 1732066 -50 -50 1 1
1735165 1735282 -50 -50 2 1
1736387 1736570 -50 -50 1 1
1736745 1736849 -50 -50 1 1
1737434 1737634 -50 -50 1 1
1738587 1738759 -50 -50 1 1
1739504 1739645 -50 -50 1 1
1740241 1740381 -50 -50 1 1
1741220 1741366 -50 -50 1 1
1745009 1745215 -50 -50 1 1
1746723 1746911 -50 -50 1 1
1747774 1748182 -50 -50 1 1
1748515 1748656 -50 -50 1 1
1749904 1750170 -50 -50 1 1
1752620 1753065 -50 -50 2 1
1753804 1754054 -50 -50 1 1
1754781 1755022 -50 -50 1 1
1756098 1756354 -50 -50 1 1
1758343 1758693 -50 -50 1 1
1761993 1762182 -50 -50 1 1
1763204 1763370 -50 -50 1 1
1764365 1764759 -50 -50 1 1
1765437 1765637 -50 -50 1 1
1766776 1767015 -50 -50 1 1
1767571 1767655 -50 -50 1 1
1769332 1769559 -50 -50 1 1
1770420 1770754 -50 -50 2 1
1771661 1771777 -50 -50 1 1
1782298 1782498 -50 -50 1 1
1783591 1783717 -50 -50 1 1
1784405 1784525 -50 -50 1 1
1785154 1785287 -50 -50 1 1
1787382 1787670 -50 -50 1 1
1788529 1788705 -50 -50 1 1
1790202 1790303 -50 -50 1 1
1790376 1790832 -50 -50 1 1
1791426 1791732 -50 -50 2 1
1795161 1795296 -50 -50 1 1
1796498 1796720 -50 -50 2 1
1797659 1797876 -50 -50 1 1
1799287 1799465 -50 -50 1 1
1800659 1800904 -50 -50 1 1
1810959 1811093 -50 -50 1 1
1811670 1811832 -50 -50 1 1
1812804 1813093 -50 -50 1 1
1814198 1814476 -50 -50 1 1
1815165 1815304 -50 -50 1 1
1815615 1815876 -50 -50 1 1
1817178 1817359 -50 -50 1 1
1819449 1819606 -50 -50 1 1
1819982 1820126 -50 -50 1 1
1821115 1821320 -50 -50 1 1
1822276 1822609 -50 -50 1 1
1825497 1825712 -50 -50 1 1
1827437 1827854 -50 -50 1 1
1828380 1828728 -50 -50 1 1
1830011 1830251 -50 -50 2 1
1844137 1844354 -50 -50 1 1
1845104 1845376 -50 -50 2 1
1846615 1846848 -50 -50 1 1
1859148 1859565 -50 -50 1 1
1861798 1862115 -50 -50 1 1
1862882 1863293 -50 -50 1 1
1863893 1864276 -50 -50 1 1
1864948 1865159 -50 -50 1 1
1870393 1870626 -50 -50 1 1
1871376 1871559 -50 -50 1 1
1873548 1873709 -50 -50 1 1
1874098 1874209 -50 -50 1 1
1896265 1896598 -50 -50 1 1
1897320 1897593 -50 -50 1 1
1898148 1898420 -50 -50 1 1
1899426 1899654 -50 -50 1 1
1901198 1901448 -50 -50 1 1
1902794 1903332 -50 -50 1 1
1904287 1904426 -50 -50 1 1
1904720 1904898 -50 -50 1 1
1905257 1905451 -50 -50 1 1
1906032 1906165 -50 -50 1 1
1907926 1908132 -50 -50 1 1
1911291 1911454 -50 -50 1 1
1912530 1912659 -50 -50 1 1
1914709 1915020 -50 -50 1 1
1916065 1916315 -50 -50 1 1
1916996 1917284 -50 -50 1 1
1917959 1918176 -50 -50 1 1
1919410 1919844 -50 -50 1 1
1920160 1920301 -50 -50 2 1
1920554 1920948 -50 -50 1 1
1921132 1921276 -50 -50 2 1
1922154 1922420 -50 -50 1 1
1923454 1923587 -50 -50 1 1
1924276 1924443 -50 -50 1 1
1924798 1924904 -50 -50 1 1
1932532 1932798 -50 -50 2 1
1934187 1934315 -50 -50 1 1
1935367 1935477 -50 -50 1 1
1936254 1936500 -50 -50 2 1
1937002 1937128 -50 -50 2 1
1938098 1938348 -50 -50 1 1
1940294 1940454 -50 -50 1 1
1942132 1942348 -50 -50 2 1
1945152 1945340 -50 -50 1 1
1945826 1945937 -50 -50 2 1
1970476 1970670 -50 -50 1 1
1971509 1971659 -50 -50 1 1
1972387 1972526 -50 -50 2 1
1973448 1973648 -50 -50 2 1
1998143 1998287 -50 -50 1 1
2002237 2002504 -50 -50 1 1
2003059 2003237 -50 -50 1 1
2005698 2005855 -50 -50 1 1
2007034 2007166 -50 -50 2 1
2007959 2008376 -50 -50 2 1
2009865 2010137 -50 -50 1 1
2010909 2011070 -50 -50 1 1
2011937 2012115 -50 -50 1 1
2014843 2015098 -50 -50 1 1
2017770 2018043 -50 -50 1 1
2019482 2019693 -50 -50 1 1
2020004 2020237 -50 -50 2 1
2020598 2020837 -50 -50 1 1
2022065 2022196 -50 -50 2 1
2022701 2022817 -50 -50 2 1
2023059 2023253 -50 -50 1 1
2025298 2025639 -50 -50 1 1
2028712 2029032 -50 -50 2 1
2030032 2030182 -50 -50 2 1
2032093 2032348 -50 -50 1 1
2032882 2033070 -50 -50 2 1
2033509 2033648 -50 -50 1 1
2035237 2035459 -50 -50 2 1
2037759 2037954 -50 -50 2 1
2039315 2039520 -50 -50 1 1
2040511 2040628 -50 -50 2 1
2041720 2042037 -50 -50 1 1
2042993 2043220 -50 -50 2 1
2043898 2044254 -50 -50 2 1
2044882 2045126 -50 -50 1 1
2047220 2047426 -50 -50 2 1
2050955 2051107 -50 -50 1 1
2052276 2052498 -50 -50 1 1
2053304 2053404 -50 -50 2 1
2057770 2058009 -50 -50 1 1
2060193 2060415 -50 -50 2 1
2060911 2061054 -50 -50 2 1
2062509 2062743 -50 -50 2 1
2063698 2064059 -50 -50 1 1
2065130 2065491 -50 -50 2 1
2066220 2066443 -50 -50 2 1
2067609 2067854 -50 -50 2 1
2068748 2068926 -50 -50 1 1
2070356 2070594 -50 -50 2 1
2071070 2071187 -50 -50 1 1
2071403 2071616 -50 -50 2 1
2075748 2075904 -50 -50 2 1
2076737 2076970 -50 -50 1 1
2077920 2078187 -50 -50 2 1
2079554 2079698 -50 -50 2 1
2081948 2082265 -50 -50 1 1
2084615 2084865 -50 -50 2 1
2086217 2086369 -50 -50 2 1
2086745 2086850 -50 -50 1 1
2090005 2090318 -50 -50 1 1
2091532 2091765 -50 -50 2 1
2093359 2093632 -50 -50 2 1
2095759 2095973 -50 -50 2 1
2097059 2097209 -50 -50 1 1
2104670 2104782 -50 -50 2 1
2105548 2105826 -50 -50 1 1
2110165 2110448 -50 -50 2 1
2111298 2111576 -50 -50 2 1
2111782 2111937 -50 -50 1 1
2112280 2112398 -50 -50 2 1
2113370 2113748 -50 -50 2 1
2114170 2114332 -50 -50 1 1
2116754 2116848 -50 -50 2 1
2119656 2119753 -50 -50 1 1
2120765 2121015 -50 -50 2 1
2124415 2124537 -50 -50 1 1
2126904 2127309 -50 -50 1 1
2127809 2128043 -50 -50 1 1
2128959 2129204 -50 -50 1 1
2130032 2130148 -50 -50 1 1
2134804 2134948 -50 -50 2 1
2135617 2135873 -50 -50 2 1
2136187 2136527 -50 -50 1 1
2137243 2137426 -50 -50 2 1
2143981 2144321 -50 -50 1 1
2145120 2145409 -50 -50 2 1
2146404 2146654 -50 -50 1 1
2147282 2147418 -50 -50 1 1
2148241 2148435 -50 -50 2 1
2148705 2148809 -50 -50 1 1
2149584 2149773 -50 -50 2 1
2150615 2151015 -50 -50 1 1
2151205 2151404 -50 -50 2 1
2152182 2152326 -50 -50 1 1
2152915 2153315 -50 -50 1 1
2157759 2157943 -50 -50 2 1
2161454 2161948 -50 -50 1 1
2162582 2162687 -50 -50 2 1
2170143 2170393 -50 -50 1 1
2171376 2171498 -50 -50 2 1
2174598 2174698 -50 -50 2 1
2176570 2176770 -50 -50 2 1
2177354 2177620 -50 -50 1 1
2183254 2183420 -50 -50 2 1
2184237 2184532 -50 -50 1 1
2187837 2188054 -50 -50 2 1
2188404 2188632 -50 -50 1 1
2189432 2189609 -50 -50 1 1
2190404 2190654 -50 -50 2 1
2191568 2191782 -50 -50 1 1
2193903 2194006 -50 -50 2 1
2195593 2195837 -50 -50 1 1
2196865 2197132 -50 -50 2 1
2200453 2200746 -50 -50 1 1
2203641 2203771 -50 -50 2 1
2204915 2205182 -50 -50 1 1
2206309 2206465 -50 -50 2 1
2208526 2208832 -50 -50 1 1
2210615 2210843 -50 -50 1 1
2211609 2211698 -50 -50 1 1
2212220 2212320 -50 -50 2 1
2213043 2213332 -50 -50 1 1
2213645 2213886 -50 -50 2 1
2215521 2215620 -50 -50 1 1
2215854 2216126 -50 -50 2 1
2219532 2219782 -50 -50 1 1
2219937 2220109 -50 -50 1 1
2221593 2221815 -50 -50 2 1
2222098 2222198 -50 -50 2 1
2230552 2230714 -50 -50 1 1
2234137 2234454 -50 -50 2 1
2235312 2235631 -50 -50 1 1
2237570 2237859 -50 -50 1 1
2238776 2239104 -50 -50 2 1
2239843 2240048 -50 -50 1 1
2242543 2242643 -50 -50 2 1
2245059 2245179 -50 -50 1 1
2245377 2245466 -50 -50 2 1
2247893 2247987 -50 -50 1 1
2251348 2251554 -50 -50 1 1
2252415 2252654 -50 -50 1 1
2252965 2253320 -50 -50 2 1
2255693 2255832 -50 -50 1 1
2258018 2258154 -50 -50 1 1
2260183 2260529 -50 -50 1 1
2261682 2261826 -50 -50 1 1
2263965 2264216 -50 -50 2 1
2265565 2265737 -50 -50 1 1
2266559 2266748 -50 -50 2 1
2267654 2267920 -50 -50 2 1
2268710 2268825 -50 -50 1 1
2271132 2271382 -50 -50 1 1
2272447 2272542 -50 -50 1 1
2273907 2274038 -50 -50 1 1
2275987 2276248 -50 -50 1 1
2277542 2277673 -50 -50 2 1
2278359 2278665 -50 -50 1 1
2283859 2284004 -50 -50 1 1
2286376 2286676 -50 -50 1 1
2301720 2301965 -50 -50 1 1
2303787 2304004 -50 -50 1 1
2304615 2304765 -50 -50 1 1
2308259 2308415 -50 -50 2 1
2310598 2310793 -50 -50 1 1
2311770 2311998 -50 -50 2 1
2312674 2312831 -50 -50 1 1
2320887 2321098 -50 -50 1 1
2321776 2321915 -50 -50 2 1
2323587 2323737 -50 -50 1 1
2324698 2324815 -50 -50 1 1
2325115 2325554 -50 -50 1 1
2325950 2326024 -50 -50 1 1
2327259 2327482 -50 -50 2 1
2327994 2328286 -50 -50 1 1
2329137 2329265 -50 -50 2 1
2330134 2330238 -50 -50 1 1
2331756 2331974 -50 -50 2 1
2336276 2336608 -50 -50 1 1
2336965 2337132 -50 -50 2 1
2339132 2339432 -50 -50 1 1
2342454 2342693 -50 -50 1 1
2796882 2797009 -50 -50 2 1
2807354 2807504 -50 -50 2 1
2812504 2813020 -50 -50 1 1
2818648 2818815 -50 -50 2 1
2819798 2819937 -50 -50 1 1
2821393 2821570 -50 -50 2 1
2823982 2824248 -50 -50 1 1
2824926 2825054 -50 -50 1 1
2829804 2829976 -50 -50 1 1
2831254 2831487 -50 -50 2 1
2831926 2832032 -50 -50 2 1
2833393 2833665 -50 -50 1 1
2834537 2834720 -50 -50 2 1
2837943 2838115 -50 -50 1 1
2838887 2839359 -50 -50 1 1
2840426 2840537 -50 -50 2 1
2840632 2840743 -50 -50 1 1
2842290 2842661 -50 -50 2 1
2843170 2843398 -50 -50 2 1
2844404 2844550 -50 -50 1 1
2845282 2845520 -50 -50 1 1
2850082 2850432 -50 -50 2 1
2851304 2851587 -50 -50 2 1
2851965 2852126 -50 -50 1 1
2852533 2852732 -50 -50 1 1
2854265 2854432 -50 -50 2 1
2855666 2855857 -50 -50 1 1
2866109 2866226 -50 -50 2 1
2868004 2868309 -50 -50 2 1
2870415 2870626 -50 -50 1 1
2871793 2871926 -50 -50 1 1
2874187 2874609 -50 -50 2 1
2875326 2875565 -50 -50 1 1
2876265 2876376 -50 -50 2 1
2879180 2879405 -50 -50 1 1
2880263 2880404 -50 -50 2 1
2886459 2886626 -50 -50 1 1
2888341 2888540 -50 -50 2 1
2889300 2889605 -50 -50 1 1
2890170 2890515 -50 -50 2 1
2891343 2891515 -50 -50 1 1
2891603 2891734 -50 -50 2 1
2894745 2894917 -50 -50 1 1
2895127 2895378 -50 -50 1 1
2896420 2896609 -50 -50 2 1
2897444 2897554 -50 -50 1 1
2898493 2898597 -50 -50 1 1
2901592 2901728 -50 -50 1 1
2902426 2902554 -50 -50 2 1
2903420 2903665 -50 -50 1 1
2904272 2904383 -50 -50 2 1
2905582 2905937 -50 -50 1 1
2906436 2906572 -50 -50 2 1
2908776 2909009 -50 -50 1 1
2909617 2909894 -50 -50 2 1
2911487 2911859 -50 -50 2 1
2912376 2912887 -50 -50 1 1
2913393 2913532 -50 -50 1 1
2915052 2915533 -50 -50 2 1
2917422 2917526 -50 -50 1 1
2918798 2919004 -50 -50 1 1
2920115 2920343 -50 -50 2 1
2920434 2920555 -50 -50 1 1
2921263 2921474 -50 -50 1 1
2921809 2922226 -50 -50 1 1
2922876 2923137 -50 -50 1 1
2924750 2925038 -50 -50 2 1
2926290 2926511 -50 -50 2 1
2926712 2926785 -50 -50 1 1
2930770 2930959 -50 -50 2 1
2931074 2931289 -50 -50 1 1
2931720 2931915 -50 -50 1 1
2932754 2933132 -50 -50 1 1
2934715 2934820 -50 -50 1 1
2936170 2936376 -50 -50 1 1
2936793 2937009 -50 -50 1 1
2938036 2938369 -50 -50 2 1
2939050 2939168 -50 -50 1 1
2942026 2942198 -50 -50 1 1
2945076 2945409 -50 -50 1 1
2948654 2948859 -50 -50 2 1
2949090 2949320 -50 -50 2 1
2953676 2953970 -50 -50 1 1
2954554 2954698 -50 -50 1 1
2955722 2955842 -50 -50 1 1
2958470 2958582 -50 -50 1 1
2959515 2959743 -50 -50 1 1
2962404 2962676 -50 -50 1 1
2963426 2963715 -50 -50 1 1
2964357 2964519 -50 -50 2 1
2964965 2965143 -50 -50 2 1
2965720 2965870 -50 -50 1 1
2969748 2970237 -50 -50 2 1
2971243 2971404 -50 -50 2 1
2972237 2972343 -50 -50 1 1
2973604 2973754 -50 -50 1 1
2974570 2974826 -50 -50 2 1
2976354 2976582 -50 -50 1 1
2977243 2977526 -50 -50 2 1
2977712 2977869 -50 -50 1 1
2978559 2978887 -50 -50 2 1
2980009 2980154 -50 -50 1 1
2980720 2980954 -50 -50 1 1
2990364 2990551 -50 -50 1 1
2992181 2992363 -50 -50 1 1
2993255 2993402 -50 -50 2 1
2994670 2995043 -50 -50 1 1
2998037 2998232 -50 -50 1 1
2998814 2998971 -50 -50 1 1
3000390 3000652 -50 -50 1 1
3002036 3002424 -50 -50 1 1
3005314 3005480 -50 -50 1 1
3009398 3009682 -50 -50 1 1
3011609 3011766 -50 -50 1 1
3012744 3013073 -50 -50 1 1
3013513 3013727 -50 -50 1 1
3016060 3016286 -50 -50 1 1
3021148 3021498 -50 -50 1 1
3022376 3022465 -50 -50 1 1
3024236 3024389 -50 -50 1 1
3025776 3025865 -50 -50 1 1
3028909 3028998 -50 -50 1 1
3029765 3030043 -50 -50 2 1
3031465 3031620 -50 -50 2 1
3032554 3032826 -50 -50 1 1
3037493 3037876 -50 -50 1 1
3040193 3040548 -50 -50 1 1
3041859 3042143 -50 -50 1 1
3044054 3044254 -50 -50 2 1
3045959 3046048 -50 -50 1 1
3050404 3050615 -50 -50 1 1
3053409 3053626 -50 -50 2 1
3055265 3055487 -50 -50 1 1
3055853 3056052 -50 -50 2 1
3057654 3057776 -50 -50 1 1
3058548 3058854 -50 -50 1 1
3061076 3061337 -50 -50 1 1
3062590 3062755 -50 -50 2 1
3062898 3063145 -50 -50 2 1
3065043 3065232 -50 -50 1 1
3066165 3066359 -50 -50 1 1
3068337 3068604 -50 -50 2 1
3073008 3073228 -50 -50 1 1
3074712 3074976 -50 -50 1 1
3075537 3075798 -50 -50 1 1
3076604 3076859 -50 -50 2 1
3077203 3077345 -50 -50 1 1
3078359 3078548 -50 -50 2 1
3080526 3080776 -50 -50 2 1
3081587 3081704 -50 -50 1 1
3084765 3084987 -50 -50 1 1
3090543 3090709 -50 -50 2 1
3091921 3092015 -50 -50 1 1
3092159 3092282 -50 -50 2 1
3093187 3093398 -50 -50 1 1
3095554 3095826 -50 -50 1 1
3099220 3099398 -50 -50 2 1
3100309 3100404 -50 -50 1 1
3101359 3101543 -50 -50 1 1
3105073 3105198 -50 -50 2 1
3105737 3105843 -50 -50 1 1
3105993 3106120 -50 -50 1 1
3106589 3106824 -50 -50 1 1
3108109 3108304 -50 -50 1 1
3114509 3114693 -50 -50 2 1
3116170 3116282 -50 -50 2 1
3117959 3118159 -50 -50 2 1
3120698 3120860 -50 -50 1 1
3121604 3121782 -50 -50 2 1
3123121 3123357 -50 -50 1 1
3124343 3124565 -50 -50 2 1
3126293 3126787 -50 -50 1 1
3127965 3128149 -50 -50 2 1
3128902 3129012 -50 -50 1 1
3129648 3129754 -50 -50 1 1
3129843 3130015 -50 -50 2 1
3130970 3131109 -50 -50 1 1
3131726 3131904 -50 -50 2 1
3133024 3133186 -50 -50 2 1
3134348 3134476 -50 -50 1 1
3136376 3136520 -50 -50 1 1
3136623 3136712 -50 -50 2 1
3138817 3139094 -50 -50 2 1
3140499 3140645 -50 -50 2 1
3144393 3144526 -50 -50 1 1
3145059 3145226 -50 -50 2 1
3149115 3149365 -50 -50 2 1
3150004 3150265 -50 -50 1 1
3150904 3151232 -50 -50 2 1
3151719 3151972 -50 -50 1 1
3152715 3152876 -50 -50 2 1
3156104 3156259 -50 -50 1 1
3159315 3159554 -50 -50 1 1
3159698 3159915 -50 -50 2 1
3161724 3161902 -50 -50 1 1
3162115 3162276 -50 -50 2 1
3165176 3165409 -50 -50 1 1
3166687 3166770 -50 -50 2 1
3172482 3172593 -50 -50 1 1
3174482 3174748 -50 -50 2 1
3175372 3175476 -50 -50 1 1
3176304 3176398 -50 -50 2 1
3176912 3177053 -50 -50 1 1
3177609 3177959 -50 -50 2 1
3178670 3178954 -50 -50 2 1
3179476 3179582 -50 -50 1 1
3180026 3180132 -50 -50 2 1
3182370 3182465 -50 -50 1 1
3187160 3187338 -50 -50 2 1
3189934 3190031 -50 -50 1 1
3191443 3191604 -50 -50 2 1
3193332 3193565 -50 -50 1 1
3194887 3195020 -50 -50 2 1
3196343 3196448 -50 -50 1 1
3197848 3198054 -50 -50 1 1
3199415 3199632 -50 -50 2 1
3199853 3199994 -50 -50 1 1
3201082 3201415 -50 -50 2 1
3202082 3202348 -50 -50 2 1
3203393 3203570 -50 -50 1 1
3204155 3204420 -50 -50 2 1
3204898 3205020 -50 -50 1 1
3206787 3207004 -50 -50 1 1
3208605 3208727 -50 -50 1 1
3210354 3210582 -50 -50 1 1
3212426 3212693 -50 -50 2 1
3213648 3213765 -50 -50 1 1
3217076 3217370 -50 -50 2 1
3224554 3224665 -50 -50 1 1
3225543 3225765 -50 -50 1 1
3226091 3226253 -50 -50 2 1
3226598 3226687 -50 -50 1 1
3230651 3230755 -50 -50 1 1
3231426 3231654 -50 -50 2 1
3232615 3232793 -50 -50 1 1
3234987 3235187 -50 -50 1 1
3236087 3236415 -50 -50 1 1
3237457 3237638 -50 -50 1 1
3239315 3239448 -50 -50 1 1
3240332 3240448 -50 -50 2 1
3246037 3246215 -50 -50 1 1
3247159 3247304 -50 -50 2 1
3247459 3247593 -50 -50 2 1
3249193 3249359 -50 -50 2 1
3250787 3250965 -50 -50 1 1
3252059 3252254 -50 -50 2 1
