682017 682138 1
682388 682564 2
687087 687346 2
697626 697848 2
698670 698954 1
699642 700008 2
704393 704504 2
717420 717772 2
718809 718888 1
751236 751472 1
753061 753436 1
754076 754209 2
756904 757037 2
764337 764494 1
766431 766842 2
767771 768080 1
770297 770669 2
771223 771552 1
772158 772361 2
773165 773593 2
774334 774917 2
775732 775909 1
777362 777491 2
779932 780214 1
781148 781337 2
782104 782465 1
784798 784981 1
791122 791497 2
792732 792894 2
793748 793854 1
794793 794948 1
795630 795843 1
798093 798326 2
799130 799537 2
800020 800148 1
802720 802954 2
803526 803698 1
804686 805208 2
806565 806815 1
807623 808021 1
809363 809751 1
811560 811671 2
813184 813299 2
815398 815620 1
818059 818298 2
819859 820093 1
821432 821687 1
822737 822976 1
824204 824404 2
829926 830104 2
831214 831380 2
840441 840635 1
841102 841181 1
841287 841487 2
842370 842482 1
843103 843487 1
845231 845379 1
845610 845740 1
858755 859000 2
860698 860804 1
862528 862671 1
871285 871507 1
875478 875612 2
877315 877420 2
884055 884388 2
884927 885135 1
892440 892685 1
893788 894149 2
909616 909820 2
932474 932807 1
945075 945496 1
947407 947619 2
1001548 1002001 1
1004187 1004443 2
1004843 1005054 2
1006023 1006616 1
1023857 1024111 2
1024837 1025226 1
1026043 1026254 1
1027536 1027876 1
1028277 1028804 1
1034870 1035006 1
1035089 1035306 2
1035880 1036125 1
1038932 1039120 2
1039498 1039715 1
1042060 1042282 1
1045065 1045555 1
1045949 1046254 1
1046640 1047010 1
1047676 1048109 1
1050309 1050604 2
1051415 1051765 1
1052603 1052770 1
1071213 1071370 2
1073018 1073216 1
1074052 1074431 1
1077269 1077519 1
1086920 1087093 1
1088009 1088194 1
1088714 1088955 2
1090084 1090195 2
1090704 1090815 1
1092954 1093084 1
1094649 1094811 2
1095520 1095632 1
1098065 1098148 1
1099863 1100182 2
1103862 1104112 2
1106760 1106950 2
1108793 1108909 1
1116154 1116385 1
1118382 1118487 1
1119945 1120324 1
1121601 1121707 2
1123454 1123819 2
1126583 1127152 1
1130992 1131214 1
1133534 1133733 1
1149237 1149473 1
1157372 1157543 1
1160389 1160452 2
1161968 1162241 1
1163728 1164001 2
1184950 1185390 2
1194991 1195542 2
1197464 1197732 1
1206200 1206408 2
1247691 1247821 1
1250321 1250494 2
1264771 1265011 2
1280955 1281070 1
1282435 1282847 2
1293807 1293958 1
1302956 1303104 1
1310719 1311006 2
1311875 1312019 2
1331640 1331807 2
1350824 1350973 1
1375808 1375993 1
1394941 1395325 2
1395715 1395920 1
1398954 1399218 1
1399713 1400046 2
1401926 1402315 2
1405909 1406032 1
1411593 1411804 2
1413195 1413353 1
1414098 1414226 2
1415333 1415656 2
1416248 1416565 1
1417444 1417634 1
1423191 1423437 2
1431520 1431693 1
1435598 1435843 2
1436372 1436714 1
1437437 1437670 1
1438582 1438698 2
1438807 1438908 1
1441204 1441409 2
1443282 1443520 1
1443982 1444159 1
1445245 1445356 2
1446367 1446519 2
1447698 1447865 1
1448580 1449158 2
1449270 1449482 1
1459826 1460070 2
1460626 1460993 2
1461420 1461885 2
1462254 1462404 1
1462787 1463037 1
1463204 1463376 2
1468298 1468554 1
1472837 1473032 1
1473598 1473776 2
1474359 1474526 1
1475815 1475943 2
1476559 1476937 2
1477579 1477921 1
1478286 1478490 2
1479004 1479182 1
1481359 1481765 2
1484415 1484604 1
1485104 1485287 2
1486932 1487248 1
1488115 1488301 1
1489465 1489648 2
1489926 1490076 1
1492315 1492620 1
1493083 1493504 1
1496319 1496481 2
1496992 1497311 2
1497926 1498070 1
1499111 1499587 2
1500798 1501009 1
1501417 1501773 1
1502082 1502504 2
1504498 1504709 1
1511648 1511848 2
1512029 1512214 2
1514474 1514862 1
1515543 1515754 1
1516555 1516643 1
1517165 1517448 2
1517815 1518070 2
1518565 1519056 1
1519708 1519953 2
1520603 1521144 2
1521443 1521626 1
1522162 1522509 2
1523954 1524232 1
1524861 1525121 2
1525654 1525793 1
1526426 1526609 1
1526963 1527073 2
1528139 1528370 1
1529259 1529543 1
1530726 1530865 1
1534237 1534465 1
1536304 1536509 2
1540282 1540620 1
1541376 1541482 2
1545909 1546115 1
1547770 1547909 2
1548760 1548917 1
1550943 1551154 2
1551465 1551654 1
1557632 1557743 1
1559632 1559759 1
1562020 1562248 1
1564904 1565037 1
1565915 1566209 2
1566639 1566922 1
1569334 1569843 2
1573782 1574069 1
1574205 1574395 1
1580069 1580365 1
1586256 1586506 2
1602290 1602582 2
1605575 1606088 1
1716903 1717102 1
1720675 1720858 2
1721543 1721643 1
1730004 1730182 2
1730748 1730909 1
1732982 1733159 1
1739198 1739402 2
1740537 1740648 2
1741382 1741782 1
1742182 1742437 2
1742622 1742793 2
1743459 1743665 1
1744659 1744921 2
1745844 1746153 1
1748798 1749061 2
1750532 1750693 1
1751714 1751992 1
1753098 1753315 2
1753518 1753680 1
1754150 1754742 2
1755443 1755648 1
1756610 1756715 2
1759000 1759370 2
1760143 1760665 1
1761498 1761848 1
1762620 1762915 1
1763643 1764009 2
1765269 1765579 2
1766243 1766415 1
1767248 1767509 2
1768722 1768967 1
1770076 1770293 1
1771226 1771343 1
1772640 1772899 2
1773704 1773912 1
1774546 1774736 2
1775881 1776214 1
1777241 1777750 2
1778969 1779491 1
1780504 1780754 2
1781626 1781787 1
1782448 1782732 2
1783326 1783554 2
1784404 1784620 1
1784760 1784959 2
1786213 1786579 1
1786876 1787037 2
1787670 1787987 2
1789898 1790231 2
1791454 1791593 1
1791792 1791936 1
1794198 1794537 2
1795293 1795437 2
1796360 1796470 1
1798087 1798226 1
1806010 1806316 2
1807115 1807265 2
1808178 1808511 1
1809843 1810269 2
1810926 1811148 1
1811904 1812043 2
1812367 1812482 1
1813615 1813743 2
1814598 1814876 1
1815528 1815982 2
1816528 1816638 2
1817587 1817748 1
1818778 1819111 2
1819893 1820388 2
1821399 1821769 2
1823326 1823798 1
1824408 1824718 2
1825037 1825431 1
1826243 1826443 2
1826649 1826844 2
1829488 1829696 1
1832185 1832399 2
1834079 1834361 1
1834750 1835083 2
1835719 1835964 1
1837287 1837505 2
1838711 1838873 1
1839427 1839663 2
1841365 1841693 2
1842420 1842659 1
1843626 1843987 2
1846634 1846859 2
1849144 1849588 1
1850328 1850587 2
1851559 1851809 2
1855123 1855547 1
1856386 1856626 2
1858348 1858576 2
1859189 1859481 1
1860431 1860750 2
1862565 1862682 2
1864259 1864476 1
1866098 1866306 2
1867175 1867275 2
1868161 1868286 2
1868990 1869112 1
1870532 1870665 2
1872672 1872973 2
1873982 1874082 1
1875936 1876102 2
1881163 1881371 2
1881904 1882026 1
1882815 1883109 2
1885715 1885854 2
1889443 1889620 1
1891537 1891770 2
1893817 1893916 1
1899312 1899422 2
1907304 1907570 1
1914121 1914348 2
1914848 1915084 1
1916459 1916693 1
1917348 1917593 2
1918957 1919062 2
1919709 1919882 1
1920682 1920770 1
1922176 1922343 2
1930804 1930916 2
1932653 1932880 1
1936993 1937237 2
1939023 1939278 1
1967973 1968052 1
1971209 1971311 2
1982054 1982187 1
2039609 2039782 2
2053743 2053882 1
2222676 2222809 2
2242714 2242850 1
2249608 2249798 1
2254854 2254998 1
2256644 2257052 1
2259713 2259880 2
2261054 2261248 2
2262278 2262503 2
2289017 2289409 1
2289877 2290066 2
2290636 2291030 1
2291493 2291698 2
2293393 2293659 1
2294381 2294737 2
2296130 2296412 2
2299088 2299389 1
2301158 2301575 2
2302246 2302362 2
2305032 2305198 1
2308337 2308448 2
2310526 2310643 1
2311657 2311893 2
2312346 2312726 1
2313426 2313676 1
2314134 2314431 2
2314765 2314948 2
2315258 2315399 1
2316038 2316187 2
2317254 2317626 2
2318187 2318420 1
2321696 2321969 1
2323833 2324124 1
2325559 2325854 2
2326306 2326475 2
2326998 2327232 1
2328579 2328797 2
2331493 2331644 2
2333677 2334029 1
2335282 2335791 1
2337198 2337443 2
2341481 2341838 1
2348016 2348289 2
2350084 2350319 2
2353931 2354193 1
2357187 2357337 1
2359097 2359380 1
2360215 2360443 1
2362395 2362699 2
2363980 2364393 2
2365654 2365816 1
2378587 2379015 2
2380737 2380959 1
2381959 2382288 1
2383521 2383699 1
2386143 2386387 1
2389537 2389804 2
2394205 2394399 1
2397293 2397454 2
2404243 2404461 1
2407691 2407947 2
2419398 2419665 2
2423326 2423548 1
2425104 2425293 2
2425532 2425759 2
2428051 2428232 1
2428570 2428804 2
2429002 2429201 1
2432454 2432737 2
2434515 2434809 1
2435320 2435543 2
2436209 2436437 1
2436870 2436976 1
2437465 2437609 1
2451876 2452209 2
2452971 2453290 1
2464037 2464343 1
2464565 2464765 1
2474193 2474360 1
2475938 2476373 1
2480765 2481084 2
2481948 2482120 2
2483365 2483554 1
2486826 2487209 1
2487482 2487650 2
2488187 2488298 1
2492431 2492645 2
2497587 2497759 1
2498037 2498176 2
2498870 2499037 2
2499604 2499893 2
2500670 2500880 1
2501387 2501604 2
2501870 2502054 2
2502195 2502440 1
2504882 2505215 2
2506007 2506211 2
2507665 2507920 1
2508826 2509059 2
2509824 2510027 1
2512121 2512361 1
2512632 2512893 2
2513126 2513343 1
2513719 2513918 1
2514643 2515037 2
2530060 2530310 1
2530543 2530809 2
2540099 2540233 2
2540774 2541061 1
2548185 2548380 1
2549129 2549286 2
2550904 2551104 2
2551824 2552180 1
2552488 2552983 2
2553552 2553834 1
2554434 2554565 2
2555719 2556103 1
2556783 2557051 2
2570359 2570720 1
2571602 2572088 2
2572276 2572448 2
2575876 2576076 1
2583246 2583510 2
2584798 2585043 2
2586215 2586404 1
2587165 2587309 1
2587633 2587816 1
2589509 2589826 2
2590393 2590515 1
2591443 2591737 1
2592493 2592720 1
2593609 2593798 2
2594305 2594578 1
2594825 2595288 2
2595912 2596269 1
2599915 2600198 1
2602198 2602359 1
2603059 2603243 1
2606175 2606481 1
2607487 2607829 1
2610483 2610646 1
2617826 2618009 1
2618918 2619090 2
2620070 2620287 1
2620916 2621448 2
2621700 2622038 2
2625676 2625973 1
2626943 2627215 2
2628106 2628242 1
2628690 2629162 2
2629787 2630032 2
2631274 2631607 1
2631834 2632130 2
3720359 3720637 1
3721808 3722178 2
3722726 3723048 1
3723441 3723746 1
3735572 3735901 1
3737632 3737965 2
3738570 3739111 1
3742726 3743082 2
3743973 3744306 2
3745343 3745826 1
3746751 3747232 1
3751903 3752316 2
3754229 3754511 1
3755204 3755420 2
3755682 3755895 1
3757638 3757748 2
3758293 3758515 2
3760232 3760342 1
3761368 3761509 2
3761999 3762171 2
3762626 3762973 1
3764404 3764526 2
3764859 3764987 2
3772532 3772854 1
3773920 3774087 2
3775743 3775948 1
3776811 3777362 2
3777670 3778226 1
3779517 3779705 1
3782776 3782887 2
3784804 3784926 1
3788340 3788460 2
3789413 3789848 1
3790787 3791109 2
3791982 3792143 2
3796259 3796398 1
3796683 3796850 2
3798026 3798154 2
3799005 3799398 1
3799628 3799811 2
3800346 3800504 1
3804140 3804478 2
3805158 3805523 1
3806465 3806721 2
3810954 3811491 2
3817715 3817954 1
3818973 3819320 1
3820126 3820293 2
3820798 3821266 1
3822084 3822441 2
3824609 3824948 1
3828132 3828309 1
3829259 3829382 2
3829935 3830189 2
3830970 3831109 2
3831894 3832102 1
3832900 3833271 2
3836046 3836272 1
3836936 3837140 1
3842261 3842520 2
3845728 3845955 1
3847481 3847986 2
3849937 3850045 2
3850796 3851115 2
3852269 3852607 1
3853477 3853731 2
3853984 3854104 1
3854226 3854432 2
3859843 3860009 1
3861672 3861986 2
3862768 3863203 1
3870936 3871292 1
3872037 3872272 2
3882804 3883345 1
3883609 3883886 1
3884312 3884488 2
3885089 3885390 1
3886389 3886699 1
3886768 3886916 2
3887309 3887537 1
3888292 3888663 1
3889953 3890203 1
3892622 3892840 1
3893373 3893503 1
3894228 3894496 2
3897739 3898037 1
3915179 3915457 1
3918584 3918797 2
3923815 3923948 1
3931454 3931750 2
3932617 3932802 2
3937410 3937710 1
3942774 3942963 1
3944032 3944220 2
3953055 3953245 1
3957332 3957498 1
3964086 3964243 1
3964777 3964960 2
3967393 3967466 1
3973657 3973768 2
3987043 3987187 1
4011864 4012063 2
4018121 4018380 1
4064913 4065080 1
4082928 4083032 2
4093871 4094002 2
4095718 4095945 1
4099798 4099937 1
4102906 4103084 1
4113417 4113695 2
4139397 4139569 1
4139663 4139885 2
4169085 4169289 2
4178013 4178245 1
4193256 4193483 2
4199492 4199673 2
4214335 4214640 2
4233501 4233769 1
4236963 4237130 1
4238599 4238918 2
4243623 4243730 1
4244671 4244823 2
4249252 4249447 2
4250215 4250682 1
4257822 4257901 1
4285287 4285486 2
4287383 4287600 2
4308020 4308255 1
4311937 4312076 2
4344552 4344769 1
4346828 4346970 2
4348398 4348625 1
4364237 4364462 2
4369854 4370109 1
4371115 4371282 2
4372004 4372143 1
4372662 4373027 1
4373976 4374115 2
4374602 4374894 1
4377732 4378278 1
4382520 4382996 2
4383954 4384148 1
4385909 4386283 2
4387276 4387465 2
4388982 4389103 1
4389380 4389973 1
4390407 4390856 2
4391226 4391426 1
4391927 4392325 1
4394804 4394920 1
4395748 4395915 1
4396685 4397062 2
4397721 4397988 2
4398998 4399243 1
4400326 4400582 1
4402090 4402609 2
4404876 4405065 2
4405958 4406259 1
4407231 4407603 1
4410515 4410682 1
4411280 4411599 1
4412298 4412543 1
4413306 4413556 2
4419269 4419445 1
4420348 4420576 1
4421254 4421526 1
4422387 4422537 1
4423643 4423837 1
4424649 4425029 2
4425390 4425709 2
4426459 4426676 1
4427217 4427494 1
4427913 4427992 2
4428177 4428686 1
4429120 4429398 1
4430305 4430582 1
4431242 4431672 1
4432370 4432520 2
4433754 4434232 1
4434749 4435293 2
4436132 4436254 1
4436959 4437198 2
4437959 4438515 1
4438791 4439074 2
4439784 4440232 2
4443815 4443998 1
4681670 4681798 2
4682574 4682688 1
4683399 4683737 1
4687010 4687278 2
4687854 4688070 1
4688770 4689163 1
4690463 4690824 2
4691759 4692015 2
4692899 4693366 1
4694050 4694351 2
4695187 4695393 1
4696611 4696921 2
4699459 4699593 1
4702097 4702440 2
4703493 4703726 2
4704311 4704787 1
4706443 4706709 2
4707837 4708082 2
4708670 4708965 1
4709113 4709400 1
4710040 4710198 2
4711555 4711898 1
4714032 4714293 2
4714495 4714870 1
4715293 4715559 1
4715802 4716251 2
4716510 4716843 2
4717121 4717523 1
4717900 4718067 2
4718881 4719121 2
4720893 4721124 1
4721936 4722269 2
4724433 4724737 1
4727529 4727844 1
4729204 4729348 1
4730593 4730887 1
4731413 4731663 1
4733076 4733370 2
4734693 4734854 2
4735532 4735820 1
4736501 4736723 1
4737663 4737963 2
4739057 4739289 1
4739636 4740043 1
4741973 4742104 1
4746996 4747361 1
4747680 4747925 1
4750970 4751437 1
4752330 4752639 1
4753842 4754120 1
4754654 4755066 2
4756215 4756415 1
4757970 4758237 1
4759336 4759706 2
4760543 4760756 1
4761158 4761478 1
4762932 4763120 1
4763742 4764080 1
4764604 4764715 1
4766180 4766485 1
4766617 4766973 2
4767608 4767744 1
4769471 4769772 1
4771015 4771182 1
4772164 4772520 2
4773744 4773927 1
4774204 4774528 1
4775386 4775595 1
4776464 4776889 1
4778844 4779288 1
4780220 4780437 2
4780879 4781152 2
4781753 4781925 1
4782898 4783220 1
4783648 4783948 2
4784742 4785057 2
4787582 4787837 2
4789554 4789804 2
4791676 4792010 1
4792304 4792443 1
4793404 4793737 2
4794743 4794993 1
4795604 4796054 2
4796887 4797059 1
4798546 4798967 1
4799915 4800070 1
4800732 4801125 1
4802082 4802298 1
4804174 4804328 1
4806054 4806259 2
4806620 4806798 2
4809398 4809609 1
4809737 4810084 1
4811120 4811409 1
4812254 4812459 1
4812912 4813158 1
4813398 4813554 1
4814603 4814955 2
4815454 4815824 1
4816209 4816459 2
4820509 4820748 2
4822176 4822348 1
4823165 4823532 1
4824776 4825198 2
4830365 4830682 1
4843715 4843887 2
4844676 4844915 1
4846032 4846293 2
4847432 4847670 1
4848615 4848882 1
4849198 4849526 1
4850395 4850668 1
4850802 4851029 1
4851593 4851854 1
4852376 4852604 2
4853348 4853626 1
4854198 4854665 1
4855076 4855587 1
4856237 4856476 1
4859099 4859339 1
4860865 4861087 1
4862898 4863154 2
4863528 4864047 1
4864648 4864809 2
4865632 4865793 2
4866330 4866709 1
4867582 4867726 1
4868321 4868603 2
4870245 4870690 2
4871309 4871409 1
4873637 4874059 1
4874895 4875144 1
4876159 4876493 2
4877304 4877543 2
4878476 4878765 1
4879143 4879426 1
4879982 4880376 1
4881104 4881470 1
4882132 4882393 2
4882837 4883132 2
4884140 4884468 2
4885870 4886138 2
4887759 4888126 1
4888993 4889488 2
4889800 4889967 2
4890820 4891109 1
4892072 4892228 1
4893476 4893698 1
4894588 4894879 1
4895082 4895426 1
4895598 4895848 2
4896417 4896584 2
4898765 4898965 2
4900615 4900804 1
4901737 4901882 1
4904348 4904648 2
4906626 4906759 1
4907187 4907448 2
4908348 4908637 1
4909837 4910104 1
4911362 4911626 2
4913165 4913365 1
4913549 4913695 1
4915134 4915722 1
4917070 4917292 1
4919282 4919632 1
4920282 4920843 1
4921287 4921657 2
4922485 4922874 1
4925055 4925272 2
4946382 4946615 2
4947426 4947820 2
4949289 4949677 1
4950043 4950427 2
4950965 4951209 1
4955704 4956015 2
4958078 4958481 2
4959917 4960185 1
4961534 4962001 1
4962809 4962918 2
4963804 4963970 1
4964714 4965246 1
4965417 4965713 2
4966126 4966315 1
4967377 4967640 1
4968454 4968871 2
4969787 4969959 2
4970387 4970682 2
4971390 4971797 1
4972736 4973143 2
4973821 4974191 1
4975415 4975704 1
4976862 4977265 2
4977806 4978176 1
4980908 4981454 2
4982027 4982416 2
4982696 4982987 1
4984195 4984458 1
4985632 4985959 1
4986325 4986769 2
4987782 4987893 2
4989306 4989552 1
4991536 4991818 1
4994030 4994520 1
4995024 4995242 2
4997143 4997454 1
4998176 4998459 1
4999454 4999698 1
5000705 5001029 2
5002071 5002273 1
5004422 5004602 1
5006754 5007048 2
5008282 5008576 2
5009130 5009255 1
5010103 5010473 1
5011015 5011187 2
5017198 5017392 1
5018387 5018759 1
5019172 5019741 2
5020171 5020435 1
5021111 5021397 2
5024554 5024732 1
5030170 5030326 1
5034182 5034359 1
5035726 5035920 1
5036603 5036913 1
5037848 5038082 1
5041389 5041671 1
5045598 5045776 1
5047259 5047417 2
5048720 5048854 1
5052937 5053165 2
5053454 5053805 1
5055218 5055602 2
5055712 5055838 1
5056870 5057101 1
5059817 5060000 2
5060946 5061501 2
5062282 5062435 1
5063393 5063498 1
5064394 5064602 1
5066844 5067140 2
5069936 5070311 1
5071170 5071343 2
5073445 5073658 2
5077454 5077573 2
5078268 5078513 2
5081041 5081499 1
5082937 5083259 1
5084555 5084874 2
5085859 5086232 2
5087305 5087680 2
5098511 5098752 1
5099233 5099645 2
5101773 5102027 1
5102237 5102476 2
5105677 5106186 1
5106612 5107037 2
5107320 5107682 2
5108254 5108537 1
5150537 5150720 2
5163998 5164282 1
5165844 5166246 2
5166792 5167306 2
5167559 5167759 2
5169057 5169404 1
5170693 5170954 1
5171612 5171835 2
5172478 5172612 1
5177637 5177970 2
5180834 5181027 2
5182948 5183337 1
5183993 5184248 2
5188393 5188882 2
5189837 5190265 1
5192932 5193276 1
5194743 5194987 1
5205519 5205658 1
5206065 5206304 1
