1 682017 682138
1 682388 682564
1 687087 687346
1 697626 697848
1 698670 698954
1 699642 700008
1 704393 704504
1 717420 717772
1 718809 718888
1 719221 719402
1 719431 719876
1 751236 751472
1 753061 753436
1 754076 754209
1 756904 757037
1 764337 764494
1 766431 766842
1 767771 768080
1 770297 770669
1 771223 771552
1 772158 772361
1 773165 773593
1 774334 774917
1 775732 775909
1 777362 777491
1 779932 780214
1 781148 781337
1 782104 782465
1 784798 784981
1 791122 791497
1 792732 792894
1 793748 793854
1 794793 794948
1 795630 795843
1 798093 798326
1 799130 799537
1 800020 800148
1 802720 802954
1 803526 803698
1 804686 805208
1 806565 806815
1 807623 808021
1 809363 809751
1 811560 811671
1 813184 813299
1 815398 815620
1 818059 818298
1 819859 820093
1 821432 821687
1 822737 822976
1 824204 824404
1 829926 830104
1 831214 831380
1 840441 840635
1 841102 841181
1 841287 841487
1 842370 842482
1 843103 843487
1 845231 845379
1 845610 845740
1 858755 859000
1 860698 860804
1 862528 862671
2 1001548 1002001
2 1004187 1004443
2 1004843 1005054
2 1006023 1006616
2 1023857 1024111
2 1024837 1025226
2 1026043 1026254
2 1027536 1027876
2 1028277 1028804
2 1034870 1035006
2 1035089 1035306
2 1035880 1036125
2 1038932 1039120
2 1039498 1039715
2 1042060 1042282
2 1045065 1045555
2 1045949 1046254
2 1046640 1047010
2 1047676 1048109
2 1050309 1050604
2 1051415 1051765
2 1052603 1052770
2 1071213 1071370
2 1073018 1073216
2 1074052 1074431
2 1077269 1077519
2 1086920 1087093
2 1088009 1088194
2 1088714 1088955
2 1090084 1090195
2 1090704 1090815
2 1092954 1093084
2 1094649 1094811
2 1095520 1095632
2 1098065 1098148
2 1099863 1100182
2 1103862 1104112
2 1106760 1106950
2 1108793 1108909
2 1116154 1116385
2 1118382 1118487
2 1119945 1120324
2 1121601 1121707
2 1123454 1123819
2 1126583 1127152
2 1130992 1131214
2 1133534 1133733
2 1149237 1149473
2 1157372 1157543
2 1160389 1160452
2 1161968 1162241
2 1163728 1164001
3 1394941 1395325
3 1395715 1395920
3 1398954 1399218
3 1399713 1400046
3 1401926 1402315
3 1405909 1406032
3 1411593 1411804
3 1413195 1413353
3 1414098 1414226
3 1415333 1415656
3 1416248 1416565
3 1417444 1417634
3 1423191 1423437
3 1431520 1431693
3 1435598 1435843
3 1436372 1436714
3 1437437 1437670
3 1438582 1438698
3 1438807 1438908
3 1441204 1441409
3 1443282 1443520
3 1443982 1444159
3 1445245 1445356
3 1446367 1446519
3 1447698 1447865
3 1448580 1449158
3 1449270 1449482
3 1459826 1460070
3 1460626 1460993
3 1461420 1461709
3 1461762 1461885
3 1462254 1462404
3 1462787 1463037
3 1463204 1463376
3 1468298 1468554
3 1472837 1473032
3 1473598 1473776
3 1474359 1474526
3 1475815 1475943
3 1476559 1476937
3 1477579 1477921
3 1478286 1478490
3 1479004 1479182
3 1481359 1481765
3 1484415 1484604
3 1485104 1485287
3 1486932 1487248
3 1488115 1488301
3 1489465 1489648
3 1489926 1490076
3 1492315 1492620
3 1493083 1493504
3 1496319 1496481
3 1496992 1497311
3 1497926 1498070
3 1499111 1499587
3 1500798 1501009
3 1501417 1501773
3 1502082 1502504
3 1504498 1504709
3 1511648 1511848
3 1512029 1512214
3 1514474 1514862
3 1515543 1515754
3 1516555 1516643
3 1517165 1517448
3 1517815 1518070
3 1518565 1519056
3 1519708 1519953
3 1520603 1521144
3 1521443 1521626
3 1522162 1522509
3 1523954 1524232
3 1524861 1525121
3 1525654 1525793
3 1526426 1526609
3 1526963 1527073
3 1528139 1528370
3 1529259 1529543
3 1530726 1530865
3 1534237 1534465
3 1536304 1536509
3 1540282 1540620
3 1541376 1541482
3 1545909 1546115
3 1547770 1547909
3 1548760 1548917
3 1550943 1551154
3 1551465 1551654
3 1557632 1557743
3 1559632 1559759
3 1562020 1562248
3 1564904 1565037
3 1565915 1566209
3 1566639 1566922
3 1569334 1569843
3 1573782 1574069
3 1574205 1574395
3 1580069 1580365
3 1586256 1586506
3 1602290 1602582
3 1605575 1606088
4 1716903 1717102
4 1720675 1720858
4 1721543 1721643
4 1730004 1730182
4 1730748 1730909
4 1732982 1733159
4 1739198 1739402
4 1740537 1740648
4 1741382 1741782
4 1742182 1742437
4 1742622 1742793
4 1743459 1743665
4 1744659 1744921
4 1745844 1746153
4 1748798 1749061
4 1750532 1750693
4 1751714 1751992
4 1753098 1753315
4 1753518 1753680
4 1754150 1754742
4 1755443 1755648
4 1756610 1756715
4 1759000 1759370
4 1760143 1760665
4 1761498 1761848
4 1762620 1762915
4 1763643 1764009
4 1765269 1765579
4 1766243 1766415
4 1767248 1767509
4 1768722 1768967
4 1770076 1770293
4 1771226 1771343
4 1772640 1772899
4 1773704 1773912
4 1774546 1774736
4 1775881 1776214
4 1777241 1777750
4 1778969 1779491
4 1780504 1780754
4 1781626 1781787
4 1782448 1782732
4 1783326 1783554
4 1784404 1784620
4 1784760 1784959
4 1786213 1786579
4 1786876 1787037
4 1787670 1787987
4 1789898 1790231
4 1791454 1791593
4 1791792 1791936
4 1794198 1794537
4 1795293 1795437
4 1796360 1796470
4 1798087 1798226
4 1806010 1806316
4 1807115 1807265
4 1808178 1808511
4 1809843 1810269
4 1810926 1811148
4 1811904 1812043
4 1812367 1812482
4 1813615 1813743
4 1814598 1814876
4 1815528 1815982
4 1816528 1816638
4 1817587 1817748
4 1818778 1819111
4 1819893 1820388
4 1821399 1821769
4 1823326 1823798
4 1824408 1824718
4 1825037 1825431
4 1826243 1826443
4 1826649 1826844
4 1829488 1829696
4 1832185 1832399
4 1834079 1834361
4 1834750 1835083
4 1835719 1835964
4 1837287 1837505
4 1838711 1838873
4 1839427 1839663
4 1841365 1841693
4 1842420 1842659
4 1843626 1843987
4 1846634 1846859
4 1849144 1849588
4 1850328 1850587
4 1851559 1851809
4 1855123 1855547
4 1856386 1856626
4 1858348 1858576
4 1859189 1859481
4 1860431 1860750
4 1862565 1862682
4 1864259 1864476
4 1866098 1866306
4 1867175 1867275
4 1868161 1868286
4 1868990 1869112
4 1870532 1870665
4 1872672 1872973
4 1873982 1874082
4 1875936 1876102
4 1881163 1881371
4 1881904 1882026
4 1882815 1883109
4 1885715 1885854
4 1889443 1889620
4 1891537 1891770
4 1893817 1893916
4 1899312 1899422
4 1907304 1907570
4 1914121 1914348
4 1914848 1915084
4 1916459 1916693
4 1917348 1917593
4 1918957 1919062
4 1919709 1919882
4 1920682 1920770
4 1922176 1922343
4 1930804 1930916
4 1932653 1932880
4 1936993 1937237
4 1939023 1939278
5 2254854 2254998
5 2256644 2257052
5 2259713 2259880
5 2261054 2261248
5 2262278 2262503
5 2289017 2289409
5 2289877 2290066
5 2290636 2291030
5 2291493 2291698
5 2293393 2293659
5 2294381 2294737
5 2296130 2296412
5 2299088 2299389
5 2301158 2301575
5 2302246 2302362
5 2305032 2305198
5 2308337 2308448
5 2310526 2310643
5 2311657 2311893
5 2312346 2312726
5 2313426 2313676
5 2314134 2314431
5 2314765 2314948
5 2315258 2315399
5 2316038 2316187
5 2317254 2317626
5 2318187 2318420
5 2321696 2321969
5 2323833 2324124
5 2325559 2325854
5 2326306 2326475
5 2326998 2327232
5 2328579 2328797
5 2331493 2331644
5 2333677 2334029
5 2335282 2335791
5 2337198 2337443
5 2341481 2341838
5 2348016 2348289
5 2350084 2350319
5 2353931 2354193
5 2357187 2357337
5 2359097 2359380
5 2360215 2360443
5 2362395 2362699
5 2363980 2364393
5 2365654 2365816
5 2378587 2379015
5 2380737 2380959
5 2381959 2382288
5 2383521 2383699
5 2386143 2386387
5 2389537 2389804
5 2394205 2394399
5 2397293 2397454
5 2404243 2404461
5 2407691 2407947
5 2419398 2419665
5 2423326 2423548
5 2425104 2425293
5 2425532 2425759
5 2428051 2428232
5 2428570 2428804
5 2429002 2429201
5 2432454 2432737
5 2434515 2434809
5 2435320 2435543
5 2436209 2436437
5 2436870 2436976
5 2437465 2437609
5 2451876 2452209
5 2452971 2453290
5 2464037 2464343
5 2464565 2464765
5 2474193 2474360
5 2475938 2476373
5 2480765 2481084
5 2481948 2482120
5 2483365 2483554
5 2486826 2487209
5 2487482 2487650
5 2488187 2488298
5 2492431 2492645
5 2497587 2497759
5 2498037 2498176
5 2498870 2499037
5 2499604 2499893
5 2500670 2500880
5 2501387 2501604
5 2501870 2502054
5 2502195 2502440
5 2504882 2505215
5 2506007 2506211
5 2507665 2507920
5 2508826 2509059
5 2509824 2510027
5 2512121 2512361
5 2512632 2512893
5 2513126 2513343
5 2513719 2513918
5 2514643 2514882
5 2514887 2515037
5 2530060 2530310
5 2530543 2530809
5 2540099 2540233
5 2540774 2541061
5 2548185 2548380
5 2549129 2549286
5 2550904 2551104
5 2551824 2552180
5 2552488 2552983
5 2553552 2553834
5 2554434 2554565
5 2555719 2556103
5 2556783 2557051
5 2570359 2570720
5 2571602 2572088
5 2572276 2572448
5 2575876 2576076
5 2583246 2583510
5 2584798 2585043
5 2586215 2586404
5 2587165 2587309
5 2587633 2587816
5 2589509 2589826
5 2590393 2590515
5 2591443 2591737
5 2592493 2592720
5 2593609 2593798
5 2594305 2594578
5 2594825 2595288
5 2595912 2596269
5 2599915 2600198
5 2602198 2602359
5 2603059 2603243
5 2606175 2606481
5 2607487 2607829
5 2610483 2610646
5 2617826 2618009
5 2618918 2619090
5 2620070 2620287
5 2620916 2621448
5 2621700 2622038
5 2625676 2625973
5 2626943 2627215
5 2628106 2628242
5 2628690 2629162
5 2629787 2630032
5 2631274 2631607
5 2631834 2632130
6 3720359 3720637
6 3721808 3722178
6 3722726 3723048
6 3723441 3723746
6 3735572 3735901
6 3737632 3737965
6 3738570 3739111
6 3742726 3743082
6 3743973 3744306
6 3745343 3745826
6 3746751 3747232
6 3751903 3752316
6 3754229 3754511
6 3755204 3755420
6 3755682 3755895
6 3757638 3757748
6 3758293 3758515
6 3760232 3760342
6 3761368 3761509
6 3761999 3762171
6 3762626 3762973
6 3764404 3764526
6 3764859 3764987
6 3772532 3772854
6 3773920 3774087
6 3775743 3775948
6 3776811 3777107
6 3777153 3777362
6 3777670 3778226
6 3779517 3779705
6 3782776 3782887
6 3784804 3784926
6 3788340 3788460
6 3789413 3789848
6 3790787 3791109
6 3791982 3792143
6 3796259 3796398
6 3796683 3796850
6 3798026 3798154
6 3799005 3799398
6 3799628 3799811
6 3800346 3800504
6 3804140 3804478
6 3805158 3805523
6 3806465 3806721
6 3810954 3811491
6 3817715 3817954
6 3818973 3819320
6 3820126 3820293
6 3820798 3821266
6 3822084 3822441
6 3824609 3824948
6 3828132 3828309
6 3829259 3829382
6 3829935 3830189
6 3830970 3831109
6 3831894 3832102
6 3832900 3833271
6 3836046 3836272
6 3836936 3837140
6 3842261 3842520
6 3845728 3845955
6 3847481 3847986
6 3849937 3850045
6 3850796 3851115
6 3852269 3852607
6 3853477 3853731
6 3853984 3854104
6 3854226 3854432
6 3859843 3860009
6 3861672 3861986
6 3862768 3863203
6 3870936 3871292
6 3872037 3872272
6 3882804 3883345
6 3883609 3883886
6 3884312 3884488
6 3885089 3885390
6 3886389 3886699
6 3886768 3886916
6 3887309 3887537
6 3888292 3888663
6 3889953 3890203
6 3892622 3892840
6 3893373 3893503
6 3894228 3894496
6 3897739 3898037
6 3915179 3915457
6 3918584 3918797
6 3923815 3923948
6 3931454 3931750
6 3932617 3932802
6 3937410 3937710
6 3942774 3942963
6 3944032 3944220
6 3953055 3953245
6 3957332 3957498
6 3964086 3964243
6 3964777 3964960
6 3967393 3967466
6 3973657 3973768
6 3987043 3987187
6 4011864 4012063
6 4018121 4018380
7 4364237 4364462
7 4369854 4370109
7 4371115 4371282
7 4372004 4372143
7 4372662 4373027
7 4373976 4374115
7 4374602 4374894
7 4375560 4375958
7 4375973 4376193
7 4377732 4378278
7 4382520 4382996
7 4383954 4384148
7 4385909 4386283
7 4387276 4387465
7 4388982 4389103
7 4389380 4389973
7 4390407 4390856
7 4391226 4391426
7 4391927 4392325
7 4394804 4394920
7 4395748 4395915
7 4396685 4397062
7 4397721 4397988
7 4398998 4399243
7 4400326 4400582
7 4402090 4402609
7 4404876 4405065
7 4405958 4406259
7 4407231 4407603
7 4410515 4410682
7 4411280 4411599
7 4412298 4412543
7 4413306 4413556
7 4419269 4419445
7 4420348 4420576
7 4421254 4421526
7 4422387 4422537
7 4423643 4423837
7 4424649 4425029
7 4425390 4425709
7 4426459 4426676
7 4427217 4427494
7 4427913 4427992
7 4428177 4428686
7 4429120 4429398
7 4430305 4430582
7 4431242 4431672
7 4432370 4432520
7 4433754 4434232
7 4434749 4435293
7 4436132 4436254
7 4436959 4437198
7 4437959 4438515
7 4438791 4439074
7 4439784 4440232
7 4443815 4443998
8 4681670 4681798
8 4682574 4682688
8 4683399 4683737
8 4687010 4687278
8 4687854 4688070
8 4688770 4689163
8 4690463 4690824
8 4691759 4692015
8 4692899 4693366
8 4694050 4694351
8 4695187 4695393
8 4696611 4696921
8 4699459 4699593
8 4702097 4702440
8 4703493 4703726
8 4704311 4704787
8 4706443 4706709
8 4707837 4708082
8 4708670 4708965
8 4709113 4709400
8 4710040 4710198
8 4711555 4711898
8 4714032 4714293
8 4714495 4714870
8 4715293 4715559
8 4715802 4716251
8 4716510 4716843
8 4717121 4717523
8 4717900 4718067
8 4718881 4719121
8 4720893 4721124
8 4721936 4722269
8 4724433 4724737
8 4727529 4727844
8 4729204 4729348
8 4730593 4730887
8 4731413 4731663
8 4733076 4733370
8 4734693 4734854
8 4735532 4735820
8 4736501 4736723
8 4737663 4737963
8 4739057 4739289
8 4739636 4740043
8 4741973 4742104
8 4746996 4747361
8 4747680 4747925
8 4750970 4751437
8 4752330 4752639
8 4753842 4754120
8 4754654 4755066
8 4756215 4756415
8 4757970 4758237
8 4759336 4759706
8 4760543 4760756
8 4761158 4761478
8 4762932 4763120
8 4763742 4764080
8 4764604 4764715
8 4766180 4766485
8 4766617 4766973
8 4767608 4767744
8 4769471 4769772
8 4771015 4771182
8 4772164 4772520
8 4773744 4773927
8 4774204 4774528
8 4775386 4775595
8 4776464 4776889
8 4778844 4779288
8 4780220 4780437
8 4780879 4781152
8 4781753 4781925
8 4782898 4783220
8 4783648 4783948
8 4784742 4785057
8 4787582 4787837
8 4789554 4789804
8 4791676 4792010
8 4792304 4792443
8 4793404 4793737
8 4794743 4794993
8 4795604 4796054
8 4796887 4797059
8 4798546 4798967
8 4799915 4800070
8 4800732 4801125
8 4802082 4802298
8 4804174 4804328
8 4806054 4806259
8 4806620 4806798
8 4809398 4809609
8 4809737 4810084
8 4811120 4811409
8 4812254 4812459
8 4812912 4813158
8 4813398 4813554
8 4814603 4814955
8 4815454 4815824
8 4816209 4816459
8 4820509 4820748
8 4822176 4822348
8 4823165 4823532
8 4824776 4825198
8 4830365 4830682
8 4843715 4843887
8 4844676 4844915
8 4846032 4846293
8 4847432 4847670
8 4848615 4848882
8 4849198 4849526
8 4850395 4850668
8 4850802 4851029
8 4851593 4851854
8 4852376 4852604
8 4853348 4853626
8 4854198 4854665
8 4855076 4855587
8 4856237 4856476
8 4859099 4859339
8 4860865 4861087
8 4862898 4863154
8 4863528 4864047
8 4864648 4864809
8 4865632 4865793
8 4866330 4866709
8 4867582 4867726
8 4868321 4868603
8 4870245 4870690
8 4871309 4871409
8 4873637 4874059
8 4874895 4875144
8 4876159 4876493
8 4877304 4877543
8 4878476 4878765
8 4879143 4879426
8 4879982 4880376
8 4881104 4881470
8 4882132 4882393
8 4882837 4883132
8 4884140 4884468
8 4885870 4886138
8 4887759 4888126
8 4888993 4889488
8 4889800 4889967
8 4890820 4891109
8 4892072 4892228
8 4893476 4893698
8 4894588 4894879
8 4895082 4895426
8 4895598 4895848
8 4896417 4896584
8 4898765 4898965
8 4900615 4900804
8 4901737 4901882
8 4904348 4904648
8 4906626 4906759
8 4907187 4907448
8 4908348 4908637
8 4909837 4910104
8 4911362 4911626
8 4913165 4913365
8 4913549 4913695
8 4915134 4915722
8 4917070 4917292
8 4919282 4919632
8 4920282 4920843
8 4921287 4921657
8 4922485 4922874
8 4925055 4925272
8 4946382 4946615
8 4947426 4947820
8 4949289 4949677
8 4950043 4950427
8 4950965 4951209
8 4955704 4956015
8 4958078 4958481
8 4959917 4960185
8 4961534 4962001
8 4962809 4962918
8 4963804 4963970
8 4964714 4965246
8 4965417 4965713
8 4966126 4966315
8 4967377 4967640
8 4968454 4968871
8 4969787 4969959
8 4970387 4970682
8 4971390 4971797
8 4972736 4973143
8 4973821 4974191
8 4975415 4975704
8 4976862 4977265
8 4977806 4978176
8 4980908 4981454
8 4982027 4982416
8 4982696 4982987
8 4984195 4984458
8 4985632 4985959
8 4986325 4986769
8 4987782 4987893
8 4989306 4989552
8 4991536 4991818
8 4994030 4994520
8 4995024 4995242
8 4997143 4997454
8 4998176 4998459
8 4999454 4999698
8 5000705 5001029
8 5002071 5002273
8 5004422 5004602
8 5006754 5007048
8 5008282 5008576
8 5009130 5009255
8 5010103 5010473
8 5011015 5011187
8 5017198 5017392
8 5018387 5018759
8 5019172 5019741
8 5020171 5020435
8 5021111 5021397
8 5024554 5024732
8 5030170 5030326
8 5034182 5034359
8 5035726 5035920
8 5036603 5036913
8 5037848 5038082
8 5041389 5041671
8 5045598 5045776
8 5047259 5047417
8 5048720 5048854
8 5052937 5053165
8 5053454 5053805
8 5055218 5055602
8 5055712 5055838
8 5056870 5057101
8 5059817 5060000
8 5060946 5061501
8 5062282 5062435
8 5063393 5063498
8 5064394 5064602
8 5066844 5067140
8 5069936 5070311
8 5071170 5071343
8 5073445 5073658
8 5077454 5077573
8 5078268 5078513
8 5081041 5081499
8 5082937 5083259
8 5084555 5084874
8 5085859 5086232
8 5087305 5087680
8 5098511 5098752
8 5099233 5099645
8 5101773 5102027
8 5102237 5102476
8 5105677 5106186
8 5106612 5107037
8 5107320 5107682
8 5108254 5108537
9 5150537 5150720
9 5163998 5164282
9 5165844 5166246
9 5166792 5167306
9 5167559 5167759
9 5169057 5169404
9 5170693 5170954
9 5171612 5171835
9 5172478 5172612
9 5177637 5177970
9 5180834 5181027
9 5182948 5183337
9 5183993 5184248
9 5188393 5188882
9 5189837 5190265
9 5192932 5193276
9 5194743 5194987
9 5203382 5203827
9 5203832 5204065
9 5205519 5205658
9 5206065 5206304
