1 827177 827318
1 846225 846417
1 889427 889693
2 1429353 1429505
2 1431854 1432042
2 1435887 1436054
2 1437216 1437440
2 1439423 1439564
2 1462534 1462638
2 1474251 1474377
2 1475334 1475491
2 1476920 1477226
2 1479195 1479352
2 1480570 1480987
2 1481666 1482236
2 1489009 1489148
2 1490304 1490626
2 1491665 1492054
2 1492582 1492720
2 1492865 1493065
2 1494104 1494259
2 1495815 1496348
2 1497470 1497882
2 1498609 1499087
2 1500503 1500995
2 1502543 1502826
2 1504709 1504948
2 1510240 1510466
2 1512432 1512820
2 1513548 1513682
2 1518232 1518365
2 1526959 1527132
2 1539632 1539904
2 1544348 1544465
2 1556576 1556765
3 2048274 2048457
3 2063243 2063426
3 2071793 2071897
3 2099259 2099454
3 2150164 2150405
3 2177500 2177755
3 2185809 2185976
3 2194889 2195099
3 2212487 2212726
3 2219626 2219959
3 2221366 2221774
3 2223209 2223326
3 2234965 2235176
3 2236265 2236359
3 2246365 2246598
3 2284287 2284432
3 2286915 2287109
3 2300309 2300532
3 2303754 2303965
3 2310470 2310698
3 2312004 2312326
3 2319954 2320220
3 2328776 2328987
3 2331841 2332202
3 2334519 2334864
3 2341377 2341811
3 2346550 2346723
3 2354753 2354887
3 2359020 2359182
3 2361926 2362209
3 2363209 2363365
3 2363917 2364189
3 2365889 2366156
3 2369443 2369582
3 2371637 2371915
3 2374282 2374437
3 2375603 2375860
3 2379864 2379981
3 2384995 2385173
3 2396987 2397093
3 2416489 2416835
3 2419115 2419251
4 2547854 2547959
4 2559161 2559323
4 2577876 2578004
4 2618332 2618515
4 2620909 2621054
4 2624154 2624298
4 2629087 2629259
4 2639709 2639943
4 2642837 2643076
4 2655404 2655520
4 2672915 2673009
4 2679498 2679665
5 3013209 3013376
5 3019683 3019797
5 3023230 3023441
5 3028160 3028353
5 3029057 3029191
5 3073687 3074026
5 3074860 3075053
5 3076241 3076455
5 3078387 3078604
5 3079593 3079770
5 3080551 3080656
5 3082247 3082397
5 3085789 3085984
5 3090225 3090376
5 3104637 3104854
5 3107093 3107276
5 3109376 3109470
5 3110615 3110804
5 3117837 3118005
5 3121887 3122026
5 3125382 3125565
5 3133515 3133781
5 3135004 3135204
5 3136815 3137016
5 3138211 3138359
5 3139509 3139616
5 3161648 3161776
5 3163973 3164141
5 3165087 3165226
5 3167632 3167726
5 3210409 3210576
5 3259770 3259904
5 3264565 3264737
5 3272069 3272211
5 3273328 3273464
5 3274493 3274637
5 3275583 3275865
5 3293610 3293735
5 3297359 3297482
5 3316212 3316395
5 3324954 3325115
5 3368907 3369121
5 3387540 3387728
5 3396015 3396187
5 3397098 3397204
5 3400237 3400382
5 3405454 3405593
5 3412753 3412874
5 3413580 3413768
5 3420032 3420165
5 3429576 3429798
5 3430952 3431271
5 3433999 3434287
5 3435720 3435965
5 3438837 3438982
5 3440009 3440287
5 3451893 3452076
5 3508876 3509109
5 3520337 3520543
5 3529832 3529965
5 3530843 3531037
5 3545057 3545449
5 3557554 3557754
5 3562782 3562970
5 3565081 3565228
5 3567098 3567237
5 3567976 3568243
5 3571209 3571343
5 3572628 3572808
5 3573732 3573993
5 3575570 3575787
5 3576565 3576776
5 3579220 3579365
5 3580248 3580343
5 3583587 3583765
5 3585987 3586259
5 3594482 3594709
5 3599515 3599709
5 3609970 3610198
5 3619404 3619626
5 3621815 3621948
5 3625654 3625876
5 3627414 3627498
5 3631854 3632093
5 3648154 3648398
5 3648841 3648982
5 3649720 3649904
5 3650598 3650848
5 3651604 3651815
5 3652409 3652603
5 3698222 3698363
5 3707637 3707737
5 3710086 3710384
5 3711360 3711483
5 3712976 3713215
5 3728232 3728343
5 3729682 3729776
6 4169232 4169381
6 4175037 4175143
6 4180604 4180815
6 4182070 4182359
6 4192109 4192276
6 4195305 4195474
6 4196365 4196476
6 4196587 4196720
6 4197782 4198009
6 4198340 4198513
6 4205726 4206032
6 4207043 4207265
6 4208804 4208926
6 4209517 4209702
6 4209935 4210041
6 4213706 4213832
6 4216625 4216824
6 4220098 4220315
6 4221265 4221480
6 4221924 4222144
6 4225726 4226054
6 4232109 4232475
6 4233448 4233633
6 4233965 4234115
6 4234670 4234832
6 4235604 4235887
6 4237678 4237937
6 4240233 4240339
6 4242543 4242704
6 4243520 4243776
6 4244635 4244855
6 4246837 4246952
6 4254558 4254684
6 4257776 4257982
6 4258415 4258587
6 4259593 4259743
6 4262587 4262715
6 4263733 4263953
6 4264437 4264609
6 4265448 4265682
6 4266454 4266698
6 4268537 4268676
6 4269745 4270037
6 4273326 4273459
6 4274865 4275093
6 4277433 4277653
6 4280610 4280930
6 4281509 4281759
6 4283815 4283958
6 4284737 4285148
6 4286182 4286332
6 4287761 4288027
6 4290754 4291143
6 4292104 4292393
6 4297678 4297887
6 4298320 4298654
6 4298720 4298787
6 4301259 4301382
6 4302350 4302706
6 4305051 4305532
6 4307553 4307656
6 4308465 4308587
6 4309993 4310159
6 4310576 4310726
6 4311387 4311709
6 4312448 4312704
6 4313370 4313748
6 4315837 4315948
6 4318288 4318403
6 4318537 4318676
6 4319959 4320159
6 4321670 4321932
6 4322651 4322902
6 4323210 4323341
6 4323566 4323770
6 4325287 4325554
6 4326932 4327000
6 4327079 4327162
6 4327798 4328270
6 4330222 4330348
6 4332854 4333187
6 4335132 4335276
6 4340259 4340454
6 4341404 4341687
6 4342854 4342976
6 4345093 4345237
6 4346598 4346848
6 4352021 4352141
6 4354319 4354456
6 4355530 4355656
6 4357393 4357615
6 4358726 4358982
6 4361151 4361287
7 4729855 4730091
7 4732126 4732236
7 4734154 4734298
7 4739590 4739726
7 4749875 4750126
7 4750722 4750839
7 4757970 4758148
7 4759270 4759409
7 4760187 4760420
7 4760820 4761054
7 4771970 4772126
7 4773632 4773993
7 4775386 4775785
7 4777393 4777565
7 4778348 4778476
7 4789026 4789276
7 4789943 4790143
7 4794970 4795132
7 4804532 4804632
8 5009720 5009887
8 5018943 5019182
8 5023787 5023993
8 5025648 5026015
8 5048554 5048832
8 5051854 5051954
8 5055066 5055273
8 5055898 5056132
8 5057726 5057976
8 5058332 5058546
8 5059982 5060109
8 5061148 5061526
8 5063965 5064148
8 5070454 5070637
8 5072204 5072387
8 5073782 5073937
8 5075932 5076143
8 5077004 5077309
8 5080187 5080482
8 5081093 5081237
8 5087570 5087898
8 5088626 5088856
8 5090876 5091182
8 5091982 5092087
8 5092520 5092737
8 5094532 5094704
8 5096787 5096982
8 5101343 5101637
8 5103917 5104175
8 5105082 5105554
8 5109479 5109776
8 5110876 5111093
8 5112720 5112970
8 5113957 5114057
8 5115485 5115642
8 5118009 5118132
8 5119729 5119917
8 5125476 5125615
8 5125748 5125959
8 5127032 5127237
8 5128173 5128334
8 5129415 5129609
8 5129670 5129920
8 5130587 5130726
8 5130820 5130982
8 5132793 5132998
8 5133759 5134248
8 5135904 5136154
8 5136909 5136998
8 5137693 5137870
8 5139301 5139408
8 5140880 5141179
8 5143104 5143282
8 5150365 5150593
8 5153082 5153209
8 5154882 5155093
8 5155743 5155854
8 5158320 5158515
8 5159648 5159815
8 5161020 5161209
8 5162709 5162876
8 5163687 5163915
8 5164937 5165082
8 5166020 5166220
8 5168288 5168482
8 5169337 5169587
8 5170596 5170821
8 5171993 5172276
8 5173193 5173593
8 5174824 5175136
8 5175759 5175959
