827177 827318 1
846225 846417 1
889427 889693 2
1429353 1429505 1
1431854 1432042 1
1435887 1436054 1
1437216 1437440 1
1439423 1439564 1
1462534 1462638 1
1474251 1474377 1
1475334 1475491 1
1476920 1477226 1
1479195 1479352 1
1480570 1480987 1
1481666 1482236 1
1489009 1489148 1
1490304 1490626 1
1491665 1492054 1
1492582 1492720 2
1492865 1493065 1
1494104 1494259 2
1495815 1496348 1
1497470 1497882 2
1498609 1499087 1
1500503 1500995 1
1502543 1502826 2
1504709 1504948 1
1510240 1510466 1
1512432 1512820 2
1513548 1513682 1
1518232 1518365 1
1526959 1527132 1
1539632 1539904 1
1544348 1544465 1
1556576 1556765 1
1559896 1560205 1
1563443 1563670 1
1565109 1565496 1
1579143 1579287 1
1586473 1586802 1
1589832 1590104 1
1590887 1591048 1
1595405 1595562 1
1597434 1597581 1
1598476 1598732 1
1601926 1602170 1
1618304 1618509 2
1623370 1623582 1
1658943 1659120 1
1660204 1660325 2
1661768 1661967 1
1685533 1685753 1
1688007 1688107 1
1696602 1696712 1
1709350 1709517 1
1727991 1728174 1
1735554 1735798 1
1753751 1753829 1
1759876 1759997 1
1842244 1842359 1
1857869 1858236 1
1879359 1879515 1
1914056 1914370 1
1917362 1917535 1
2048274 2048457 2
2063243 2063426 1
2071793 2071897 2
2099259 2099454 1
2150164 2150405 1
2177500 2177755 1
2185809 2185976 1
2194889 2195099 1
2212487 2212726 1
2219626 2219959 1
2221366 2221774 1
2223209 2223326 1
2234965 2235176 1
2236265 2236359 1
2246365 2246598 1
2284287 2284432 1
2286915 2287109 2
2300309 2300532 1
2303754 2303965 1
2310470 2310698 1
2312004 2312326 1
2319954 2320220 2
2328776 2328987 1
2331841 2332202 1
2334519 2334864 2
2341377 2341811 1
2346550 2346723 1
2354753 2354887 1
2359020 2359182 1
2361926 2362209 2
2363209 2363365 1
2363917 2364189 1
2365889 2366156 1
2369443 2369582 1
2371637 2371915 2
2374282 2374437 1
2375603 2375860 2
2379864 2379981 1
2384995 2385173 2
2396987 2397093 1
2416489 2416835 1
2419115 2419251 1
2469380 2469862 1
2482887 2483033 1
2483541 2483677 1
2547854 2547959 2
2559161 2559323 2
2577876 2578004 1
2618332 2618515 2
2620909 2621054 1
2624154 2624298 1
2629087 2629259 2
2639709 2639943 1
2642837 2643076 1
2655404 2655520 1
2672915 2673009 1
2679498 2679665 2
2755620 2755887 1
2948220 2948393 1
2950787 2950926 1
2956191 2956343 1
3013209 3013376 1
3019683 3019797 1
3023230 3023441 1
3028160 3028353 1
3029057 3029191 1
3073687 3074026 1
3074860 3075053 1
3076241 3076455 1
3078387 3078604 1
3079593 3079770 1
3080551 3080656 2
3082247 3082397 1
3085789 3085984 2
3090225 3090376 1
3104637 3104854 2
3107093 3107276 1
3109376 3109470 2
3110615 3110804 1
3117837 3118005 2
3121887 3122026 1
3125382 3125565 1
3133515 3133781 1
3135004 3135204 1
3136815 3137016 1
3138211 3138359 1
3139509 3139616 1
3161648 3161776 1
3163973 3164141 1
3165087 3165226 1
3167632 3167726 1
3210409 3210576 1
3259770 3259904 1
3264565 3264737 1
3272069 3272211 1
3273328 3273464 1
3274493 3274637 1
3275583 3275865 1
3293610 3293735 1
3297359 3297482 1
3316212 3316395 1
3324954 3325115 1
3368907 3369121 1
3387540 3387728 1
3396015 3396187 1
3397098 3397204 1
3400237 3400382 2
3405454 3405593 2
3412753 3412874 1
3413580 3413768 1
3420032 3420165 1
3429576 3429798 1
3430952 3431271 1
3433999 3434287 1
3435720 3435965 1
3438837 3438982 1
3440009 3440287 1
3451893 3452076 1
3508876 3509109 1
3520337 3520543 1
3529832 3529965 1
3530843 3531037 1
3545057 3545449 1
3557554 3557754 2
3562782 3562970 1
3565081 3565228 1
3567098 3567237 1
3567976 3568243 1
3571209 3571343 1
3572628 3572808 1
3573732 3573993 1
3575570 3575787 1
3576565 3576776 1
3579220 3579365 1
3580248 3580343 1
3583587 3583765 1
3585987 3586259 1
3594482 3594709 1
3599515 3599709 2
3609970 3610198 1
3619404 3619626 1
3621815 3621948 1
3625654 3625876 1
3627414 3627498 1
3631854 3632093 2
3648154 3648398 1
3648841 3648982 1
3649720 3649904 1
3650598 3650848 1
3651604 3651815 1
3652409 3652603 1
3698222 3698363 1
3707637 3707737 1
3710086 3710384 2
3711360 3711483 2
3712976 3713215 1
3728232 3728343 1
3729682 3729776 1
4169232 4169381 1
4175037 4175143 1
4180604 4180815 1
4182070 4182359 1
4192109 4192276 1
4195305 4195474 1
4196365 4196476 2
4196587 4196720 1
4197782 4198009 1
4198340 4198513 2
4205726 4206032 1
4207043 4207265 1
4208804 4208926 1
4209517 4209702 1
4209935 4210041 1
4213706 4213832 1
4216625 4216824 1
4220098 4220315 2
4221265 4221480 1
4221924 4222144 1
4225726 4226054 1
4232109 4232475 1
4233448 4233633 1
4233965 4234115 2
4234670 4234832 1
4235604 4235887 1
4237678 4237937 2
4240233 4240339 1
4242543 4242704 2
4243520 4243776 1
4244635 4244855 1
4246837 4246952 2
4254558 4254684 2
4257776 4257982 1
4258415 4258587 1
4259593 4259743 1
4262587 4262715 1
4263733 4263953 1
4264437 4264609 1
4265448 4265682 2
4266454 4266698 2
4268537 4268676 1
4269745 4270037 1
4273326 4273459 2
4274865 4275093 1
4277433 4277653 2
4280610 4280930 1
4281509 4281759 1
4283815 4283958 2
4284737 4285148 1
4286182 4286332 1
4287761 4288027 2
4290754 4291143 1
4292104 4292393 2
4297678 4297887 1
4298320 4298654 2
4298720 4298787 1
4301259 4301382 1
4302350 4302706 1
4305051 4305532 2
4307553 4307656 1
4308465 4308587 2
4309993 4310159 1
4310576 4310726 1
4311387 4311709 2
4312448 4312704 1
4313370 4313748 1
4315837 4315948 2
4318288 4318403 2
4318537 4318676 1
4319959 4320159 1
4321670 4321932 1
4322651 4322902 2
4323210 4323341 1
4323566 4323770 1
4325287 4325554 1
4326932 4327000 1
4327079 4327162 1
4327798 4328270 2
4330222 4330348 1
4332854 4333187 1
4335132 4335276 2
4340259 4340454 1
4341404 4341687 1
4342854 4342976 2
4345093 4345237 1
4346598 4346848 1
4352021 4352141 1
4354319 4354456 1
4355530 4355656 1
4357393 4357615 1
4358726 4358982 1
4361151 4361287 1
4367743 4368043 1
4369187 4369315 1
4371204 4371337 2
4373976 4374076 1
4381404 4381515 2
4382554 4382870 1
4386048 4386326 1
4388843 4389026 2
4389876 4390115 2
4397326 4397432 1
4400154 4400487 2
4401459 4401682 1
4409692 4409952 2
4420132 4420370 1
4436243 4436475 1
4442420 4442554 1
4448865 4449082 1
4475643 4475804 1
4509270 4509498 2
4528854 4528976 1
4534709 4534859 1
4545472 4545608 2
4548720 4548876 1
4557515 4557659 2
4563832 4563920 1
4569076 4569204 1
4571583 4572006 1
4577643 4577770 1
4590632 4590776 1
4622226 4622382 1
4627559 4627804 2
4653393 4653687 2
4667698 4667809 1
4729855 4730091 1
4732126 4732236 2
4734154 4734298 1
4739590 4739726 1
4749875 4750126 2
4750722 4750839 1
4757970 4758148 1
4759270 4759409 1
4760187 4760420 1
4760820 4761054 1
4771970 4772126 1
4773632 4773993 1
4775386 4775785 1
4777393 4777565 1
4778348 4778476 1
4789026 4789276 1
4789943 4790143 1
4794970 4795132 1
4804532 4804632 1
4845004 4845198 1
5009720 5009887 1
5018943 5019182 1
5023787 5023993 1
5025648 5026015 1
5048554 5048832 1
5051854 5051954 1
5055066 5055273 1
5055898 5056132 1
5057726 5057976 1
5058332 5058546 1
5059982 5060109 1
5061148 5061526 1
5063965 5064148 1
5070454 5070637 1
5072204 5072387 1
5073782 5073937 1
5075932 5076143 1
5077004 5077309 2
5080187 5080482 1
5081093 5081237 1
5087570 5087898 2
5088626 5088856 1
5090876 5091182 2
5091982 5092087 2
5092520 5092737 1
5094532 5094704 1
5096787 5096982 2
5101343 5101637 1
5103917 5104175 1
5105082 5105554 1
5109479 5109776 1
5110876 5111093 1
5112720 5112970 2
5113957 5114057 1
5115485 5115642 2
5118009 5118132 1
5119729 5119917 1
5125476 5125615 1
5125748 5125959 1
5127032 5127237 1
5128173 5128334 1
5129415 5129609 1
5129670 5129920 2
5130587 5130726 1
5130820 5130982 1
5132793 5132998 2
5133759 5134248 1
5135904 5136154 1
5136909 5136998 1
5137693 5137870 1
5139301 5139408 1
5140880 5141179 1
5143104 5143282 2
5150365 5150593 1
5153082 5153209 1
5154882 5155093 1
5155743 5155854 1
5158320 5158515 2
5159648 5159815 1
5161020 5161209 1
5162709 5162876 1
5163687 5163915 1
5164937 5165082 1
5166020 5166220 2
5168288 5168482 1
5169337 5169587 1
5170596 5170821 1
5171993 5172276 1
5173193 5173593 1
5174824 5175136 2
5175759 5175959 1
