1 557890 558029
1 574780 574978
1 575601 575818
1 576772 577359
1 577753 577903
1 578912 579098
1 584829 584957
1 587426 587548
1 588657 588768
1 589495 589957
1 590347 590598
1 591357 591507
1 592674 593013
1 593547 593748
1 594584 594699
1 596795 596962
1 597811 598212
1 599152 599494
1 599856 600213
1 601395 601590
1 602520 602648
1 603354 603772
1 604590 605102
1 605492 605859
1 607166 607297
1 609249 609566
1 610189 610406
1 612919 613169
1 613861 614056
1 614815 615204
1 616130 616324
1 617074 617403
1 618104 618310
1 618586 618721
1 619790 620280
1 621157 621624
1 621890 622009
1 622156 622429
1 622911 623055
1 623834 623957
1 624555 624789
1 624952 625069
1 625145 625306
1 625963 626303
1 627107 627374
1 627503 627615
1 628747 628869
1 629295 629499
1 629640 629806
2 1433993 1434154
2 1482622 1482893
2 1490631 1490931
2 1492563 1492874
2 1493357 1493699
2 1495119 1495293
2 1495465 1495764
2 1498495 1498891
2 1499415 1499591
2 1499775 1499974
2 1501713 1501974
2 1502163 1502353
2 1503994 1504184
2 1504584 1504697
2 1506710 1506873
2 1507686 1507814
2 1511637 1511773
2 1512643 1512747
2 1516321 1516434
2 1520512 1520961
2 1521199 1521455
2 1522813 1523141
2 1523442 1523915
2 1524279 1524768
2 1525264 1525732
2 1527261 1527510
2 1531217 1531418
2 1531682 1531835
2 1533059 1533360
2 1533956 1534111
2 1534683 1534845
2 1535787 1536021
2 1536182 1536254
2 1536505 1536655
2 1537779 1537941
2 1539132 1539449
2 1541481 1541726
2 1542544 1542700
2 1543551 1543935
2 1544486 1544603
2 1545711 1545883
2 1549378 1549699
2 1551495 1551740
2 1552425 1552725
2 1554533 1554701
2 1555300 1555520
2 1557524 1557793
2 1560706 1560939
2 1561634 1561820
2 1564490 1564773
2 1565252 1565392
2 1567144 1567625
2 1568195 1568321
2 1568764 1568959
2 1570017 1570149
2 1586293 1586671
2 1587430 1587801
2 1588011 1588186
2 1589523 1589662
2 1590046 1590229
2 1591290 1591763
2 1592581 1592926
2 1594913 1595180
2 1599137 1599327
2 1600097 1600595
2 1608254 1608638
2 1609149 1609337
2 1610002 1610325
2 1610499 1610699
2 1611502 1611646
2 1611774 1612141
2 1612336 1612633
2 1612852 1613202
2 1613568 1613985
2 1614479 1614814
2 1615516 1615893
2 1616801 1616918
2 1617110 1617405
2 1618246 1618607
2 1618679 1618894
2 1619392 1619904
2 1620603 1621004
2 1621785 1622180
2 1622965 1623232
2 1623849 1624418
2 1624818 1625044
2 1626946 1627054
2 1627406 1627864
2 1628040 1628124
2 1628373 1628590
2 1629800 1629914
2 1630814 1631169
2 1632471 1632750
2 1635416 1636006
2 1636472 1636818
2 1637815 1638087
2 1639184 1639674
2 1640603 1640792
2 1641171 1641432
2 1641861 1642100
2 1642345 1642701
2 1643085 1643397
2 1643675 1643853
2 1644293 1644533
2 1645319 1645541
2 1645846 1646191
2 1647318 1647424
2 1647489 1647622
2 1648746 1649180
2 1649956 1650288
2 1651216 1651566
2 1652431 1653009
2 1653641 1654182
2 1654825 1655379
2 1656098 1656588
2 1657290 1657573
2 1658731 1659104
2 1660729 1660952
2 1661721 1662197
2 1663740 1664045
2 1667820 1667959
2 1678518 1679019
2 1679236 1679418
2 1680026 1680519
2 1682202 1682598
2 1682859 1682976
2 1684813 1685147
2 1686035 1686258
2 1686711 1687050
2 1687714 1688043
2 1688523 1688637
2 1688937 1689171
2 1689828 1690117
2 1690390 1690891
2 1691084 1691225
2 1691567 1691706
2 1692800 1693028
2 1693401 1693902
2 1694518 1694806
2 1695878 1696106
2 1696391 1696536
2 1699215 1699467
2 1700951 1701079
2 1701610 1701962
2 1702714 1702964
2 1703688 1703979
2 1704825 1705058
2 1706082 1706473
2 1706943 1707332
2 1707566 1707800
2 1708100 1708209
2 1709248 1709426
2 1710112 1710277
2 1711306 1711434
2 1711772 1711929
2 1712157 1712303
2 1712426 1712638
2 1713145 1713380
2 1714774 1715030
2 1717173 1717451
2 1717668 1717891
2 1718030 1718408
2 1719707 1719874
2 1720629 1720841
2 1721883 1722409
2 1723806 1724156
2 1724746 1725153
2 1725855 1726123
2 1727915 1728171
2 1728485 1728685
2 1728952 1729069
2 1729753 1729875
2 1731703 1731858
2 1732410 1732761
2 1733439 1733679
2 1734586 1734985
2 1737043 1737224
2 1737772 1737889
2 1739951 1740073
2 1741090 1741378
2 1741640 1741918
2 1742629 1742941
2 1743638 1744123
2 1744404 1744666
2 1745556 1745751
2 1748842 1748941
2 1749585 1749713
2 1751189 1751327
2 1751784 1751979
2 1752432 1752627
2 1753792 1753892
2 1754013 1754236
2 1758572 1758655
2 1759147 1759280
2 1760473 1760777
2 1761365 1761641
2 1762846 1763258
2 1763770 1763976
2 1765284 1765646
2 1767256 1767476
2 1767876 1768213
2 1773119 1773221
2 1774405 1774613
2 1787102 1787325
2 1788029 1788444
2 1789147 1789378
2 1789803 1789975
2 1791520 1791717
2 1792191 1792313
2 1794310 1794504
2 1795356 1795793
2 1796430 1796721
2 1797210 1797477
2 1797872 1798457
2 1799748 1800115
2 1800911 1801084
2 1801355 1801550
2 1801780 1801947
2 1803492 1804064
2 1804436 1804636
2 1804888 1805008
2 1805458 1805748
2 1806492 1806796
2 1807670 1807966
2 1808617 1808980
2 1809777 1810061
2 1811008 1811397
2 1811481 1811636
2 1812644 1812911
2 1813518 1813847
2 1814559 1814798
2 1815736 1815914
2 1816245 1816557
2 1817124 1817325
2 1817734 1817967
2 1818842 1819179
2 1821754 1822286
2 1823412 1823528
2 1824917 1825189
2 1825625 1826153
2 1827991 1828152
2 1829258 1829742
2 1830311 1830685
2 1833187 1833365
2 1835303 1835481
2 1837155 1837320
2 1838620 1838748
2 1841136 1841319
2 1841938 1842141
2 1843347 1843539
2 1845629 1845802
2 1846545 1846882
2 1848711 1849045
2 1849796 1850041
2 1851416 1851683
2 1852390 1852601
2 1854304 1854705
2 1855852 1855985
2 1857828 1858039
2 1864095 1864273
2 1864974 1865124
2 1865309 1865459
2 1868089 1868211
2 1869546 1869696
2 1872277 1872499
2 1875529 1875692
2 1882406 1882518
2 1883419 1883837
2 1885457 1885607
2 1885692 1885780
2 1886403 1886547
2 1887396 1887485
2 1890829 1890982
2 1891864 1891999
3 2335245 2335468
3 2351093 2351329
3 2351934 2352068
3 2370814 2371074
3 2373902 2373994
3 2375327 2375415
3 2375896 2376019
3 2377305 2377421
3 2378234 2378465
3 2378948 2379306
3 2379641 2379752
3 2380228 2380512
3 2381136 2381653
3 2382377 2382455
3 2383228 2383390
3 2384887 2385032
3 2385572 2385894
3 2387512 2387657
3 2391611 2391755
3 2392529 2392824
3 2393968 2394068
3 2394471 2394744
3 2395436 2395530
3 2395846 2396102
3 2397017 2397296
3 2397580 2397747
3 2399336 2399586
3 2400004 2400160
3 2400694 2400833
3 2401390 2401612
3 2402531 2402792
3 2403576 2403887
3 2404685 2404863
3 2405831 2406087
3 2406867 2407195
3 2408019 2408297
3 2409501 2409603
3 2410679 2410802
3 2412234 2412477
3 2413023 2413193
3 2414785 2415074
3 2415816 2416102
3 2417061 2417406
3 2419675 2419808
3 2420737 2420998
3 2421716 2421817
3 2424104 2424427
3 2425538 2425732
3 2428139 2428323
3 2429152 2429447
3 2430354 2430616
3 2432163 2432431
3 2434918 2435291
3 2435698 2436093
4 2842851 2843054
4 2843806 2844162
4 2851765 2852001
4 2853196 2853312
4 2855152 2855448
4 2856360 2856555
4 2858463 2858783
4 2859277 2859688
4 2860623 2860874
4 2862373 2862484
4 2862694 2863173
4 2864080 2864408
4 2864598 2864753
4 2865221 2865560
4 2865816 2865983
4 2867208 2867321
4 2868121 2868282
4 2868696 2868780
4 2869774 2870230
4 2870776 2871221
4 2871290 2871602
4 2872380 2872586
4 2873380 2873798
4 2874212 2874390
4 2875065 2875193
4 2875902 2876136
4 2876770 2877366
4 2878139 2878618
4 2879219 2879625
4 2881336 2881455
4 2882041 2882275
4 2885047 2885392
4 2889120 2889472
4 2890406 2890824
5 3694896 3695063
5 3700950 3701133
5 3713187 3713289
5 3717236 3717469
5 3720622 3720727
5 3723340 3723496
6 4000411 4000565
6 4007284 4007406
6 4009510 4009790
6 4010503 4010698
6 4011421 4011572
6 4012150 4012395
6 4013823 4013980
6 4014257 4014383
6 4014605 4014878
6 4015735 4015974
6 4016156 4016434
6 4018852 4019013
6 4019828 4020121
6 4020755 4021028
6 4022119 4022358
6 4023389 4023696
6 4024058 4024470
6 4025148 4025443
6 4026307 4026552
6 4027173 4027451
6 4028158 4028520
6 4028926 4029265
6 4029883 4030223
6 4030935 4031330
6 4032577 4033017
6 4034252 4034481
6 4035021 4035349
6 4037101 4037655
6 4038260 4038805
6 4038944 4039212
6 4039676 4039980
6 4040381 4040523
6 4040642 4041009
6 4041238 4041616
6 4041978 4042390
6 4042674 4043091
6 4043709 4044037
6 4044153 4044532
6 4044917 4045284
6 4046264 4046586
6 4047089 4047391
6 4048206 4048535
6 4049234 4049498
6 4049700 4050034
6 4050961 4051301
6 4051542 4051692
6 4051768 4051996
6 4052275 4052426
6 4053358 4053484
6 4053828 4054056
6 4054323 4054468
6 4055219 4055633
6 4055815 4056271
6 4056449 4056733
6 4057701 4058108
6 4058175 4058264
6 4058458 4058726
6 4060941 4061453
6 4061861 4062035
6 4062672 4062967
6 4064531 4065026
6 4065649 4066173
6 4066577 4067105
6 4070008 4070164
6 4070881 4071226
6 4071599 4071961
6 4072534 4072813
6 4073745 4073962
6 4074468 4074968
6 4075256 4075429
6 4075796 4076041
6 4077169 4077590
6 4077944 4078212
6 4079180 4079458
6 4080766 4081156
6 4081829 4082097
6 4082436 4082971
6 4084284 4084835
6 4085837 4085976
6 4086210 4086315
6 4086416 4086677
6 4087023 4087407
6 4087857 4088275
6 4088442 4088592
6 4089073 4089249
6 4089449 4089766
6 4090134 4090679
6 4092296 4092390
6 4092585 4092674
6 4093921 4094168
6 4095051 4095186
6 4095289 4095558
6 4096468 4096709
6 4098976 4099396
6 4100565 4101093
6 4102505 4102613
6 4103153 4103516
6 4104507 4104969
6 4107787 4108198
6 4109156 4109538
6 4110776 4111376
6 4111620 4111906
6 4113015 4113293
6 4114816 4115093
6 4115380 4115709
6 4115832 4115983
6 4116950 4117440
6 4119053 4119159
6 4119324 4119418
6 4119509 4119639
6 4120284 4120674
6 4120967 4121079
6 4121147 4121631
6 4122262 4122729
6 4123119 4123385
6 4124448 4124695
6 4124895 4125046
6 4125510 4125822
6 4125896 4126230
6 4126590 4126785
6 4127434 4127806
6 4128733 4129078
6 4129679 4129790
6 4129941 4130347
6 4130809 4131260
6 4132158 4132454
6 4133431 4133859
6 4134054 4134354
6 4134651 4134816
6 4134924 4135069
6 4135180 4135294
6 4136475 4137004
6 4137583 4137777
6 4137933 4138267
6 4138516 4138691
6 4139341 4139636
6 4139761 4140021
6 4140783 4141167
6 4141974 4142247
6 4142492 4142803
6 4143069 4143192
6 4143474 4143668
6 4143928 4144284
6 4145102 4145620
6 4145733 4145912
6 4146455 4147050
6 4147995 4148334
6 4148698 4149188
6 4149622 4149822
6 4150084 4150267
6 4150596 4150697
6 4150818 4150974
6 4151136 4151286
6 4152160 4152382
6 4153317 4153790
6 4153880 4154069
6 4154314 4154520
6 4155199 4155644
6 4156707 4156969
6 4157470 4157614
6 4158477 4158716
6 4158950 4159334
6 4159996 4160375
6 4162763 4163058
6 4163781 4164059
6 4164529 4164791
6 4165768 4166008
6 4166286 4166464
6 4166887 4167221
6 4167688 4168067
6 4168490 4168668
6 4168925 4169036
6 4169364 4169547
6 4175195 4175318
6 4175842 4176254
6 4176844 4177022
6 4177475 4177664
6 4177737 4177870
6 4178672 4179165
6 4180178 4180557
6 4181341 4181553
6 4181788 4181928
6 4182327 4182560
6 4182802 4183046
6 4183479 4184035
6 4184968 4185351
6 4187492 4187865
6 4188304 4188566
6 4190419 4190837
6 4192384 4192662
6 4193330 4193442
6 4193765 4194009
6 4194488 4194661
6 4195362 4195724
6 4196547 4196854
6 4197363 4197632
6 4198139 4198345
6 4199013 4199152
6 4199560 4199665
6 4200111 4200240
6 4200577 4200744
6 4201902 4202202
6 4204189 4204356
6 4205461 4205873
6 4206514 4206664
6 4206867 4207034
6 4208477 4208909
6 4209513 4209741
6 4211988 4212152
6 4212961 4213286
6 4215588 4215889
6 4222329 4222818
6 4224026 4224160
6 4225123 4225256
6 4226577 4226999
6 4227705 4228234
6 4228523 4228740
6 4230362 4230579
6 4231683 4232033
6 4232603 4232843
6 4233260 4233505
6 4233944 4234128
6 4236321 4236554
6 4237690 4237907
6 4238990 4239156
6 4240885 4241091
6 4242121 4242249
6 4243156 4243423
6 4243857 4244152
6 4244681 4244898
6 4245098 4245226
6 4245360 4245766
6 4246145 4246317
6 4246752 4247047
6 4248226 4248733
6 4248978 4249139
6 4249440 4249674
6 4250336 4250636
6 4251702 4251834
6 4252356 4252824
6 4253531 4253787
6 4254861 4255340
6 4255731 4256004
6 4256241 4256414
6 4256982 4257182
6 4259124 4259458
6 4262269 4262533
6 4262954 4263155
6 4263399 4263800
6 4267041 4267149
6 4267395 4267529
6 4269928 4270262
6 4271297 4271609
6 4272112 4272212
6 4272538 4272727
6 4273523 4273779
6 4275014 4275249
6 4275950 4276406
6 4278257 4278502
6 4279641 4280087
6 4280149 4280259
6 4281093 4281594
6 4283242 4283459
6 4285507 4285657
6 4286045 4286299
6 4287401 4287897
6 4288785 4289141
6 4289673 4289979
6 4290791 4290976
6 4291788 4292045
6 4294224 4294363
7 4664820 4665009
7 4666143 4666318
7 4666959 4667359
7 4668070 4668507
7 4668854 4669148
7 4669464 4669981
7 4670326 4670770
7 4671454 4672004
7 4672765 4673182
7 4673429 4673626
7 4673870 4674159
7 4674298 4674432
7 4675132 4675293
7 4676215 4676491
7 4677232 4677559
7 4678115 4678393
7 4678559 4678809
7 4679037 4679370
7 4679873 4680231
7 4680295 4680414
7 4681143 4681609
7 4682082 4682337
7 4682612 4682754
7 4682890 4683007
7 4685087 4685370
7 4686088 4686294
7 4686887 4687282
7 4687787 4688104
7 4688515 4688909
7 4689393 4689559
7 4689980 4690119
7 4690509 4690832
7 4691273 4691356
7 4691837 4691926
7 4693132 4693354
7 4693931 4694070
7 4694387 4694587
7 4695854 4696243
7 4697054 4697459
7 4698420 4698976
7 4700254 4700397
7 4702370 4702520
8 5149856 5149945
8 5152597 5152725
8 5161087 5161270
8 5161698 5161915
8 5164126 5164393
8 5166335 5166468
8 5166596 5166818
8 5167020 5167443
8 5168170 5168275
8 5194215 5194448
8 5195990 5196140
8 5196296 5196468
8 5197001 5197162
8 5197815 5198309
8 5198934 5199162
8 5199337 5199508
8 5199965 5200159
8 5200241 5200347
8 5201360 5201899
8 5202362 5202702
8 5203232 5203459
8 5203970 5204387
8 5205143 5205515
8 5206476 5206892
8 5207155 5207258
8 5207478 5207601
8 5207687 5207826
8 5207965 5208370
8 5209190 5209642
8 5210448 5210731
8 5210794 5210919
8 5211520 5211982
8 5212873 5213182
8 5214687 5214845
8 5215098 5215532
8 5216856 5217106
8 5218330 5218731
8 5219509 5219659
8 5219904 5220043
8 5220315 5220843
8 5221698 5222037
8 5223107 5223257
8 5224026 5224537
8 5225691 5225832
8 5227048 5227298
8 5228482 5228693
8 5229540 5229657
8 5229826 5230254
8 5230820 5231170
8 5231349 5231449
8 5232048 5232409
8 5233090 5233489
8 5233725 5234151
8 5234821 5235188
8 5235948 5236254
8 5236658 5236836
8 5237287 5237665
8 5238643 5238887
8 5239882 5239983
8 5240565 5241151
8 5241509 5241943
8 5242720 5243043
8 5243553 5243714
8 5244059 5244309
8 5244435 5244559
8 5244657 5244813
8 5245908 5246064
8 5246254 5246570
8 5248243 5248543
8 5249315 5249543
8 5250359 5250582
8 5251932 5252420
8 5253479 5253663
8 5254470 5254770
8 5255019 5255254
8 5255795 5256292
8 5256793 5257193
8 5257648 5258076
8 5258612 5258901
8 5259170 5259548
8 5261533 5261857
8 5263254 5263493
8 5264540 5264617
8 5265259 5265434
8 5265598 5266004
8 5266321 5266485
8 5267238 5267715
8 5268037 5268215
8 5268415 5268615
8 5269308 5269436
8 5269720 5269837
8 5270020 5270476
8 5270670 5270959
8 5271552 5271948
8 5272610 5272725
8 5272788 5273171
8 5273620 5274209
8 5274698 5275193
8 5275893 5276393
8 5278602 5278726
8 5279140 5279256
8 5280909 5281165
8 5281425 5281586
8 5281970 5282470
8 5284120 5284443
8 5285370 5285793
8 5286504 5286782
8 5287370 5287893
8 5288439 5288551
8 5289170 5289254
8 5290308 5290430
8 5290982 5291287
8 5291820 5292409
8 5293004 5293598
8 5293976 5294387
8 5295320 5295637
8 5296959 5297153
8 5297910 5298215
8 5298949 5299343
8 5299985 5300205
8 5301132 5301554
8 5302713 5302819
8 5303437 5303595
8 5304493 5304726
8 5305755 5305861
8 5306270 5306423
8 5307415 5307865
8 5308630 5308870
8 5309393 5309632
8 5309937 5310198
8 5311048 5311254
8 5311426 5311593
8 5312432 5312726
8 5313682 5314032
8 5314315 5314782
8 5315482 5315970
8 5316575 5316822
8 5317644 5317947
8 5318699 5318959
8 5319267 5319520
8 5320398 5320686
8 5321370 5321483
8 5322228 5322611
8 5323551 5323886
8 5324409 5324839
8 5327065 5327198
8 5327637 5328043
8 5328741 5328863
8 5330314 5330426
8 5331360 5331512
8 5333045 5333221
8 5334676 5334982
8 5335618 5335969
8 5337782 5338215
8 5338898 5339226
8 5339632 5340104
8 5340620 5341159
8 5342270 5342448
8 5342615 5342976
8 5344342 5344811
8 5345376 5345732
8 5346474 5346629
8 5347094 5347545
8 5348286 5348805
8 5349285 5349468
8 5350538 5350809
8 5351476 5351743
8 5353197 5353286
8 5354712 5355309
8 5356380 5356703
8 5357232 5357809
8 5358204 5358432
8 5359099 5359368
8 5360137 5360548
8 5361038 5361439
8 5362226 5362675
8 5363249 5363510
8 5364679 5364851
8 5366150 5366278
8 5366787 5366965
8 5368343 5368648
8 5368970 5369259
8 5369709 5369993
8 5371376 5371493
8 5372609 5372793
8 5374302 5374523
8 5375420 5375770
8 5376765 5377259
8 5377718 5377846
8 5378262 5378435
8 5379432 5379576
8 5380982 5381109
8 5382104 5382219
8 5382770 5383304
8 5384200 5384339
8 5384909 5385259
8 5386087 5386409
8 5387043 5387337
8 5387920 5388295
8 5389161 5389330
8 5390143 5390504
8 5390975 5391292
8 5392351 5392631
8 5393412 5393709
8 5395770 5396159
8 5396929 5397440
8 5398413 5398552
8 5398760 5398958
8 5399682 5399965
8 5400737 5400865
8 5401715 5402015
8 5402915 5403226
8 5403764 5403869
8 5405370 5405587
8 5406320 5406593
8 5408449 5408603
8 5409548 5410015
8 5410709 5410998
8 5412476 5412787
8 5417442 5417585
8 5418185 5418296
8 5419215 5419387
8 5420326 5420798
8 5421398 5421676
8 5422656 5422952
8 5423404 5423837
8 5424548 5424982
8 5425770 5426115
8 5426586 5426724
8 5429081 5429203
8 5429534 5429849
8 5430426 5430834
8 5431902 5432228
8 5433241 5433393
8 5434139 5434476
8 5436251 5436451
8 5437363 5437480
8 5437593 5437796
8 5438598 5438926
8 5442692 5443063
8 5443869 5444093
8 5445362 5445479
8 5446435 5446641
8 5447525 5447641
8 5448487 5448770
8 5448946 5449154
8 5449626 5449904
8 5450845 5450945
8 5451607 5451987
8 5452396 5452579
8 5453319 5453424
8 5454137 5454565
8 5455115 5455487
8 5456465 5456798
8 5458636 5458780
8 5459456 5459620
8 5460507 5460780
8 5461493 5461915
8 5462565 5462692
8 5463698 5463926
8 5464783 5464890
8 5465534 5465628
8 5465726 5465948
8 5466620 5467082
8 5467909 5468115
8 5468526 5468965
8 5469687 5469926
8 5471246 5471510
8 5473474 5473672
8 5474263 5474653
8 5475825 5476365
8 5478068 5478367
8 5479098 5479343
8 5481063 5481468
8 5484576 5485043
8 5485675 5486243
8 5486832 5487154
8 5488124 5488291
8 5488987 5489354
8 5489914 5490097
8 5490453 5490834
8 5491459 5491843
8 5492367 5492569
8 5493509 5493904
8 5494643 5494920
8 5496043 5496193
8 5497237 5497743
8 5498888 5498999
8 5500028 5500472
8 5503165 5503515
8 5504301 5504770
8 5507970 5508248
8 5508952 5509209
8 5510893 5511304
8 5512565 5512843
8 5514423 5514803
8 5515242 5515388
8 5515782 5515993
8 5516376 5516820
8 5518391 5518678
8 5519013 5519340
8 5520323 5520623
8 5520974 5521202
8 5523111 5523379
8 5524150 5524570
8 5525315 5525548
8 5526011 5526167
8 5528484 5528610
8 5529118 5529201
8 5530300 5530475
8 5531798 5531954
8 5532913 5533052
8 5533580 5533669
8 5534559 5535026
8 5535715 5536048
8 5537916 5538148
8 5539302 5539464
8 5539904 5540032
8 5542169 5542308
8 5543191 5543301
8 5544826 5545037
8 5545420 5545587
8 5546154 5546482
8 5548682 5548954
8 5549683 5550079
8 5550766 5551020
8 5553837 5554159
8 5556625 5556778
8 5557754 5558237
8 5558834 5559025
8 5560937 5561115
8 5561776 5561970
8 5562135 5562246
8 5563532 5563739
8 5565335 5565591
8 5569111 5569301
8 5569492 5569746
8 5570923 5571140
8 5572097 5572269
8 5573887 5574182
8 5574604 5574804
8 5575397 5575820
8 5575910 5576011
8 5576287 5576591
8 5577867 5578081
8 5579015 5579265
8 5579810 5579929
8 5580950 5581240
8 5581444 5581605
8 5583195 5583484
8 5584548 5584715
8 5585843 5586248
8 5587354 5587506
8 5588092 5588214
8 5591543 5591737
8 5592616 5592948
8 5593809 5594115
8 5594917 5595067
8 5595388 5595513
8 5595826 5596193
8 5597423 5597585
8 5599126 5599415
8 5600107 5600212
8 5601929 5602231
8 5604112 5604346
8 5605588 5605759
8 5606323 5606487
8 5606559 5607004
8 5607581 5607844
8 5608365 5608670
8 5609759 5609959
8 5615673 5616000
8 5617032 5617459
8 5617927 5618063
8 5618181 5618509
8 5619709 5619976
8 5623354 5623748
8 5624154 5624359
8 5625032 5625354
8 5625876 5626226
8 5627076 5627220
8 5628009 5628365
8 5629137 5629320
8 5630115 5630448
8 5632073 5632295
8 5634315 5634526
8 5637693 5637970
8 5639787 5639954
8 5641332 5641587
8 5641959 5642265
8 5643265 5643609
8 5644931 5645097
8 5645615 5645976
8 5647375 5647854
8 5648688 5648813
8 5649554 5649987
8 5650545 5650735
8 5651604 5651776
8 5652807 5652946
8 5654019 5654181
8 5654510 5654741
8 5656591 5656764
8 5660332 5660493
8 5666070 5666476
8 5666640 5666795
8 5667332 5667604
8 5668076 5668237
8 5669220 5669382
8 5670348 5670470
8 5672070 5672304
8 5673407 5673682
8 5674311 5674427
8 5675861 5676136
8 5676682 5677182
8 5678890 5679018
8 5681793 5681976
8 5683109 5683387
8 5683948 5684198
8 5684514 5684659
8 5686437 5686798
8 5687487 5687687
8 5687826 5687935
8 5688607 5688919
8 5690202 5690436
8 5695537 5695659
8 5696520 5696704
8 5698727 5698876
8 5699420 5699587
8 5700296 5700496
8 5700982 5701104
8 5701726 5701954
8 5702954 5703526
8 5705382 5705754
8 5706187 5706759
8 5707080 5707313
8 5707397 5707614
8 5716787 5717059
8 5719332 5719743
8 5721533 5721655
8 5729132 5729248
8 5730348 5730604
8 5732659 5732965
8 5733587 5733993
8 5734220 5734393
8 5734682 5735254
8 5735673 5735818
8 5735940 5736129
8 5736770 5737070
8 5737660 5737921
8 5738663 5738989
8 5740450 5740639
8 5741161 5741523
8 5742159 5742304
8 5743141 5743380
8 5745104 5745226
8 5745954 5746148
8 5746920 5747304
8 5749482 5749787
8 5750443 5750848
8 5751627 5751844
8 5754246 5754791
8 5756020 5756453
8 5758133 5758405
8 5759067 5759406
8 5762592 5762798
8 5764194 5764422
8 5765840 5766157
8 5768259 5768548
8 5769196 5769571
8 5771086 5771214
8 5771567 5771707
8 5772796 5773336
8 5774192 5774487
8 5774753 5774930
8 5775530 5775743
8 5777773 5778173
8 5779144 5779361
8 5779652 5779924
8 5780228 5780351
8 5780814 5781011
8 5781490 5781724
8 5782625 5782955
8 5783478 5783968
8 5784675 5784883
8 5796399 5796682
8 5798311 5798590
8 5799011 5799289
8 5800169 5800625
8 5801617 5801810
8 5802656 5802849
8 5805613 5805791
8 5806773 5807037
9 6233779 6233918
9 6246607 6246768
9 6246833 6247003
9 6252607 6252813
9 6261354 6261560
9 6266574 6266915
9 6269110 6269378
9 6269762 6269880
9 6271611 6272011
9 6273396 6273563
9 6274220 6274369
9 6276232 6276482
9 6277500 6278023
9 6279329 6279702
9 6279808 6280084
9 6280803 6280964
9 6282435 6282830
9 6283883 6284200
9 6285251 6285688
9 6286786 6287086
9 6290641 6291036
9 6293673 6294118
9 6294702 6295047
9 6295912 6296066
9 6296226 6296508
9 6298825 6298931
9 6300926 6301033
9 6302601 6302823
9 6303635 6303841
9 6304080 6304386
9 6305236 6305476
9 6309905 6310477
9 6311719 6311870
9 6312043 6312231
9 6312390 6312546
9 6312941 6313058
9 6313753 6313986
9 6314392 6314631
9 6317188 6317350
9 6318844 6318994
9 6319380 6319580
9 6319997 6320209
9 6322719 6323143
9 6323718 6323900
9 6324513 6324702
9 6324838 6325019
9 6325319 6325558
9 6326745 6327029
9 6328350 6328539
9 6331616 6332039
9 6332180 6332483
9 6333029 6333446
9 6335134 6335250
9 6336362 6336539
9 6338401 6338562
9 6339101 6339470
9 6339870 6340047
9 6342479 6342830
9 6344965 6345185
9 6345320 6345404
9 6346658 6346778
9 6346861 6347134
9 6347543 6347791
9 6348273 6348447
9 6348830 6349158
9 6350464 6350704
9 6351532 6351838
9 6352650 6352789
9 6353198 6353508
9 6355274 6355597
9 6356147 6356325
9 6356823 6357050
9 6358554 6358775
9 6358842 6359233
9 6359835 6360226
9 6360513 6360835
9 6362003 6362131
9 6362706 6363001
9 6364171 6364277
9 6364913 6365197
9 6367199 6367500
9 6367586 6367703
9 6367814 6368016
9 6368478 6368790
9 6370013 6370458
9 6370858 6371453
9 6372612 6373028
9 6373570 6373697
9 6374309 6374520
9 6375779 6375966
9 6376154 6376277
9 6377353 6377826
9 6378446 6378579
9 6378898 6378966
9 6380074 6380234
9 6380381 6380520
9 6381974 6382224
9 6382654 6382821
9 6382891 6383328
9 6383517 6383698
9 6387138 6387399
9 6389312 6389478
9 6390783 6391169
9 6392348 6392476
9 6395014 6395437
9 6396276 6396543
9 6397278 6397705
9 6398935 6399044
9 6399883 6400292
9 6400942 6401182
9 6401379 6401593
9 6403911 6404334
9 6405168 6405696
9 6406280 6406580
9 6407845 6408034
9 6409263 6409419
9 6410370 6410581
9 6411561 6411767
9 6412383 6412783
9 6416656 6417073
9 6418247 6418502
9 6418824 6418939
9 6419381 6419693
9 6420198 6420371
9 6420921 6421277
9 6422562 6422734
9 6423863 6424369
9 6425036 6425442
9 6425514 6425620
9 6426215 6426388
9 6426838 6427160
9 6427566 6427844
9 6428431 6428553
9 6429090 6429451
9 6429869 6430069
9 6430680 6430958
9 6431609 6431780
9 6432971 6433361
9 6434289 6434868
9 6435559 6436089
9 6436641 6437075
9 6437439 6437749
9 6439231 6439430
9 6440773 6440895
9 6441713 6441996
9 6442820 6443212
9 6443523 6443662
9 6443795 6444207
9 6444863 6445113
9 6445253 6445439
9 6447332 6447521
9 6448539 6448856
9 6449489 6449578
9 6449813 6449915
9 6450601 6450785
9 6451829 6452091
9 6453460 6453721
9 6454177 6454578
9 6454803 6455025
9 6456935 6457063
9 6457514 6457718
9 6458002 6458125
9 6458509 6458943
9 6459204 6459643
9 6459863 6460013
9 6461326 6461470
9 6462590 6463024
9 6463380 6463780
9 6464250 6464367
9 6464586 6464717
9 6465743 6466194
9 6466744 6466933
9 6468424 6468635
9 6472052 6472241
9 6472830 6473124
9 6473659 6473967
9 6474101 6474246
9 6474781 6475327
9 6475692 6476003
9 6476270 6476448
9 6478500 6478721
9 6480755 6481205
9 6481432 6481671
9 6481839 6482100
9 6482351 6482614
9 6482684 6482812
9 6484408 6484692
9 6486079 6486307
9 6486626 6486730
9 6487002 6487141
9 6487452 6487519
9 6487736 6487958
9 6488612 6488951
9 6490108 6490525
9 6490786 6490953
9 6491068 6491518
9 6492438 6492671
9 6492736 6492867
9 6493461 6493561
9 6493703 6493842
9 6494515 6494799
9 6495418 6495674
9 6496686 6497034
9 6497690 6498090
9 6498824 6499052
9 6499972 6500239
9 6501034 6501251
9 6503645 6503845
9 6506656 6506890
9 6507791 6508142
9 6508259 6508395
9 6510012 6510502
9 6511558 6511925
9 6512020 6512142
9 6513527 6513917
9 6514069 6514341
9 6514445 6514560
9 6515314 6515742
9 6516610 6516916
9 6517549 6517650
9 6517960 6518068
9 6518522 6518773
9 6520165 6520323
9 6521014 6521159
9 6521297 6521714
9 6522677 6523110
9 6523226 6523457
9 6523867 6524167
9 6524484 6524690
9 6525474 6525802
9 6526097 6526363
9 6526986 6527253
9 6528115 6528532
9 6529144 6529311
9 6530339 6530451
9 6531023 6531151
9 6532148 6532310
9 6532838 6532975
9 6533378 6533624
9 6533886 6534158
9 6534503 6534832
9 6535477 6535622
9 6536492 6536904
9 6538971 6539564
9 6540297 6540579
9 6541032 6541255
9 6542612 6542717
9 6544358 6544515
9 6544591 6544793
9 6545190 6545381
9 6545870 6546179
9 6546450 6546595
9 6547697 6547858
9 6548064 6548264
9 6550313 6550736
9 6551773 6551918
9 6552340 6552474
9 6552724 6552835
9 6553080 6553236
9 6554584 6554893
9 6573896 6574141
9 6585646 6585791
9 6590762 6590973
