557890 558029 2
574780 574978 2
575601 575818 1
576772 577359 2
577753 577903 2
578912 579098 2
584829 584957 1
587426 587548 2
588657 588768 1
589495 589957 2
590347 590598 2
591357 591507 2
592674 593013 1
593547 593748 1
594584 594699 2
596795 596962 2
597811 598212 2
599152 599494 1
599856 600213 1
601395 601590 2
602520 602648 2
603354 603772 2
604590 605102 1
605492 605859 2
607166 607297 1
609249 609566 2
610189 610406 1
612919 613169 1
613861 614056 2
614815 615204 2
616130 616324 2
617074 617403 1
618104 618310 2
618586 618721 2
619790 620280 2
621157 621379 1
621424 621624 1
621890 622009 1
622156 622429 2
622911 623055 2
623834 623957 2
624555 624789 1
624952 625069 2
625145 625306 2
625963 626303 1
627107 627374 2
627503 627615 2
628747 628869 2
629295 629499 1
629640 629806 1
630279 630446 2
630535 630641 2
632313 632407 2
633891 634117 1
635612 635915 2
637021 637309 1
637701 637892 2
638417 638556 1
638638 638764 1
640217 640585 2
641408 641664 2
642132 642410 1
642577 642800 2
643552 643947 2
644538 644820 1
646546 646880 2
647467 647756 2
648226 648722 1
650564 650876 2
652564 652691 2
655389 655500 1
656886 656996 2
657249 657450 2
658013 658218 2
658591 658730 2
658747 658853 1
662176 662395 2
662978 663155 2
664169 664258 2
665011 665158 1
666627 666850 2
667179 667477 1
668109 668254 2
668414 668636 2
669199 669432 2
670341 670536 1
672091 672466 2
675298 675533 1
676256 676569 2
684639 684914 2
685173 685384 2
687978 688323 2
688755 688998 1
691329 691590 2
698042 698259 1
700831 700953 2
703017 703217 2
706807 706969 2
709267 709507 2
713615 713770 1
714427 714527 2
726557 726780 1
730056 730445 2
730991 731297 2
734665 734841 2
741221 741327 2
758926 759126 2
771663 771874 2
773667 773784 2
773819 773925 1
777046 777157 2
777229 777329 2
777846 777935 2
779934 780018 1
782386 782617 2
785222 785355 2
787778 788000 2
816174 816323 2
826386 826541 2
845962 846164 2
846770 846854 1
860907 860996 2
874790 874952 2
875141 875402 1
875895 876012 2
876096 876185 2
879888 879962 2
882554 882647 2
888621 888699 2
889479 889596 1
898313 898386 2
899993 900163 2
907956 908352 2
922259 922411 1
952488 952625 2
981485 981623 2
990315 990420 1
1001970 1002048 2
1005370 1005605 2
1017789 1017897 1
1023025 1023093 1
1028093 1028229 2
1047108 1047290 1
1050022 1050127 1
1050807 1050935 1
1052088 1052241 2
1069755 1069890 1
1074356 1074652 2
1101427 1101594 2
1103306 1103417 1
1105379 1105503 2
1108329 1108435 2
1109687 1109957 1
1119972 1120085 2
1121395 1121654 1
1124415 1124577 2
1132286 1132626 1
1142243 1142379 2
1179822 1179896 1
1183877 1184165 2
1184672 1184890 1
1185372 1185488 1
1199345 1199467 2
1205721 1205857 2
1234850 1234954 2
1235770 1235948 2
1237520 1237620 1
1238403 1238603 2
1239022 1239294 1
1240629 1240807 1
1241794 1242076 2
1243536 1243703 1
1244433 1244549 1
1244716 1244930 2
1245186 1245395 1
1246394 1246566 2
1246643 1246767 1
1247056 1247195 2
1247291 1247453 2
1247726 1247982 2
1248299 1248583 2
1250642 1250920 2
1251001 1251157 1
1251555 1251844 2
1253690 1253974 2
1254507 1254668 1
1255470 1255755 1
1257043 1257627 1
1258317 1258818 2
1259022 1259173 1
1259553 1259887 2
1261072 1261351 2
1262540 1262734 1
1262831 1263104 1
1263516 1264039 2
1265028 1265261 1
1265994 1266161 2
1266949 1267183 1
1267277 1267395 2
1267952 1268186 1
1273842 1273960 2
1277439 1277623 2
1277854 1278149 1
1278780 1278924 1
1279162 1279390 2
1280013 1280325 2
1280417 1280662 1
1280843 1281195 1
1281388 1281661 1
1282602 1282933 2
1283714 1284050 2
1284696 1284836 1
1285809 1286001 2
1290572 1290783 1
1292286 1292497 2
1293027 1293368 1
1293577 1293727 2
1294537 1295117 1
1295459 1295748 2
1297965 1298054 2
1299808 1300016 1
1300578 1300770 2
1301868 1301962 1
1302928 1303095 1
1303651 1303735 1
1303812 1303937 2
1304107 1304373 1
1304632 1304904 1
1311305 1311664 1
1312106 1312362 2
1312913 1313130 2
1314000 1314409 2
1315178 1315473 1
1315536 1315647 1
1316141 1316369 2
1317377 1317694 1
1318274 1318386 1
1320944 1321367 1
1321976 1322068 2
1322311 1322419 1
1323211 1323382 2
1324046 1324286 2
1324540 1324796 1
1325102 1325241 2
1325402 1325489 2
1327686 1327790 2
1328871 1329079 2
1329200 1329451 2
1332988 1333248 1
1334074 1334308 2
1335516 1335688 1
1336150 1336384 1
1337130 1337261 1
1337522 1337642 2
1338407 1338576 1
1338823 1338962 2
1343047 1343213 2
1343806 1343901 1
1344867 1344983 2
1345113 1345236 1
1345986 1346107 2
1346447 1346531 2
1348298 1348541 1
1349225 1349575 2
1351254 1351373 1
1351913 1352035 1
1352923 1353051 1
1354629 1355102 1
1355909 1356110 1
1356857 1356969 1
1357952 1358108 1
1358842 1359160 2
1359585 1359825 1
1360591 1360840 1
1363863 1363990 1
1364043 1364208 1
1368933 1369078 1
1370745 1370818 2
1371484 1371788 2
1372707 1373002 1
1373821 1374122 1
1375448 1375624 2
1377616 1378000 1
1382202 1382347 2
1383066 1383166 1
1383755 1384052 1
1385991 1386096 1
1398235 1398390 2
1398946 1399060 1
1410485 1410652 1
1412080 1412325 2
1412809 1412937 1
1419883 1420034 2
1420490 1420596 2
1421398 1421526 1
1421954 1422132 2
1423324 1423436 1
1433993 1434154 1
1482622 1482893 2
1490631 1490931 2
1492563 1492874 1
1493357 1493699 2
1495119 1495293 1
1495465 1495764 2
1498495 1498891 2
1499415 1499591 1
1499775 1499974 2
1501713 1501974 1
1502163 1502353 1
1503994 1504184 2
1504584 1504697 1
1506710 1506873 2
1507686 1507814 2
1511637 1511773 1
1512643 1512747 2
1516321 1516434 1
1520512 1520961 2
1521199 1521455 2
1522813 1523141 1
1523442 1523915 2
1524279 1524768 1
1525264 1525732 2
1527261 1527510 2
1531217 1531418 1
1531682 1531835 1
1533059 1533360 2
1533956 1534111 1
1534683 1534845 1
1535787 1536021 1
1536182 1536254 2
1536505 1536655 1
1537779 1537941 2
1539132 1539449 1
1541481 1541726 1
1542544 1542700 1
1543551 1543935 1
1544486 1544603 2
1545711 1545883 1
1549378 1549699 1
1551495 1551740 2
1552425 1552725 2
1554533 1554701 1
1555300 1555520 1
1557524 1557793 1
1560706 1560939 2
1561634 1561820 2
1564490 1564773 1
1565252 1565392 2
1567144 1567625 1
1568195 1568321 2
1568764 1568959 2
1570017 1570149 2
1586293 1586671 1
1587430 1587801 1
1588011 1588186 2
1589523 1589662 2
1590046 1590229 1
1591290 1591763 2
1592581 1592926 1
1594913 1595180 2
1599137 1599327 2
1600097 1600595 2
1608254 1608638 1
1609149 1609337 2
1610002 1610325 2
1610499 1610699 2
1611502 1611646 1
1611774 1612141 2
1612336 1612633 1
1612852 1613202 2
1613568 1613985 1
1614479 1614814 2
1615516 1615893 1
1616801 1616918 2
1617110 1617405 1
1618246 1618607 2
1618679 1618894 2
1619392 1619904 2
1620603 1621004 1
1621785 1622180 2
1622965 1623232 2
1623849 1624005 2
1624050 1624418 1
1624818 1625044 2
1626946 1627054 2
1627406 1627707 1
1627747 1627864 2
1628040 1628124 1
1628373 1628590 1
1629800 1629914 2
1630814 1631169 1
1632471 1632750 2
1635416 1636006 1
1636472 1636818 2
1637815 1638087 1
1639184 1639674 2
1640603 1640792 1
1641171 1641432 2
1641861 1642100 2
1642345 1642701 1
1643085 1643397 2
1643675 1643853 1
1644293 1644533 2
1645319 1645541 1
1645846 1646191 2
1647318 1647424 2
1647489 1647622 1
1648746 1649180 2
1649956 1650288 1
1651216 1651566 2
1652431 1653009 1
1653641 1654182 1
1654825 1655379 1
1656098 1656588 1
1657290 1657573 2
1658731 1659104 2
1660729 1660952 1
1661721 1662197 2
1663740 1664045 1
1667820 1667959 2
1678518 1679019 1
1679236 1679418 2
1680026 1680519 2
1682202 1682598 2
1682859 1682976 1
1684813 1685147 2
1686035 1686258 1
1686711 1687050 1
1687714 1688043 1
1688523 1688637 2
1688937 1689171 1
1689828 1690117 1
1690390 1690891 1
1691084 1691225 1
1691567 1691706 2
1692800 1693028 1
1693401 1693902 2
1694518 1694806 1
1695878 1696106 1
1696391 1696536 2
1697119 1697508 1
1697560 1697932 2
1699215 1699467 2
1700951 1701079 1
1701610 1701962 1
1702714 1702964 1
1703688 1703979 2
1704825 1705058 1
1706082 1706473 1
1706943 1707332 1
1707566 1707800 2
1708100 1708209 1
1709248 1709426 1
1710112 1710277 2
1711306 1711434 1
1711772 1711929 1
1712157 1712303 2
1712426 1712638 2
1713145 1713380 1
1714774 1715030 1
1717173 1717451 1
1717668 1717891 1
1718030 1718408 2
1719707 1719874 2
1720629 1720841 1
1721883 1722409 2
1723806 1724156 2
1724746 1725153 2
1725855 1726123 1
1727915 1728171 2
1728485 1728685 1
1728952 1729069 2
1729753 1729875 1
1731703 1731858 1
1732410 1732761 2
1733439 1733679 1
1734586 1734985 2
1737043 1737224 1
1737772 1737889 2
1739951 1740073 1
1741090 1741378 2
1741640 1741918 2
1742629 1742941 1
1743638 1744123 2
1744404 1744666 1
1745556 1745751 2
1748842 1748941 1
1749585 1749713 2
1751189 1751327 2
1751784 1751979 2
1752432 1752627 1
1753792 1753892 1
1754013 1754236 2
1758572 1758655 1
1759147 1759280 2
1760473 1760777 2
1761365 1761641 1
1762846 1763258 2
1763770 1763976 1
1765284 1765646 2
1767256 1767476 1
1767876 1768213 1
1773119 1773221 1
1774405 1774613 2
1787102 1787325 1
1788029 1788444 2
1789147 1789378 2
1789803 1789975 1
1791520 1791717 2
1792191 1792313 2
1794310 1794504 1
1795356 1795501 2
1795548 1795793 2
1796430 1796721 2
1797210 1797477 1
1797872 1798457 2
1799748 1800115 1
1800911 1801084 2
1801355 1801550 1
1801780 1801947 1
1803492 1804064 2
1804436 1804636 2
1804888 1805008 1
1805458 1805748 2
1806492 1806796 2
1807670 1807966 1
1808617 1808980 1
1809777 1810061 2
1811008 1811397 1
1811481 1811636 1
1812644 1812911 2
1813518 1813847 1
1814559 1814798 2
1815736 1815914 1
1816245 1816557 2
1817124 1817325 2
1817734 1817967 1
1818842 1819179 2
1821754 1822286 1
1823412 1823528 1
1824917 1825189 1
1825625 1826153 1
1827991 1828152 2
1829258 1829742 2
1830311 1830486 1
1830545 1830685 2
1833187 1833365 1
1835303 1835481 1
1837155 1837320 2
1838620 1838748 1
1841136 1841319 2
1841938 1842141 2
1843347 1843539 1
1845629 1845802 2
1846545 1846882 2
1848711 1849045 1
1849796 1850041 2
1851416 1851683 1
1852390 1852601 1
1854304 1854705 1
1855852 1855985 1
1857828 1858039 2
1864095 1864273 2
1864974 1865124 1
1865309 1865459 2
1868089 1868211 1
1869546 1869696 1
1872277 1872499 1
1875529 1875692 2
1882406 1882518 1
1883419 1883837 1
1885457 1885607 2
1885692 1885780 2
1886403 1886547 1
1887396 1887485 2
1890829 1890982 1
1891864 1891999 2
1910230 1910425 1
1910565 1910742 2
1916141 1916325 1
1920538 1920700 2
1921579 1921774 1
1926401 1926513 1
1932149 1932271 1
1945039 1945189 1
1956702 1956830 1
1974061 1974235 2
1976481 1976681 1
1978558 1978769 2
1982709 1982999 1
1986655 1986978 2
1988085 1988431 2
2023079 2023328 1
2079841 2079957 1
2095585 2095728 2
2129341 2129536 2
2178096 2178235 1
2194018 2194189 2
2268434 2268688 1
2335245 2335468 2
2351093 2351329 1
2351934 2352068 2
2370814 2371074 2
2373902 2373994 1
2375327 2375415 1
2375896 2376019 2
2377305 2377421 2
2378234 2378465 2
2378948 2379126 1
2379170 2379306 2
2379641 2379752 2
2380228 2380512 1
2381136 2381653 2
2382377 2382455 2
2383228 2383390 1
2384887 2385032 1
2385572 2385894 1
2387512 2387657 2
2391611 2391755 1
2392529 2392824 1
2393968 2394068 1
2394471 2394744 2
2395436 2395530 1
2395846 2396102 2
2397017 2397296 1
2397580 2397747 1
2399336 2399586 2
2400004 2400160 1
2400694 2400833 2
2401390 2401612 1
2402531 2402792 1
2403576 2403887 2
2404685 2404863 2
2405831 2406087 2
2406867 2407195 1
2408019 2408297 1
2409501 2409603 2
2410679 2410802 2
2412234 2412477 1
2413023 2413193 1
2414785 2415074 2
2415816 2416102 1
2417061 2417406 2
2419675 2419808 1
2420737 2420998 2
2421716 2421817 1
2424104 2424427 2
2425538 2425732 2
2428139 2428323 2
2429152 2429447 2
2430354 2430616 2
2432163 2432431 1
2434918 2435291 1
2435698 2436093 2
2842851 2843054 2
2843806 2844162 1
2851765 2852001 1
2853196 2853312 2
2855152 2855448 1
2856360 2856555 1
2858463 2858783 2
2859277 2859688 1
2860623 2860874 1
2862373 2862484 1
2862694 2863173 1
2864080 2864408 2
2864598 2864753 1
2865221 2865560 2
2865816 2865983 1
2867208 2867321 2
2868121 2868282 1
2868696 2868780 2
2869774 2870230 1
2870776 2871221 1
2871290 2871602 1
2872380 2872586 1
2873380 2873798 1
2874212 2874390 2
2875065 2875193 1
2875902 2876136 1
2876770 2877366 1
2878139 2878618 1
2879219 2879625 2
2881336 2881455 1
2882041 2882275 2
2885047 2885392 1
2889120 2889472 1
2890406 2890824 2
3694896 3695063 2
3700950 3701133 1
3713187 3713289 2
3717236 3717469 2
3720622 3720727 2
3723340 3723496 2
4000411 4000565 1
4007284 4007406 1
4009510 4009790 2
4010503 4010698 2
4011421 4011572 1
4012150 4012395 2
4013823 4013980 1
4014257 4014383 2
4014605 4014878 1
4015735 4015974 2
4016156 4016434 1
4018852 4019013 1
4019828 4020121 2
4020755 4021028 2
4022119 4022358 1
4023389 4023696 2
4024058 4024470 2
4025148 4025443 1
4026307 4026552 2
4027173 4027451 2
4028158 4028520 2
4028926 4029265 2
4029883 4030223 1
4030935 4031330 2
4032577 4033017 2
4034252 4034481 2
4035021 4035349 2
4037101 4037655 2
4038260 4038805 1
4038944 4039212 2
4039676 4039980 1
4040381 4040523 2
4040642 4041009 1
4041238 4041616 2
4041978 4042390 1
4042674 4043091 2
4043709 4044037 1
4044153 4044532 2
4044917 4045284 2
4046264 4046586 1
4047089 4047391 2
4048206 4048535 2
4049234 4049498 1
4049700 4050034 2
4050961 4051301 2
4051542 4051692 1
4051768 4051996 1
4052275 4052426 2
4053358 4053484 1
4053828 4054056 2
4054323 4054468 1
4055219 4055633 1
4055815 4056271 2
4056449 4056733 1
4057701 4058108 2
4058175 4058264 1
4058458 4058726 1
4060941 4061453 1
4061861 4062035 2
4062672 4062967 2
4064531 4065026 2
4065649 4066173 1
4066577 4067105 2
4070008 4070164 2
4070881 4071226 2
4071599 4071961 1
4072534 4072813 2
4073745 4073962 2
4074468 4074968 1
4075256 4075429 2
4075796 4076041 1
4077169 4077590 2
4077944 4078212 1
4079180 4079458 1
4080766 4081156 1
4081829 4082097 1
4082436 4082781 1
4082827 4082971 1
4084284 4084835 1
4085837 4085976 2
4086210 4086315 1
4086416 4086677 1
4087023 4087407 1
4087857 4088275 2
4088442 4088592 2
4089073 4089249 1
4089449 4089766 2
4090134 4090679 1
4092296 4092390 1
4092585 4092674 2
4093921 4094168 1
4095051 4095186 2
4095289 4095558 2
4096468 4096709 1
4097750 4098012 1
4098071 4098388 1
4098976 4099396 1
4100565 4101093 2
4102505 4102613 2
4103153 4103516 1
4104507 4104969 2
4107787 4108198 2
4109156 4109538 1
4110776 4111376 2
4111620 4111906 1
4113015 4113293 1
4114816 4115093 1
4115380 4115709 1
4115832 4115983 1
4116950 4117440 1
4119053 4119159 2
4119324 4119418 2
4119509 4119639 1
4120284 4120674 1
4120967 4121079 2
4121147 4121631 1
4122262 4122729 2
4123119 4123385 1
4124448 4124695 2
4124895 4125046 1
4125510 4125822 1
4125896 4126230 2
4126590 4126785 1
4127434 4127806 1
4128733 4129078 2
4129679 4129790 1
4129941 4130347 1
4130809 4131260 2
4132158 4132454 1
4133431 4133859 1
4134054 4134354 1
4134651 4134816 2
4134924 4135069 1
4135180 4135294 1
4136475 4137004 1
4137583 4137777 1
4137933 4138267 2
4138516 4138691 1
4139341 4139636 1
4139761 4139865 2
4139909 4140021 2
4140783 4141167 1
4141974 4142247 2
4142492 4142803 2
4143069 4143192 1
4143474 4143668 2
4143928 4144284 1
4145102 4145620 2
4145733 4145912 2
4146455 4147050 2
4147995 4148334 2
4148698 4149188 1
4149622 4149822 2
4150084 4150267 2
4150596 4150697 1
4150818 4150974 2
4151136 4151286 1
4152160 4152382 2
4153317 4153790 2
4153880 4154069 1
4154314 4154520 1
4155199 4155644 1
4156707 4156969 1
4157470 4157614 2
4158477 4158716 1
4158950 4159334 2
4159996 4160375 1
4162763 4163058 2
4163781 4164059 1
4164529 4164791 2
4165768 4166008 2
4166286 4166464 2
4166887 4167221 1
4167688 4168067 2
4168490 4168668 2
4168925 4169036 2
4169364 4169547 1
4175195 4175318 1
4175842 4176254 2
4176844 4177022 2
4177475 4177664 1
4177737 4177870 1
4178672 4179165 2
4180178 4180557 2
4181341 4181553 1
4181788 4181928 2
4182327 4182560 1
4182802 4183046 2
4183479 4184035 2
4184968 4185351 1
4187492 4187865 1
4188304 4188566 2
4190419 4190837 1
4192384 4192662 2
4193330 4193442 1
4193765 4194009 2
4194488 4194661 2
4195362 4195724 2
4196547 4196854 1
4197363 4197632 2
4198139 4198345 2
4199013 4199152 1
4199560 4199665 1
4200111 4200240 2
4200577 4200744 1
4201902 4202202 2
4204189 4204356 1
4205461 4205873 1
4206514 4206664 1
4206867 4207034 2
4208477 4208909 1
4209513 4209741 1
4211988 4212152 1
4212961 4213286 1
4215588 4215889 2
4222329 4222818 2
4224026 4224160 1
4225123 4225256 2
4226577 4226999 1
4227705 4228234 2
4228523 4228740 1
4230362 4230579 2
4231683 4232033 2
4232603 4232843 1
4233260 4233505 2
4233944 4234128 1
4236321 4236554 1
4237690 4237907 1
4238990 4239156 1
4240885 4241091 2
4242121 4242249 1
4243156 4243423 2
4243857 4244152 1
4244681 4244898 2
4245098 4245226 2
4245360 4245766 1
4246145 4246317 2
4246752 4247047 1
4247369 4247859 1
4247918 4248029 2
4248226 4248733 2
4248978 4249139 1
4249440 4249674 2
4250336 4250636 1
4251702 4251834 1
4252356 4252824 2
4253531 4253787 1
4254861 4255340 2
4255731 4256004 2
4256241 4256414 1
4256982 4257182 1
4259124 4259458 2
4262269 4262533 1
4262954 4263155 2
4263399 4263800 1
4267041 4267149 2
4267395 4267529 2
4269928 4270262 1
4271297 4271609 1
4272112 4272212 1
4272538 4272727 1
4273523 4273779 1
4275014 4275249 2
4275950 4276406 1
4278257 4278502 1
4279641 4280087 2
4280149 4280259 2
4281093 4281594 2
4283242 4283459 1
4285507 4285657 1
4286045 4286299 2
4287401 4287897 1
4288785 4289141 1
4289673 4289979 2
4290791 4290976 2
4291788 4292045 1
4294224 4294363 2
4298198 4298413 2
4299259 4299578 2
4300679 4300896 1
4301603 4301792 1
4302388 4302600 2
4303453 4303789 2
4304730 4304909 1
4305898 4306331 2
4307108 4307470 1
4308371 4308744 1
4309534 4309774 1
4310929 4311034 2
4312119 4312263 1
4312657 4312829 2
4312892 4312997 1
4313570 4314004 1
4314794 4315162 2
4315785 4316119 2
4316839 4317101 1
4317159 4317423 2
4317841 4318097 2
4318195 4318713 1
4318846 4318991 2
4319303 4319426 2
4319481 4319742 1
4320254 4320516 1
4321436 4321547 2
4321646 4321907 2
4322998 4323232 1
4324206 4324345 2
4325175 4325291 1
4326214 4326340 1
4327384 4327518 2
4327653 4327758 1
4328431 4328731 2
4329494 4329811 1
4330178 4330362 2
4331341 4331492 2
4333540 4333935 1
4334598 4335021 2
4335608 4335854 1
4336445 4336657 1
4337066 4337476 2
4337883 4338327 2
4341371 4341850 1
4343909 4344059 1
4345846 4346030 1
4346753 4347051 2
4348034 4348284 1
4349066 4349167 2
4349225 4349426 1
4350038 4350415 2
4354891 4355329 1
4356759 4357033 2
4359074 4359211 2
4360273 4360546 1
4362277 4362544 2
4363256 4363490 1
4364013 4364258 2
4364912 4365018 2
4365065 4365182 1
4366078 4366323 2
4367336 4367419 2
4367547 4367670 2
4368199 4368321 1
4368779 4368975 1
4369863 4369974 2
4370855 4371281 2
4372123 4372534 1
4373364 4373636 2
4374285 4374453 2
4374627 4374833 2
4376047 4376208 1
4378034 4378312 1
4378924 4379130 1
4380805 4381217 2
4381336 4381447 2
4384885 4385069 2
4385409 4385520 1
4386549 4386833 2
4387758 4387836 1
4387985 4388180 1
4388809 4388931 2
4391303 4391458 1
4392970 4393203 1
4394213 4394291 2
4395312 4395618 1
4396329 4396623 1
4397473 4397567 1
4399091 4399247 1
4400031 4400136 1
4400553 4400987 2
4402440 4402694 1
4403781 4403970 2
4404774 4404880 1
4407215 4407455 1
4407627 4407722 2
4408557 4408729 2
4409987 4410137 1
4411057 4411253 2
4412759 4413076 1
4413928 4414367 2
4415097 4415280 2
4416677 4416972 1
4418781 4419065 1
4419828 4420011 2
4420674 4420868 1
4421286 4421458 1
4423686 4423831 2
4424742 4424909 1
4425599 4425744 2
4426352 4426469 2
4426575 4426703 1
4429395 4429557 2
4433745 4433934 2
4434892 4435105 1
4435765 4435954 2
4436681 4436876 2
4439526 4439709 1
4440304 4440515 2
4441476 4441715 1
4442498 4442737 1
4449037 4449276 2
4449889 4450008 1
4453365 4453537 2
4454337 4454459 1
4454870 4455065 2
4455285 4455418 1
4457176 4457525 2
4463759 4464037 2
4469198 4469327 1
4469442 4469531 2
4470493 4470620 1
4473403 4473532 1
4476359 4476609 1
4477382 4477620 1
4479657 4479980 1
4480144 4480264 1
4480675 4480778 1
4482926 4483148 1
4483850 4484100 1
4484896 4485048 1
4487070 4487308 2
4489020 4489443 1
4490309 4490582 1
4491276 4491554 2
4492041 4492314 1
4494770 4495026 2
4498970 4499315 1
4500898 4501098 1
4502770 4502943 1
4505682 4505959 2
4507864 4507975 1
4510504 4510670 2
4512102 4512345 1
4517804 4518037 1
4526698 4526909 2
4531433 4531610 2
4533054 4533354 1
4534697 4534842 1
4535360 4535507 2
4536737 4537137 2
4537387 4537570 1
4537976 4538163 2
4538920 4539176 1
4539615 4539898 2
4541576 4541690 1
4546987 4547448 1
4548127 4548528 2
4550893 4551020 1
4553087 4553204 2
4556307 4556623 1
4557798 4558054 2
4560309 4560448 2
4560876 4561037 2
4561563 4561725 1
4562546 4562750 2
4564482 4564615 2
4564759 4564876 1
4568876 4569043 2
4572615 4572820 2
4575165 4575459 2
4576132 4576448 1
4577962 4578096 2
4578998 4579154 2
4580932 4581114 2
4584396 4584513 1
4588532 4588704 1
4590048 4590309 1
4593096 4593229 1
4594141 4594280 1
4596377 4596700 1
4597130 4597286 2
4597820 4597976 1
4599309 4599415 1
4599766 4600033 1
4600790 4600999 2
4601237 4601470 1
4602987 4603132 2
4603491 4603614 2
4604226 4604370 1
4605098 4605215 1
4605349 4605663 2
4606022 4606245 1
4606893 4607143 2
4607679 4607756 2
4608483 4608601 1
4608655 4608826 2
4611509 4611643 2
4611927 4612296 2
4613576 4613843 2
4616304 4616620 1
4618665 4618954 1
4620150 4620405 1
4622215 4622363 2
4622927 4623056 2
4623351 4623490 1
4624159 4624293 1
4624576 4624769 2
4625648 4625970 1
4627074 4627219 1
4629187 4629415 1
4629726 4629870 1
4630967 4631050 2
4632993 4633082 1
4654401 4654560 2
4654946 4655444 2
4655897 4656277 1
4657287 4657465 1
4658137 4658337 2
4658690 4658893 1
4659932 4660348 1
4661982 4662393 2
4664820 4665009 2
4666143 4666318 1
4666959 4667359 2
4668070 4668337 1
4668340 4668507 2
4668854 4669148 1
4669464 4669981 1
4670326 4670770 2
4671454 4672004 1
4672765 4673182 1
4673429 4673626 1
4673870 4674159 1
4674298 4674432 1
4675132 4675293 2
4676215 4676491 2
4677232 4677559 2
4678115 4678393 1
4678559 4678809 2
4679037 4679370 1
4679873 4680231 1
4680295 4680414 2
4681143 4681609 1
4682082 4682337 1
4682612 4682754 1
4682890 4683007 1
4685087 4685370 2
4686088 4686294 1
4686887 4687282 1
4687787 4688104 1
4688515 4688909 1
4689393 4689559 1
4689980 4690119 1
4690509 4690832 2
4691273 4691356 2
4691837 4691926 1
4693132 4693354 1
4693931 4694070 2
4694387 4694587 2
4695854 4696243 1
4697054 4697459 1
4698420 4698976 2
4700254 4700397 1
4702370 4702520 1
5149856 5149945 1
5152597 5152725 1
5161087 5161270 2
5161698 5161915 1
5164126 5164393 2
5166335 5166468 1
5166596 5166818 2
5167020 5167443 2
5168170 5168275 1
5194215 5194448 1
5195990 5196140 2
5196296 5196468 1
5197001 5197162 2
5197815 5198309 2
5198934 5199162 1
5199337 5199508 1
5199965 5200159 2
5200241 5200347 1
5201360 5201899 1
5202362 5202702 2
5203232 5203459 2
5203970 5204387 2
5205143 5205515 1
5206476 5206751 2
5206808 5206892 1
5207155 5207258 2
5207478 5207601 2
5207687 5207826 2
5207965 5208370 1
5209190 5209642 2
5210448 5210731 1
5210794 5210919 2
5211520 5211982 2
5212873 5213182 1
5214687 5214845 2
5215098 5215532 1
5216856 5217106 1
5218330 5218731 2
5219509 5219659 1
5219904 5220043 2
5220315 5220843 2
5221698 5222037 2
5223107 5223257 1
5224026 5224537 2
5225691 5225832 1
5227048 5227298 1
5228482 5228693 1
5229540 5229657 2
5229826 5230254 1
5230820 5231170 2
5231349 5231449 1
5232048 5232409 1
5233090 5233489 1
5233725 5234151 2
5234821 5235188 2
5235948 5236254 1
5236658 5236836 2
5237287 5237665 1
5238643 5238887 1
5239882 5239983 2
5240565 5240987 2
5241047 5241151 1
5241509 5241943 1
5242720 5243043 2
5243553 5243714 1
5244059 5244309 2
5244435 5244559 2
5244657 5244813 1
5245908 5246064 1
5246254 5246570 2
5248243 5248543 1
5249315 5249543 2
5250359 5250582 2
5251932 5252298 2
5252314 5252420 1
5253479 5253663 1
5254470 5254770 2
5255019 5255254 1
5255795 5256292 1
5256793 5257193 2
5257648 5258076 1
5258612 5258901 2
5259170 5259548 1
5261533 5261857 2
5263254 5263493 2
5264540 5264617 2
5265259 5265434 1
5265598 5266004 2
5266321 5266485 2
5267238 5267715 2
5268037 5268215 1
5268415 5268615 1
5269308 5269436 1
5269720 5269837 2
5270020 5270476 1
5270670 5270959 2
5271552 5271948 1
5272610 5272725 2
5272788 5273171 1
5273620 5274209 2
5274698 5275193 1
5275893 5276393 2
5278602 5278726 2
5279140 5279256 1
5280909 5281165 1
5281425 5281586 2
5281970 5282470 2
5284120 5284443 2
5285370 5285793 1
5286504 5286782 1
5287370 5287893 2
5288439 5288551 2
5289170 5289254 1
5290308 5290430 1
5290982 5291287 2
5291820 5292409 1
5293004 5293598 1
5293976 5294387 2
5295320 5295637 1
5296959 5297153 2
5297910 5298215 1
5298949 5299343 2
5299985 5300205 2
5301132 5301554 1
5302713 5302819 1
5303437 5303595 2
5304493 5304726 2
5305755 5305861 1
5306270 5306423 2
5307415 5307865 2
5308630 5308870 1
5309393 5309632 2
5309937 5310198 2
5311048 5311254 2
5311426 5311593 1
5312432 5312726 1
5313682 5314032 1
5314315 5314782 1
5315482 5315970 2
5316575 5316822 2
5317644 5317947 1
5318699 5318959 1
5319267 5319520 1
5320398 5320686 1
5321370 5321483 1
5322228 5322611 1
5323551 5323886 1
5324409 5324839 2
5327065 5327198 1
5327637 5328043 2
5328741 5328863 1
5330314 5330426 2
5331360 5331512 1
5333045 5333221 2
5334676 5334982 2
5335618 5335969 1
5337782 5338215 2
5338898 5339226 1
5339632 5340104 2
5340620 5341159 1
5342270 5342448 2
5342615 5342976 2
5344342 5344811 1
5345376 5345732 1
5346474 5346629 2
5347094 5347545 1
5348286 5348805 2
5349285 5349468 2
5350538 5350809 1
5351476 5351743 2
5353197 5353286 2
5354712 5355049 1
5355103 5355309 2
5356380 5356703 1
5357232 5357809 2
5358204 5358432 1
5359099 5359368 1
5360137 5360548 1
5361038 5361439 2
5362226 5362675 1
5363249 5363510 2
5364679 5364851 2
5366150 5366278 2
5366787 5366965 1
5368343 5368648 2
5368970 5369259 1
5369709 5369993 1
5371376 5371493 1
5372609 5372793 2
5374302 5374523 2
5375420 5375770 1
5376765 5377259 1
5377718 5377846 2
5378262 5378435 2
5379432 5379576 1
5380982 5381109 2
5382104 5382219 2
5382770 5383304 2
5384200 5384339 2
5384909 5385259 1
5386087 5386409 1
5387043 5387337 1
5387920 5388295 1
5389161 5389330 2
5390143 5390504 2
5390975 5391292 1
5392351 5392631 1
5393412 5393709 2
5395770 5396159 2
5396929 5397440 1
5398413 5398552 1
5398760 5398958 2
5399682 5399965 2
5400737 5400865 2
5401715 5402015 2
5402915 5403226 1
5403764 5403869 1
5405370 5405587 2
5406320 5406593 2
5408449 5408603 1
5409548 5410015 2
5410709 5410998 1
5412476 5412787 2
5417442 5417585 1
5418185 5418296 1
5419215 5419387 2
5420326 5420798 2
5421398 5421676 1
5422656 5422952 2
5423404 5423837 2
5424548 5424982 1
5425770 5426115 2
5426586 5426724 1
5429081 5429203 2
5429534 5429849 2
5430426 5430620 1
5430678 5430834 2
5431902 5432228 1
5433241 5433393 2
5434139 5434476 1
5436251 5436451 2
5437363 5437480 1
5437593 5437796 2
5438598 5438926 2
5442692 5443063 1
5443869 5444093 1
5445362 5445479 2
5446435 5446641 1
5447525 5447641 2
5448487 5448770 2
5448946 5449154 2
5449626 5449904 1
5450845 5450945 2
5451607 5451987 1
5452396 5452579 2
5453319 5453424 1
5454137 5454565 1
5455115 5455487 2
5456465 5456798 1
5458636 5458780 2
5459456 5459620 1
5460507 5460780 2
5461493 5461915 2
5462565 5462692 1
5463698 5463926 1
5464783 5464890 1
5465534 5465628 2
5465726 5465948 1
5466620 5467082 1
5467909 5468115 1
5468526 5468965 1
5469687 5469926 1
5471246 5471510 2
5473474 5473672 1
5474263 5474653 1
5475825 5476365 2
5478068 5478367 1
5479098 5479343 2
5481063 5481468 2
5484576 5485043 2
5485675 5486243 1
5486832 5487154 1
5488124 5488291 2
5488987 5489354 2
5489914 5490097 2
5490453 5490834 1
5491459 5491843 1
5492367 5492569 2
5493509 5493904 2
5494643 5494920 1
5496043 5496193 2
5497237 5497743 1
5498888 5498999 2
5500028 5500472 2
5503165 5503515 2
5504301 5504770 1
5507970 5508248 2
5508952 5509209 2
5510893 5511304 1
5512565 5512843 2
5514423 5514803 2
5515242 5515388 1
5515782 5515993 2
5516376 5516820 1
5518391 5518678 2
5519013 5519340 2
5520323 5520623 2
5520974 5521202 1
5523111 5523379 1
5524150 5524334 1
5524386 5524570 1
5525315 5525548 2
5526011 5526167 2
5528484 5528610 2
5529118 5529201 1
5530300 5530475 2
5531798 5531954 2
5532913 5533052 1
5533580 5533669 2
5534559 5535026 2
5535715 5536048 1
5537916 5538148 2
5539302 5539464 2
5539904 5540032 1
5540645 5540868 1
5540893 5541254 2
5542169 5542308 1
5543191 5543301 2
5544826 5545037 1
5545420 5545587 1
5546154 5546482 1
5548682 5548954 1
5549683 5550079 2
5550766 5551020 1
5553837 5554159 1
5556625 5556778 2
5557754 5558237 1
5558834 5559025 2
5560937 5561115 2
5561776 5561970 1
5562135 5562246 2
5563532 5563739 2
5565335 5565591 1
5569111 5569301 1
5569492 5569746 1
5570923 5571140 1
5572097 5572269 2
5573887 5574182 1
5574604 5574804 2
5575397 5575820 2
5575910 5576011 2
5576287 5576591 2
5577867 5578081 2
5579015 5579265 2
5579810 5579929 1
5580950 5581240 2
5581444 5581605 2
5583195 5583484 1
5584548 5584715 2
5585843 5586248 2
5587354 5587506 1
5588092 5588214 1
5591543 5591737 1
5592616 5592948 2
5593809 5594115 1
5594917 5595067 1
5595388 5595513 1
5595826 5596193 2
5597423 5597585 1
5599126 5599415 1
5600107 5600212 2
5601929 5602231 2
5604112 5604346 1
5605588 5605759 2
5606323 5606487 2
5606559 5607004 1
5607581 5607844 2
5608365 5608670 2
5609759 5609959 1
5615673 5616000 1
5617032 5617459 1
5617927 5618063 1
5618181 5618509 1
5619709 5619976 1
5623354 5623748 2
5624154 5624359 2
5625032 5625354 1
5625876 5626226 1
5627076 5627220 2
5628009 5628365 1
5629137 5629320 2
5630115 5630448 2
5632073 5632295 1
5634315 5634526 2
5637693 5637970 2
5639787 5639954 1
5641332 5641587 1
5641959 5642265 2
5643265 5643609 1
5644931 5645097 2
5645615 5645976 2
5647375 5647854 1
5648688 5648813 2
5649554 5649987 1
5650545 5650735 2
5651604 5651776 1
5652807 5652946 2
5654019 5654181 1
5654510 5654741 2
5656591 5656764 2
5660332 5660493 1
5666070 5666476 1
5666640 5666795 1
5667332 5667604 1
5668076 5668237 1
5669220 5669382 1
5670348 5670470 1
5672070 5672304 1
5673407 5673682 1
5674311 5674427 1
5675861 5676136 1
5676682 5677182 1
5678890 5679018 2
5681793 5681976 1
5683109 5683387 2
5683948 5684198 1
5684514 5684659 1
5686437 5686798 2
5687487 5687687 1
5687826 5687935 2
5688607 5688919 2
5690202 5690436 1
5695537 5695659 1
5696520 5696704 2
5698727 5698876 2
5699420 5699587 1
5700296 5700496 2
5700982 5701104 2
5701726 5701954 1
5702954 5703526 2
5705382 5705754 2
5706187 5706759 1
5707080 5707313 2
5707397 5707614 2
5716787 5717059 2
5719332 5719743 1
5721533 5721655 1
5729132 5729248 1
5730348 5730604 1
5732659 5732965 1
5733587 5733993 2
5734220 5734393 1
5734682 5735254 1
5735673 5735818 2
5735940 5736129 2
5736770 5737070 1
5737660 5737921 1
5738663 5738989 2
5740450 5740639 2
5741161 5741523 2
5742159 5742304 1
5743141 5743380 2
5745104 5745226 1
5745954 5746148 2
5746920 5747304 1
5749482 5749787 2
5750443 5750848 2
5751627 5751844 2
5754246 5754791 2
5756020 5756453 1
5758133 5758405 1
5759067 5759406 2
5762592 5762798 2
5764194 5764422 2
5765840 5766157 1
5768259 5768548 2
5769196 5769346 1
5769404 5769571 2
5771086 5771214 1
5771567 5771707 1
5772796 5773336 2
5774192 5774487 1
5774753 5774930 1
5775530 5775743 2
5777773 5778173 2
5779144 5779361 1
5779652 5779924 2
5780228 5780351 2
5780814 5781011 1
5781490 5781724 2
5782625 5782955 1
5783478 5783968 2
5784675 5784883 2
5796399 5796682 1
5798311 5798590 2
5799011 5799289 2
5800169 5800625 2
5801617 5801810 1
5802656 5802849 1
5805613 5805791 2
5806773 5807037 2
6233779 6233918 1
6246607 6246768 2
6246833 6247003 2
6252607 6252813 1
6261354 6261560 2
6266574 6266915 1
6269110 6269378 2
6269762 6269880 2
6271611 6272011 1
6273396 6273563 1
6274220 6274369 1
6276232 6276482 1
6277500 6278023 1
6279329 6279702 1
6279808 6279918 1
6279972 6280084 2
6280803 6280964 2
6282435 6282830 1
6283883 6284200 1
6285251 6285446 2
6285486 6285688 1
6286786 6287086 2
6290641 6291036 1
6293673 6294118 1
6294702 6295047 2
6295912 6296066 2
6296226 6296508 2
6298825 6298931 1
6300926 6301033 2
6302601 6302823 2
6303635 6303841 1
6304080 6304386 1
6305236 6305476 2
6309905 6310477 1
6311719 6311870 2
6312043 6312231 2
6312390 6312546 1
6312941 6313058 2
6313753 6313986 2
6314392 6314631 2
6317188 6317350 2
6318844 6318994 2
6319380 6319580 1
6319997 6320209 2
6322719 6323143 2
6323718 6323900 1
6324513 6324702 1
6324838 6325019 2
6325319 6325558 1
6326745 6327029 2
6328350 6328539 1
6331616 6332039 2
6332180 6332483 2
6333029 6333446 2
6335134 6335250 1
6336362 6336539 1
6338401 6338562 2
6339101 6339470 1
6339870 6340047 2
6342479 6342830 1
6344965 6345185 2
6345320 6345404 1
6346658 6346778 1
6346861 6347134 1
6347543 6347791 2
6348273 6348447 1
6348830 6349158 2
6350464 6350704 1
6351532 6351838 1
6352650 6352789 2
6353198 6353508 1
6355274 6355597 1
6356147 6356325 2
6356823 6357050 1
6358554 6358775 2
6358842 6359233 2
6359835 6360226 2
6360513 6360835 2
6362003 6362131 1
6362706 6363001 1
6364171 6364277 1
6364913 6365197 2
6367199 6367500 1
6367586 6367703 1
6367814 6368016 1
6368478 6368790 2
6370013 6370458 1
6370858 6371453 1
6372612 6373028 1
6373570 6373697 1
6374309 6374520 2
6375779 6375966 1
6376154 6376277 2
6377353 6377826 2
6378446 6378579 1
6378898 6378966 2
6380074 6380234 1
6380381 6380520 1
6381974 6382224 2
6382654 6382821 2
6382891 6383328 1
6383517 6383698 1
6387138 6387399 1
6389312 6389478 1
6390783 6391169 2
6392348 6392476 2
6395014 6395437 2
6396276 6396543 1
6397278 6397705 2
6398935 6399044 1
6399883 6400292 2
6400942 6401182 1
6401379 6401593 2
6403911 6404334 2
6405168 6405696 1
6406280 6406580 2
6407845 6408034 1
6409263 6409419 2
6410370 6410581 1
6411561 6411767 1
6412383 6412783 1
6416656 6417073 1
6418247 6418502 2
6418824 6418939 1
6419381 6419693 1
6420198 6420371 2
6420921 6421277 1
6422562 6422734 1
6423863 6424369 1
6425036 6425442 1
6425514 6425620 2
6426215 6426388 1
6426838 6427160 2
6427566 6427844 1
6428431 6428553 1
6429090 6429451 2
6429869 6430069 2
6430680 6430958 1
6431609 6431780 1
6432971 6433361 1
6434289 6434868 2
6435559 6436089 1
6436641 6437075 2
6437439 6437749 1
6439231 6439430 2
6440773 6440895 1
6441713 6441996 2
6442820 6443212 2
6443523 6443662 1
6443795 6444207 2
6444863 6445113 2
6445253 6445439 2
6447332 6447521 1
6448539 6448856 1
6449489 6449578 2
6449813 6449915 2
6450601 6450785 1
6451829 6452091 2
6453460 6453721 2
6454177 6454578 1
6454803 6455025 2
6456935 6457063 1
6457514 6457718 2
6458002 6458125 1
6458509 6458943 1
6459204 6459643 1
6459863 6460013 1
6461326 6461470 2
6462590 6463024 2
6463380 6463780 2
6464250 6464367 1
6464586 6464717 2
6465743 6466194 2
6466744 6466933 2
6468424 6468635 1
6472052 6472241 2
6472830 6473124 1
6473659 6473967 2
6474101 6474246 1
6474781 6475327 2
6475692 6476003 1
6476270 6476448 2
6478500 6478721 1
6480755 6481205 1
6481432 6481671 1
6481839 6482100 1
6482351 6482614 2
6482684 6482812 1
6483440 6483746 1
6483763 6484063 1
6484408 6484692 2
6486079 6486307 1
6486626 6486730 2
6487002 6487141 1
6487452 6487519 1
6487736 6487958 1
6488612 6488951 1
6490108 6490525 1
6490786 6490953 1
6491068 6491518 1
6492438 6492671 1
6492736 6492867 1
6493461 6493561 2
6493703 6493842 1
6494515 6494799 1
6495418 6495674 2
6496686 6497034 1
6497690 6498090 2
6498824 6499052 2
6499972 6500239 1
6501034 6501251 1
6503645 6503845 2
6506656 6506890 1
6507791 6507924 2
6507983 6508142 1
6508259 6508395 2
6510012 6510502 2
6511558 6511925 1
6512020 6512142 2
6513527 6513917 1
6514069 6514341 2
6514445 6514560 1
6515314 6515742 1
6516610 6516916 1
6517549 6517650 1
6517960 6518068 1
6518522 6518773 1
6520165 6520323 1
6521014 6521159 1
6521297 6521714 1
6522677 6523110 2
6523226 6523457 1
6523867 6524167 1
6524484 6524690 1
6525474 6525802 1
6526097 6526363 2
6526986 6527253 2
6528115 6528532 1
6529144 6529311 1
6530339 6530451 2
6531023 6531151 1
6532148 6532310 2
6532838 6532975 1
6533378 6533624 1
6533886 6534158 2
6534503 6534832 2
6535477 6535622 2
6536492 6536904 1
6538971 6539564 2
6540297 6540579 1
6541032 6541255 2
6542612 6542717 1
6544358 6544515 1
6544591 6544793 1
6545190 6545381 1
6545870 6546179 1
6546450 6546595 1
6547697 6547858 1
6548064 6548264 1
6550313 6550736 1
6551773 6551918 2
6552340 6552474 2
6552724 6552835 1
6553080 6553236 1
6554584 6554893 1
6573896 6574141 1
6585646 6585791 1
6590762 6590973 2
