551339 551540 -50 -50 2 1
557890 558029 -50 -50 2 1
574780 574978 -50 -50 2 1
575601 575818 -50 -50 1 1
576772 577359 -50 -50 2 1
577753 577903 -50 -50 2 1
578912 579098 -50 -50 2 1
584829 584957 -50 -50 1 1
587426 587548 -50 -50 2 1
588657 588768 -50 -50 1 1
589495 589957 -50 -50 2 1
590347 590598 -50 -50 2 1
591357 591507 -50 -50 2 1
592674 593013 -50 -50 1 1
593547 593748 -50 -50 1 1
594584 594699 -50 -50 2 1
596795 596962 -50 -50 2 1
597811 598212 -50 -50 2 1
599152 599494 -50 -50 1 1
599856 600213 -50 -50 1 1
601395 601590 -50 -50 2 1
602520 602648 -50 -50 2 1
603354 603772 -50 -50 2 1
604590 605102 -50 -50 1 1
605492 605859 -50 -50 2 1
607166 607297 -50 -50 1 1
609249 609566 -50 -50 2 1
610189 610406 -50 -50 1 1
612919 613169 -50 -50 1 1
613861 614056 -50 -50 2 1
614815 615204 -50 -50 2 1
616130 616324 -50 -50 2 1
617074 617403 -50 -50 1 1
618104 618310 -50 -50 2 1
618586 618721 -50 -50 2 1
619790 620280 -50 -50 2 1
621157 621624 -50 -50 1 1
621890 622009 -50 -50 1 1
622156 622429 -50 -50 2 1
622911 623055 -50 -50 2 1
623834 623957 -50 -50 2 1
624555 624789 -50 -50 1 1
624952 625069 -50 -50 2 1
625145 625306 -50 -50 2 1
625963 626303 -50 -50 1 1
627107 627374 -50 -50 2 1
627503 627615 -50 -50 2 1
628747 628869 -50 -50 2 1
629295 629499 -50 -50 1 1
629640 629806 -50 -50 1 1
630279 630446 -50 -50 2 1
630535 630641 -50 -50 2 1
632313 632407 -50 -50 2 1
633891 634117 -50 -50 1 1
635612 635915 -50 -50 2 1
637021 637309 -50 -50 1 1
637701 637892 -50 -50 2 1
638417 638556 -50 -50 1 1
638638 638764 -50 -50 1 1
640217 640585 -50 -50 2 1
641408 641664 -50 -50 2 1
642132 642410 -50 -50 1 1
642577 642800 -50 -50 2 1
643552 643947 -50 -50 2 1
644538 644820 -50 -50 1 1
646546 646880 -50 -50 2 1
647467 647756 -50 -50 2 1
648226 648722 -50 -50 1 1
650564 650876 -50 -50 2 1
652564 652691 -50 -50 2 1
655389 655500 -50 -50 1 1
656886 656996 -50 -50 2 1
657249 657450 -50 -50 2 1
658013 658218 -50 -50 2 1
658591 658853 -50 -50 2 1
662176 662395 -50 -50 2 1
662978 663155 -50 -50 2 1
664169 664258 -50 -50 2 1
665011 665158 -50 -50 1 1
666627 666850 -50 -50 2 1
667179 667477 -50 -50 1 1
668109 668254 -50 -50 2 1
668414 668636 -50 -50 2 1
669199 669432 -50 -50 2 1
670341 670536 -50 -50 1 1
672091 672466 -50 -50 2 1
675298 675533 -50 -50 1 1
676256 676569 -50 -50 2 1
684639 684914 -50 -50 2 1
685173 685384 -50 -50 2 1
687978 688323 -50 -50 2 1
688755 688998 -50 -50 1 1
691329 691590 -50 -50 2 1
698042 698259 -50 -50 1 1
700831 700953 -50 -50 2 1
703017 703217 -50 -50 2 1
706807 706969 -50 -50 2 1
709267 709507 -50 -50 2 1
713615 713770 -50 -50 1 1
714427 714527 -50 -50 2 1
726557 726780 -50 -50 1 1
730056 730445 -50 -50 2 1
730991 731297 -50 -50 2 1
734665 734841 -50 -50 2 1
741221 741327 -50 -50 2 1
758926 759126 -50 -50 2 1
771663 771874 -50 -50 2 1
773667 773925 -50 -50 2 1
777046 777157 -50 -50 2 1
777229 777329 -50 -50 2 1
777846 777935 -50 -50 2 1
779934 780018 -50 -50 1 1
782386 782617 -50 -50 2 1
785222 785355 -50 -50 2 1
787778 788000 -50 -50 2 1
816174 816323 -50 -50 2 1
826386 826541 -50 -50 2 1
845962 846164 -50 -50 2 1
846770 846854 -50 -50 1 1
860907 860996 -50 -50 2 1
874790 874952 -50 -50 2 1
875141 875402 -50 -50 1 1
875895 876012 -50 -50 2 1
876096 876185 -50 -50 2 1
879888 879962 -50 -50 2 1
882554 882647 -50 -50 2 1
888621 888699 -50 -50 2 1
889479 889596 -50 -50 1 1
898313 898386 -50 -50 2 1
899993 900163 -50 -50 2 1
907956 908352 -50 -50 2 1
922259 922411 -50 -50 1 1
952488 952625 -50 -50 2 1
981485 981623 -50 -50 2 1
990315 990420 -50 -50 1 1
1001970 1002048 -50 -50 2 1
1005370 1005605 -50 -50 2 1
1017789 1017897 -50 -50 1 1
1023025 1023093 -50 -50 1 1
1028093 1028229 -50 -50 2 1
1047108 1047290 -50 -50 1 1
1050022 1050127 -50 -50 1 1
1050807 1050935 -50 -50 1 1
1052088 1052241 -50 -50 2 1
1069755 1069890 -50 -50 1 1
1074356 1074652 -50 -50 2 1
1101427 1101594 -50 -50 2 1
1103306 1103417 -50 -50 1 1
1105379 1105503 -50 -50 2 1
1108329 1108435 -50 -50 2 1
1109687 1109957 -50 -50 1 1
1119972 1120085 -50 -50 2 1
1121395 1121654 -50 -50 1 1
1124415 1124577 -50 -50 2 1
1132286 1132626 -50 -50 1 1
1142243 1142379 -50 -50 2 1
1179822 1179896 -50 -50 1 1
1183877 1184165 -50 -50 2 1
1184672 1184890 -50 -50 1 1
1185372 1185488 -50 -50 1 1
1199345 1199467 -50 -50 2 1
1205721 1205857 -50 -50 2 1
1234850 1234954 -50 -50 2 1
1235770 1235948 -50 -50 2 1
1237520 1237620 -50 -50 1 1
1238403 1238603 -50 -50 2 1
1239022 1239294 -50 -50 1 1
1240629 1240807 -50 -50 1 1
1241794 1242076 -50 -50 2 1
1243536 1243703 -50 -50 1 1
1244433 1244549 -50 -50 1 1
1244716 1244930 -50 -50 2 1
1245186 1245395 -50 -50 1 1
1246394 1246566 -50 -50 2 1
1246643 1246767 -50 -50 1 1
1247056 1247195 -50 -50 2 1
1247291 1247453 -50 -50 2 1
1247726 1247982 -50 -50 2 1
1248299 1248583 -50 -50 2 1
1250642 1250920 -50 -50 2 1
1251001 1251157 -50 -50 1 1
1251555 1251844 -50 -50 2 1
1253690 1253974 -50 -50 2 1
1254507 1254668 -50 -50 1 1
1255470 1255755 -50 -50 1 1
1257043 1257627 -50 -50 1 1
1258317 1258818 -50 -50 2 1
1259022 1259173 -50 -50 1 1
1259553 1259887 -50 -50 2 1
1261072 1261351 -50 -50 2 1
1262540 1262734 -50 -50 1 1
1262831 1263104 -50 -50 1 1
1263516 1264039 -50 -50 2 1
1265028 1265261 -50 -50 1 1
1265994 1266161 -50 -50 2 1
1266949 1267183 -50 -50 1 1
1267277 1267395 -50 -50 2 1
1267952 1268186 -50 -50 1 1
1273842 1273960 -50 -50 2 1
1277439 1277623 -50 -50 2 1
1277854 1278149 -50 -50 1 1
1278780 1278924 -50 -50 1 1
1279162 1279390 -50 -50 2 1
1280013 1280325 -50 -50 2 1
1280417 1280662 -50 -50 1 1
1280843 1281195 -50 -50 1 1
1281388 1281661 -50 -50 1 1
1282602 1282933 -50 -50 2 1
1283714 1284050 -50 -50 2 1
1284696 1284836 -50 -50 1 1
1285809 1286001 -50 -50 2 1
1290572 1290783 -50 -50 1 1
1292286 1292497 -50 -50 2 1
1293027 1293368 -50 -50 1 1
1293577 1293727 -50 -50 2 1
1294537 1295117 -50 -50 1 1
1295459 1295748 -50 -50 2 1
1297965 1298054 -50 -50 2 1
1299808 1300016 -50 -50 1 1
1300578 1300770 -50 -50 2 1
1301868 1301962 -50 -50 1 1
1302928 1303095 -50 -50 1 1
1303651 1303735 -50 -50 1 1
1303812 1303937 -50 -50 2 1
1304107 1304373 -50 -50 1 1
1304632 1304904 -50 -50 1 1
1311305 1311664 -50 -50 1 1
1312106 1312362 -50 -50 2 1
1312913 1313130 -50 -50 2 1
1314000 1314409 -50 -50 2 1
1315178 1315473 -50 -50 1 1
1315536 1315647 -50 -50 1 1
1316141 1316369 -50 -50 2 1
1317377 1317694 -50 -50 1 1
1318274 1318386 -50 -50 1 1
1320944 1321367 -50 -50 1 1
1321976 1322068 -50 -50 2 1
1322311 1322419 -50 -50 1 1
1323211 1323382 -50 -50 2 1
1324046 1324286 -50 -50 2 1
1324540 1324796 -50 -50 1 1
1325102 1325241 -50 -50 2 1
1325402 1325489 -50 -50 2 1
1327686 1327790 -50 -50 2 1
1328871 1329079 -50 -50 2 1
1329200 1329451 -50 -50 2 1
1332988 1333248 -50 -50 1 1
1334074 1334308 -50 -50 2 1
1335516 1335688 -50 -50 1 1
1336150 1336384 -50 -50 1 1
1337130 1337261 -50 -50 1 1
1337522 1337642 -50 -50 2 1
1338407 1338576 -50 -50 1 1
1338823 1338962 -50 -50 2 1
1343047 1343213 -50 -50 2 1
1343806 1343901 -50 -50 1 1
1344867 1344983 -50 -50 2 1
1345113 1345236 -50 -50 1 1
1345986 1346107 -50 -50 2 1
1346447 1346531 -50 -50 2 1
1348298 1348541 -50 -50 1 1
1349225 1349575 -50 -50 2 1
1351254 1351373 -50 -50 1 1
1351913 1352035 -50 -50 1 1
1352923 1353051 -50 -50 1 1
1354629 1355102 -50 -50 1 1
1355909 1356110 -50 -50 1 1
1356857 1356969 -50 -50 1 1
1357952 1358108 -50 -50 1 1
1358842 1359160 -50 -50 2 1
1359585 1359825 -50 -50 1 1
1360591 1360840 -50 -50 1 1
1363863 1364208 -50 -50 1 1
1368933 1369078 -50 -50 1 1
1370745 1370818 -50 -50 2 1
1371484 1371788 -50 -50 2 1
1372707 1373002 -50 -50 1 1
1373821 1374122 -50 -50 1 1
1375448 1375624 -50 -50 2 1
1377616 1378000 -50 -50 1 1
1382202 1382347 -50 -50 2 1
1383066 1383166 -50 -50 1 1
1383755 1384052 -50 -50 1 1
1385991 1386096 -50 -50 1 1
1398235 1398390 -50 -50 2 1
1398946 1399060 -50 -50 1 1
1410485 1410652 -50 -50 1 1
1412080 1412325 -50 -50 2 1
1412809 1412937 -50 -50 1 1
1419883 1420034 -50 -50 2 1
1420490 1420596 -50 -50 2 1
1421398 1421526 -50 -50 1 1
1421954 1422132 -50 -50 2 1
1423324 1423436 -50 -50 1 1
1433993 1434154 -50 -50 1 1
1482622 1482893 -50 -50 2 1
1490631 1490931 -50 -50 2 1
1492563 1492874 -50 -50 1 1
1493357 1493699 -50 -50 2 1
1495119 1495293 -50 -50 1 1
1495465 1495764 -50 -50 2 1
1498495 1498891 -50 -50 2 1
1499415 1499591 -50 -50 1 1
1499775 1499974 -50 -50 2 1
1501713 1501974 -50 -50 1 1
1502163 1502353 -50 -50 1 1
1503994 1504184 -50 -50 2 1
1504584 1504697 -50 -50 1 1
1506710 1506873 -50 -50 2 1
1507686 1507814 -50 -50 2 1
1511637 1511773 -50 -50 1 1
1512643 1512747 -50 -50 2 1
1516321 1516434 -50 -50 1 1
1520512 1520961 -50 -50 2 1
1521199 1521455 -50 -50 2 1
1522813 1523141 -50 -50 1 1
1523442 1523915 -50 -50 2 1
1524279 1524768 -50 -50 1 1
1525264 1525732 -50 -50 2 1
1527261 1527510 -50 -50 2 1
1531217 1531418 -50 -50 1 1
1531682 1531835 -50 -50 1 1
1533059 1533360 -50 -50 2 1
1533956 1534111 -50 -50 1 1
1534683 1534845 -50 -50 1 1
1535787 1536021 -50 -50 1 1
1536182 1536254 -50 -50 2 1
1536505 1536655 -50 -50 1 1
1537779 1537941 -50 -50 2 1
1539132 1539449 -50 -50 1 1
1541481 1541726 -50 -50 1 1
1542544 1542700 -50 -50 1 1
1543551 1543935 -50 -50 1 1
1544486 1544603 -50 -50 2 1
1545711 1545883 -50 -50 1 1
1549378 1549699 -50 -50 1 1
1551495 1551740 -50 -50 2 1
1552425 1552725 -50 -50 2 1
1554533 1554701 -50 -50 1 1
1555300 1555520 -50 -50 1 1
1557524 1557793 -50 -50 1 1
1560706 1560939 -50 -50 2 1
1561634 1561820 -50 -50 2 1
1564490 1564773 -50 -50 1 1
1565252 1565392 -50 -50 2 1
1567144 1567625 -50 -50 1 1
1568195 1568321 -50 -50 2 1
1568764 1568959 -50 -50 2 1
1570017 1570149 -50 -50 2 1
1586293 1586671 -50 -50 1 1
1587430 1587801 -50 -50 1 1
1588011 1588186 -50 -50 2 1
1589523 1589662 -50 -50 2 1
1590046 1590229 -50 -50 1 1
1591290 1591763 -50 -50 2 1
1592581 1592926 -50 -50 1 1
1594913 1595180 -50 -50 2 1
1599137 1599327 -50 -50 2 1
1600097 1600595 -50 -50 2 1
1608254 1608638 -50 -50 1 1
1609149 1609337 -50 -50 2 1
1610002 1610325 -50 -50 2 1
1610499 1610699 -50 -50 2 1
1611502 1611646 -50 -50 1 1
1611774 1612141 -50 -50 2 1
1612336 1612633 -50 -50 1 1
1612852 1613202 -50 -50 2 1
1613568 1613985 -50 -50 1 1
1614479 1614814 -50 -50 2 1
1615516 1615893 -50 -50 1 1
1616801 1616918 -50 -50 2 1
1617110 1617405 -50 -50 1 1
1618246 1618607 -50 -50 2 1
1618679 1618894 -50 -50 2 1
1619392 1619904 -50 -50 2 1
1620603 1621004 -50 -50 1 1
1621785 1622180 -50 -50 2 1
1622965 1623232 -50 -50 2 1
1623849 1624418 -50 -50 2 1
1624818 1625044 -50 -50 2 1
1626946 1627054 -50 -50 2 1
1627406 1627864 -50 -50 2 1
1628040 1628124 -50 -50 1 1
1628373 1628590 -50 -50 1 1
1629800 1629914 -50 -50 2 1
1630814 1631169 -50 -50 1 1
1632471 1632750 -50 -50 2 1
1635416 1636006 -50 -50 1 1
1636472 1636818 -50 -50 2 1
1637815 1638087 -50 -50 1 1
1639184 1639674 -50 -50 2 1
1640603 1640792 -50 -50 1 1
1641171 1641432 -50 -50 2 1
1641861 1642100 -50 -50 2 1
1642345 1642701 -50 -50 1 1
1643085 1643397 -50 -50 2 1
1643675 1643853 -50 -50 1 1
1644293 1644533 -50 -50 2 1
1645319 1645541 -50 -50 1 1
1645846 1646191 -50 -50 2 1
1647318 1647424 -50 -50 2 1
1647489 1647622 -50 -50 1 1
1648746 1649180 -50 -50 2 1
1649956 1650288 -50 -50 1 1
1651216 1651566 -50 -50 2 1
1652431 1653009 -50 -50 1 1
1653641 1654182 -50 -50 1 1
1654825 1655379 -50 -50 1 1
1656098 1656588 -50 -50 1 1
1657290 1657573 -50 -50 2 1
1658731 1659104 -50 -50 2 1
1660729 1660952 -50 -50 1 1
1661721 1662197 -50 -50 2 1
1663740 1664045 -50 -50 1 1
1667820 1667959 -50 -50 2 1
1678518 1679019 -50 -50 1 1
1679236 1679418 -50 -50 2 1
1680026 1680519 -50 -50 2 1
1682202 1682598 -50 -50 2 1
1682859 1682976 -50 -50 1 1
1684813 1685147 -50 -50 2 1
1686035 1686258 -50 -50 1 1
1686711 1687050 -50 -50 1 1
1687714 1688043 -50 -50 1 1
1688523 1688637 -50 -50 2 1
1688937 1689171 -50 -50 1 1
1689828 1690117 -50 -50 1 1
1690390 1690891 -50 -50 1 1
1691084 1691225 -50 -50 1 1
1691567 1691706 -50 -50 2 1
1692800 1693028 -50 -50 1 1
1693401 1693902 -50 -50 2 1
1694518 1694806 -50 -50 1 1
1695878 1696106 -50 -50 1 1
1696391 1696536 -50 -50 2 1
1699215 1699467 -50 -50 2 1
1700951 1701079 -50 -50 1 1
1701610 1701962 -50 -50 1 1
1702714 1702964 -50 -50 1 1
1703688 1703979 -50 -50 2 1
1704825 1705058 -50 -50 1 1
1706082 1706473 -50 -50 1 1
1706943 1707332 -50 -50 1 1
1707566 1707800 -50 -50 2 1
1708100 1708209 -50 -50 1 1
1709248 1709426 -50 -50 1 1
1710112 1710277 -50 -50 2 1
1711306 1711434 -50 -50 1 1
1711772 1711929 -50 -50 1 1
1712157 1712303 -50 -50 2 1
1712426 1712638 -50 -50 2 1
1713145 1713380 -50 -50 1 1
1714774 1715030 -50 -50 1 1
1717173 1717451 -50 -50 1 1
1717668 1717891 -50 -50 1 1
1718030 1718408 -50 -50 2 1
1719707 1719874 -50 -50 2 1
1720629 1720841 -50 -50 1 1
1721883 1722409 -50 -50 2 1
1723806 1724156 -50 -50 2 1
1724746 1725153 -50 -50 2 1
1725855 1726123 -50 -50 1 1
1727915 1728171 -50 -50 2 1
1728485 1728685 -50 -50 1 1
1728952 1729069 -50 -50 2 1
1729753 1729875 -50 -50 1 1
1731703 1731858 -50 -50 1 1
1732410 1732761 -50 -50 2 1
1733439 1733679 -50 -50 1 1
1734586 1734985 -50 -50 2 1
1737043 1737224 -50 -50 1 1
1737772 1737889 -50 -50 2 1
1739951 1740073 -50 -50 1 1
1741090 1741378 -50 -50 2 1
1741640 1741918 -50 -50 2 1
1742629 1742941 -50 -50 1 1
1743638 1744123 -50 -50 2 1
1744404 1744666 -50 -50 1 1
1745556 1745751 -50 -50 2 1
1748842 1748941 -50 -50 1 1
1749585 1749713 -50 -50 2 1
1751189 1751327 -50 -50 2 1
1751784 1751979 -50 -50 2 1
1752432 1752627 -50 -50 1 1
1753792 1753892 -50 -50 1 1
1754013 1754236 -50 -50 2 1
1758572 1758655 -50 -50 1 1
1759147 1759280 -50 -50 2 1
1760473 1760777 -50 -50 2 1
1761365 1761641 -50 -50 1 1
1762846 1763258 -50 -50 2 1
1763770 1763976 -50 -50 1 1
1765284 1765646 -50 -50 2 1
1767256 1767476 -50 -50 1 1
1767876 1768213 -50 -50 1 1
1773119 1773221 -50 -50 1 1
1774405 1774613 -50 -50 2 1
1787102 1787325 -50 -50 1 1
1788029 1788444 -50 -50 2 1
1789147 1789378 -50 -50 2 1
1789803 1789975 -50 -50 1 1
1791520 1791717 -50 -50 2 1
1792191 1792313 -50 -50 2 1
1794310 1794504 -50 -50 1 1
1795356 1795793 -50 -50 2 1
1796430 1796721 -50 -50 2 1
1797210 1797477 -50 -50 1 1
1797872 1798457 -50 -50 2 1
1799748 1800115 -50 -50 1 1
1800911 1801084 -50 -50 2 1
1801355 1801550 -50 -50 1 1
1801780 1801947 -50 -50 1 1
1803492 1804064 -50 -50 2 1
1804436 1804636 -50 -50 2 1
1804888 1805008 -50 -50 1 1
1805458 1805748 -50 -50 2 1
1806492 1806796 -50 -50 2 1
1807670 1807966 -50 -50 1 1
1808617 1808980 -50 -50 1 1
1809777 1810061 -50 -50 2 1
1811008 1811397 -50 -50 1 1
1811481 1811636 -50 -50 1 1
1812644 1812911 -50 -50 2 1
1813518 1813847 -50 -50 1 1
1814559 1814798 -50 -50 2 1
1815736 1815914 -50 -50 1 1
1816245 1816557 -50 -50 2 1
1817124 1817325 -50 -50 2 1
1817734 1817967 -50 -50 1 1
1818842 1819179 -50 -50 2 1
1821754 1822286 -50 -50 1 1
1823412 1823528 -50 -50 1 1
1824917 1825189 -50 -50 1 1
1825625 1826153 -50 -50 1 1
1827991 1828152 -50 -50 2 1
1829258 1829742 -50 -50 2 1
1830311 1830685 -50 -50 2 1
1833187 1833365 -50 -50 1 1
1835303 1835481 -50 -50 1 1
1837155 1837320 -50 -50 2 1
1838620 1838748 -50 -50 1 1
1841136 1841319 -50 -50 2 1
1841938 1842141 -50 -50 2 1
1843347 1843539 -50 -50 1 1
1845629 1845802 -50 -50 2 1
1846545 1846882 -50 -50 2 1
1848711 1849045 -50 -50 1 1
1849796 1850041 -50 -50 2 1
1851416 1851683 -50 -50 1 1
1852390 1852601 -50 -50 1 1
1854304 1854705 -50 -50 1 1
1855852 1855985 -50 -50 1 1
1857828 1858039 -50 -50 2 1
1864095 1864273 -50 -50 2 1
1864974 1865124 -50 -50 1 1
1865309 1865459 -50 -50 2 1
1868089 1868211 -50 -50 1 1
1869546 1869696 -50 -50 1 1
1872277 1872499 -50 -50 1 1
1875529 1875692 -50 -50 2 1
1882406 1882518 -50 -50 1 1
1883419 1883837 -50 -50 1 1
1885457 1885607 -50 -50 2 1
1885692 1885780 -50 -50 2 1
1886403 1886547 -50 -50 1 1
1887396 1887485 -50 -50 2 1
1890829 1890982 -50 -50 1 1
1891864 1891999 -50 -50 2 1
1910230 1910425 -50 -50 1 1
1910565 1910742 -50 -50 2 1
1916141 1916325 -50 -50 1 1
1920538 1920700 -50 -50 2 1
1921579 1921774 -50 -50 1 1
1926401 1926513 -50 -50 1 1
1932149 1932271 -50 -50 1 1
1945039 1945189 -50 -50 1 1
1956702 1956830 -50 -50 1 1
1974061 1974235 -50 -50 2 1
1976481 1976681 -50 -50 1 1
1978558 1978769 -50 -50 2 1
1982709 1982999 -50 -50 1 1
1986655 1986978 -50 -50 2 1
1988085 1988431 -50 -50 2 1
2023079 2023328 -50 -50 1 1
2079841 2079957 -50 -50 1 1
2095585 2095728 -50 -50 2 1
2129341 2129536 -50 -50 2 1
2178096 2178235 -50 -50 1 1
2194018 2194189 -50 -50 2 1
2268434 2268688 -50 -50 1 1
2335245 2335468 -50 -50 2 1
2351093 2351329 -50 -50 1 1
2351934 2352068 -50 -50 2 1
2370814 2371074 -50 -50 2 1
2373902 2373994 -50 -50 1 1
2375327 2375415 -50 -50 1 1
2375896 2376019 -50 -50 2 1
2377305 2377421 -50 -50 2 1
2378234 2378465 -50 -50 2 1
2378948 2379306 -50 -50 2 1
2379641 2379752 -50 -50 2 1
2380228 2380512 -50 -50 1 1
2381136 2381653 -50 -50 2 1
2382377 2382455 -50 -50 2 1
2383228 2383390 -50 -50 1 1
2384887 2385032 -50 -50 1 1
2385572 2385894 -50 -50 1 1
2387512 2387657 -50 -50 2 1
2391611 2391755 -50 -50 1 1
2392529 2392824 -50 -50 1 1
2393968 2394068 -50 -50 1 1
2394471 2394744 -50 -50 2 1
2395436 2395530 -50 -50 1 1
2395846 2396102 -50 -50 2 1
2397017 2397296 -50 -50 1 1
2397580 2397747 -50 -50 1 1
2399336 2399586 -50 -50 2 1
2400004 2400160 -50 -50 1 1
2400694 2400833 -50 -50 2 1
2401390 2401612 -50 -50 1 1
2402531 2402792 -50 -50 1 1
2403576 2403887 -50 -50 2 1
2404685 2404863 -50 -50 2 1
2405831 2406087 -50 -50 2 1
2406867 2407195 -50 -50 1 1
2408019 2408297 -50 -50 1 1
2409501 2409603 -50 -50 2 1
2410679 2410802 -50 -50 2 1
2412234 2412477 -50 -50 1 1
2413023 2413193 -50 -50 1 1
2414785 2415074 -50 -50 2 1
2415816 2416102 -50 -50 1 1
2417061 2417406 -50 -50 2 1
2419675 2419808 -50 -50 1 1
2420737 2420998 -50 -50 2 1
2421716 2421817 -50 -50 1 1
2424104 2424427 -50 -50 2 1
2425538 2425732 -50 -50 2 1
2428139 2428323 -50 -50 2 1
2429152 2429447 -50 -50 2 1
2430354 2430616 -50 -50 2 1
2432163 2432431 -50 -50 1 1
2434918 2435291 -50 -50 1 1
2435698 2436093 -50 -50 2 1
2539908 2540181 -50 -50 2 1
2567818 2567979 -50 -50 1 1
2569008 2569230 -50 -50 2 1
2575261 2575455 -50 -50 2 1
2842851 2843054 -50 -50 2 1
2843806 2844162 -50 -50 1 1
2851765 2852001 -50 -50 1 1
2853196 2853312 -50 -50 2 1
2855152 2855448 -50 -50 1 1
2856360 2856555 -50 -50 1 1
2858463 2858783 -50 -50 2 1
2859277 2859688 -50 -50 1 1
2860623 2860874 -50 -50 1 1
2862373 2862484 -50 -50 1 1
2862694 2863173 -50 -50 1 1
2864080 2864408 -50 -50 2 1
2864598 2864753 -50 -50 1 1
2865221 2865560 -50 -50 2 1
2865816 2865983 -50 -50 1 1
2867208 2867321 -50 -50 2 1
2868121 2868282 -50 -50 1 1
2868696 2868780 -50 -50 2 1
2869774 2870230 -50 -50 1 1
2870776 2871221 -50 -50 1 1
2871290 2871602 -50 -50 1 1
2872380 2872586 -50 -50 1 1
2873380 2873798 -50 -50 1 1
2874212 2874390 -50 -50 2 1
2875065 2875193 -50 -50 1 1
2875902 2876136 -50 -50 1 1
2876770 2877366 -50 -50 1 1
2878139 2878618 -50 -50 1 1
2879219 2879625 -50 -50 2 1
2881336 2881455 -50 -50 1 1
2882041 2882275 -50 -50 2 1
2885047 2885392 -50 -50 1 1
2889120 2889472 -50 -50 1 1
2890406 2890824 -50 -50 2 1
3694896 3695063 -50 -50 2 1
3700950 3701133 -50 -50 1 1
3713187 3713289 -50 -50 2 1
3717236 3717469 -50 -50 2 1
3720622 3720727 -50 -50 2 1
3723340 3723496 -50 -50 2 1
4000411 4000565 -50 -50 1 1
4007284 4007406 -50 -50 1 1
4009510 4009790 -50 -50 2 1
4010503 4010698 -50 -50 2 1
4011421 4011572 -50 -50 1 1
4012150 4012395 -50 -50 2 1
4013823 4013980 -50 -50 1 1
4014257 4014383 -50 -50 2 1
4014605 4014878 -50 -50 1 1
4015735 4015974 -50 -50 2 1
4016156 4016434 -50 -50 1 1
4018852 4019013 -50 -50 1 1
4019828 4020121 -50 -50 2 1
4020755 4021028 -50 -50 2 1
4022119 4022358 -50 -50 1 1
4023389 4023696 -50 -50 2 1
4024058 4024470 -50 -50 2 1
4025148 4025443 -50 -50 1 1
4026307 4026552 -50 -50 2 1
4027173 4027451 -50 -50 2 1
4028158 4028520 -50 -50 2 1
4028926 4029265 -50 -50 2 1
4029883 4030223 -50 -50 1 1
4030935 4031330 -50 -50 2 1
4032577 4033017 -50 -50 2 1
4034252 4034481 -50 -50 2 1
4035021 4035349 -50 -50 2 1
4037101 4037655 -50 -50 2 1
4038260 4038805 -50 -50 1 1
4038944 4039212 -50 -50 2 1
4039676 4039980 -50 -50 1 1
4040381 4040523 -50 -50 2 1
4040642 4041009 -50 -50 1 1
4041238 4041616 -50 -50 2 1
4041978 4042390 -50 -50 1 1
4042674 4043091 -50 -50 2 1
4043709 4044037 -50 -50 1 1
4044153 4044532 -50 -50 2 1
4044917 4045284 -50 -50 2 1
4046264 4046586 -50 -50 1 1
4047089 4047391 -50 -50 2 1
4048206 4048535 -50 -50 2 1
4049234 4049498 -50 -50 1 1
4049700 4050034 -50 -50 2 1
4050961 4051301 -50 -50 2 1
4051542 4051692 -50 -50 1 1
4051768 4051996 -50 -50 1 1
4052275 4052426 -50 -50 2 1
4053358 4053484 -50 -50 1 1
4053828 4054056 -50 -50 2 1
4054323 4054468 -50 -50 1 1
4055219 4055633 -50 -50 1 1
4055815 4056271 -50 -50 2 1
4056449 4056733 -50 -50 1 1
4057701 4058108 -50 -50 2 1
4058175 4058264 -50 -50 1 1
4058458 4058726 -50 -50 1 1
4060941 4061453 -50 -50 1 1
4061861 4062035 -50 -50 2 1
4062672 4062967 -50 -50 2 1
4064531 4065026 -50 -50 2 1
4065649 4066173 -50 -50 1 1
4066577 4067105 -50 -50 2 1
4070008 4070164 -50 -50 2 1
4070881 4071226 -50 -50 2 1
4071599 4071961 -50 -50 1 1
4072534 4072813 -50 -50 2 1
4073745 4073962 -50 -50 2 1
4074468 4074968 -50 -50 1 1
4075256 4075429 -50 -50 2 1
4075796 4076041 -50 -50 1 1
4077169 4077590 -50 -50 2 1
4077944 4078212 -50 -50 1 1
4079180 4079458 -50 -50 1 1
4080766 4081156 -50 -50 1 1
4081829 4082097 -50 -50 1 1
4082436 4082971 -50 -50 1 1
4084284 4084835 -50 -50 1 1
4085837 4085976 -50 -50 2 1
4086210 4086315 -50 -50 1 1
4086416 4086677 -50 -50 1 1
4087023 4087407 -50 -50 1 1
4087857 4088275 -50 -50 2 1
4088442 4088592 -50 -50 2 1
4089073 4089249 -50 -50 1 1
4089449 4089766 -50 -50 2 1
4090134 4090679 -50 -50 1 1
4092296 4092390 -50 -50 1 1
4092585 4092674 -50 -50 2 1
4093921 4094168 -50 -50 1 1
4095051 4095186 -50 -50 2 1
4095289 4095558 -50 -50 2 1
4096468 4096709 -50 -50 1 1
4098976 4099396 -50 -50 1 1
4100565 4101093 -50 -50 2 1
4102505 4102613 -50 -50 2 1
4103153 4103516 -50 -50 1 1
4104507 4104969 -50 -50 2 1
4107787 4108198 -50 -50 2 1
4109156 4109538 -50 -50 1 1
4110776 4111376 -50 -50 2 1
4111620 4111906 -50 -50 1 1
4113015 4113293 -50 -50 1 1
4114816 4115093 -50 -50 1 1
4115380 4115709 -50 -50 1 1
4115832 4115983 -50 -50 1 1
4116950 4117440 -50 -50 1 1
4119053 4119159 -50 -50 2 1
4119324 4119418 -50 -50 2 1
4119509 4119639 -50 -50 1 1
4120284 4120674 -50 -50 1 1
4120967 4121079 -50 -50 2 1
4121147 4121631 -50 -50 1 1
4122262 4122729 -50 -50 2 1
4123119 4123385 -50 -50 1 1
4124448 4124695 -50 -50 2 1
4124895 4125046 -50 -50 1 1
4125510 4125822 -50 -50 1 1
4125896 4126230 -50 -50 2 1
4126590 4126785 -50 -50 1 1
4127434 4127806 -50 -50 1 1
4128733 4129078 -50 -50 2 1
4129679 4129790 -50 -50 1 1
4129941 4130347 -50 -50 1 1
4130809 4131260 -50 -50 2 1
4132158 4132454 -50 -50 1 1
4133431 4133859 -50 -50 1 1
4134054 4134354 -50 -50 1 1
4134651 4134816 -50 -50 2 1
4134924 4135069 -50 -50 1 1
4135180 4135294 -50 -50 1 1
4136475 4137004 -50 -50 1 1
4137583 4137777 -50 -50 1 1
4137933 4138267 -50 -50 2 1
4138516 4138691 -50 -50 1 1
4139341 4139636 -50 -50 1 1
4139761 4140021 -50 -50 2 1
4140783 4141167 -50 -50 1 1
4141974 4142247 -50 -50 2 1
4142492 4142803 -50 -50 2 1
4143069 4143192 -50 -50 1 1
4143474 4143668 -50 -50 2 1
4143928 4144284 -50 -50 1 1
4145102 4145620 -50 -50 2 1
4145733 4145912 -50 -50 2 1
4146455 4147050 -50 -50 2 1
4147995 4148334 -50 -50 2 1
4148698 4149188 -50 -50 1 1
4149622 4149822 -50 -50 2 1
4150084 4150267 -50 -50 2 1
4150596 4150697 -50 -50 1 1
4150818 4150974 -50 -50 2 1
4151136 4151286 -50 -50 1 1
4152160 4152382 -50 -50 2 1
4153317 4153790 -50 -50 2 1
4153880 4154069 -50 -50 1 1
4154314 4154520 -50 -50 1 1
4155199 4155644 -50 -50 1 1
4156707 4156969 -50 -50 1 1
4157470 4157614 -50 -50 2 1
4158477 4158716 -50 -50 1 1
4158950 4159334 -50 -50 2 1
4159996 4160375 -50 -50 1 1
4162763 4163058 -50 -50 2 1
4163781 4164059 -50 -50 1 1
4164529 4164791 -50 -50 2 1
4165768 4166008 -50 -50 2 1
4166286 4166464 -50 -50 2 1
4166887 4167221 -50 -50 1 1
4167688 4168067 -50 -50 2 1
4168490 4168668 -50 -50 2 1
4168925 4169036 -50 -50 2 1
4169364 4169547 -50 -50 1 1
4175195 4175318 -50 -50 1 1
4175842 4176254 -50 -50 2 1
4176844 4177022 -50 -50 2 1
4177475 4177664 -50 -50 1 1
4177737 4177870 -50 -50 1 1
4178672 4179165 -50 -50 2 1
4180178 4180557 -50 -50 2 1
4181341 4181553 -50 -50 1 1
4181788 4181928 -50 -50 2 1
4182327 4182560 -50 -50 1 1
4182802 4183046 -50 -50 2 1
4183479 4184035 -50 -50 2 1
4184968 4185351 -50 -50 1 1
4187492 4187865 -50 -50 1 1
4188304 4188566 -50 -50 2 1
4190419 4190837 -50 -50 1 1
4192384 4192662 -50 -50 2 1
4193330 4193442 -50 -50 1 1
4193765 4194009 -50 -50 2 1
4194488 4194661 -50 -50 2 1
4195362 4195724 -50 -50 2 1
4196547 4196854 -50 -50 1 1
4197363 4197632 -50 -50 2 1
4198139 4198345 -50 -50 2 1
4199013 4199152 -50 -50 1 1
4199560 4199665 -50 -50 1 1
4200111 4200240 -50 -50 2 1
4200577 4200744 -50 -50 1 1
4201902 4202202 -50 -50 2 1
4204189 4204356 -50 -50 1 1
4205461 4205873 -50 -50 1 1
4206514 4206664 -50 -50 1 1
4206867 4207034 -50 -50 2 1
4208477 4208909 -50 -50 1 1
4209513 4209741 -50 -50 1 1
4211988 4212152 -50 -50 1 1
4212961 4213286 -50 -50 1 1
4215588 4215889 -50 -50 2 1
4222329 4222818 -50 -50 2 1
4224026 4224160 -50 -50 1 1
4225123 4225256 -50 -50 2 1
4226577 4226999 -50 -50 1 1
4227705 4228234 -50 -50 2 1
4228523 4228740 -50 -50 1 1
4230362 4230579 -50 -50 2 1
4231683 4232033 -50 -50 2 1
4232603 4232843 -50 -50 1 1
4233260 4233505 -50 -50 2 1
4233944 4234128 -50 -50 1 1
4236321 4236554 -50 -50 1 1
4237690 4237907 -50 -50 1 1
4238990 4239156 -50 -50 1 1
4240885 4241091 -50 -50 2 1
4242121 4242249 -50 -50 1 1
4243156 4243423 -50 -50 2 1
4243857 4244152 -50 -50 1 1
4244681 4244898 -50 -50 2 1
4245098 4245226 -50 -50 2 1
4245360 4245766 -50 -50 1 1
4246145 4246317 -50 -50 2 1
4246752 4247047 -50 -50 1 1
4248226 4248733 -50 -50 2 1
4248978 4249139 -50 -50 1 1
4249440 4249674 -50 -50 2 1
4250336 4250636 -50 -50 1 1
4251702 4251834 -50 -50 1 1
4252356 4252824 -50 -50 2 1
4253531 4253787 -50 -50 1 1
4254861 4255340 -50 -50 2 1
4255731 4256004 -50 -50 2 1
4256241 4256414 -50 -50 1 1
4256982 4257182 -50 -50 1 1
4259124 4259458 -50 -50 2 1
4262269 4262533 -50 -50 1 1
4262954 4263155 -50 -50 2 1
4263399 4263800 -50 -50 1 1
4267041 4267149 -50 -50 2 1
4267395 4267529 -50 -50 2 1
4269928 4270262 -50 -50 1 1
4271297 4271609 -50 -50 1 1
4272112 4272212 -50 -50 1 1
4272538 4272727 -50 -50 1 1
4273523 4273779 -50 -50 1 1
4275014 4275249 -50 -50 2 1
4275950 4276406 -50 -50 1 1
4278257 4278502 -50 -50 1 1
4279641 4280087 -50 -50 2 1
4280149 4280259 -50 -50 2 1
4281093 4281594 -50 -50 2 1
4283242 4283459 -50 -50 1 1
4285507 4285657 -50 -50 1 1
4286045 4286299 -50 -50 2 1
4287401 4287897 -50 -50 1 1
4288785 4289141 -50 -50 1 1
4289673 4289979 -50 -50 2 1
4290791 4290976 -50 -50 2 1
4291788 4292045 -50 -50 1 1
4294224 4294363 -50 -50 2 1
4298198 4298413 -50 -50 2 1
4299259 4299578 -50 -50 2 1
4300679 4300896 -50 -50 1 1
4301603 4301792 -50 -50 1 1
4302388 4302600 -50 -50 2 1
4303453 4303789 -50 -50 2 1
4304730 4304909 -50 -50 1 1
4305898 4306331 -50 -50 2 1
4307108 4307470 -50 -50 1 1
4308371 4308744 -50 -50 1 1
4309534 4309774 -50 -50 1 1
4310929 4311034 -50 -50 2 1
4312119 4312263 -50 -50 1 1
4312657 4312829 -50 -50 2 1
4312892 4312997 -50 -50 1 1
4313570 4314004 -50 -50 1 1
4314794 4315162 -50 -50 2 1
4315785 4316119 -50 -50 2 1
4316839 4317423 -50 -50 2 1
4317841 4318097 -50 -50 2 1
4318195 4318713 -50 -50 1 1
4318846 4318991 -50 -50 2 1
4319303 4319742 -50 -50 2 1
4320254 4320516 -50 -50 1 1
4321436 4321547 -50 -50 2 1
4321646 4321907 -50 -50 2 1
4322998 4323232 -50 -50 1 1
4324206 4324345 -50 -50 2 1
4325175 4325291 -50 -50 1 1
4326214 4326340 -50 -50 1 1
4327384 4327518 -50 -50 2 1
4327653 4327758 -50 -50 1 1
4328431 4328731 -50 -50 2 1
4329494 4329811 -50 -50 1 1
4330178 4330362 -50 -50 2 1
4331341 4331492 -50 -50 2 1
4333540 4333935 -50 -50 1 1
4334598 4335021 -50 -50 2 1
4335608 4335854 -50 -50 1 1
4336445 4336657 -50 -50 1 1
4337066 4337476 -50 -50 2 1
4337883 4338327 -50 -50 2 1
4341371 4341850 -50 -50 1 1
4343909 4344059 -50 -50 1 1
4345846 4346030 -50 -50 1 1
4346753 4347051 -50 -50 2 1
4348034 4348284 -50 -50 1 1
4349066 4349426 -50 -50 2 1
4350038 4350415 -50 -50 2 1
4354891 4355329 -50 -50 1 1
4356759 4357033 -50 -50 2 1
4359074 4359211 -50 -50 2 1
4360273 4360546 -50 -50 1 1
4362277 4362544 -50 -50 2 1
4363256 4363490 -50 -50 1 1
4364013 4364258 -50 -50 2 1
4364912 4365182 -50 -50 2 1
4366078 4366323 -50 -50 2 1
4367336 4367419 -50 -50 2 1
4367547 4367670 -50 -50 2 1
4368199 4368321 -50 -50 1 1
4368779 4368975 -50 -50 1 1
4369863 4369974 -50 -50 2 1
4370855 4371281 -50 -50 2 1
4372123 4372534 -50 -50 1 1
4373364 4373636 -50 -50 2 1
4374285 4374453 -50 -50 2 1
4374627 4374833 -50 -50 2 1
4376047 4376208 -50 -50 1 1
4378034 4378312 -50 -50 1 1
4378924 4379130 -50 -50 1 1
4380805 4381217 -50 -50 2 1
4381336 4381447 -50 -50 2 1
4384885 4385069 -50 -50 2 1
4385409 4385520 -50 -50 1 1
4386549 4386833 -50 -50 2 1
4387758 4387836 -50 -50 1 1
4387985 4388180 -50 -50 1 1
4388809 4388931 -50 -50 2 1
4391303 4391458 -50 -50 1 1
4392970 4393203 -50 -50 1 1
4394213 4394291 -50 -50 2 1
4395312 4395618 -50 -50 1 1
4396329 4396623 -50 -50 1 1
4397473 4397567 -50 -50 1 1
4399091 4399247 -50 -50 1 1
4400031 4400136 -50 -50 1 1
4400553 4400987 -50 -50 2 1
4402440 4402694 -50 -50 1 1
4403781 4403970 -50 -50 2 1
4404774 4404880 -50 -50 1 1
4407215 4407455 -50 -50 1 1
4407627 4407722 -50 -50 2 1
4408557 4408729 -50 -50 2 1
4409987 4410137 -50 -50 1 1
4411057 4411253 -50 -50 2 1
4412759 4413076 -50 -50 1 1
4413928 4414367 -50 -50 2 1
4415097 4415280 -50 -50 2 1
4416677 4416972 -50 -50 1 1
4418781 4419065 -50 -50 1 1
4419828 4420011 -50 -50 2 1
4420674 4420868 -50 -50 1 1
4421286 4421458 -50 -50 1 1
4423686 4423831 -50 -50 2 1
4424742 4424909 -50 -50 1 1
4425599 4425744 -50 -50 2 1
4426352 4426469 -50 -50 2 1
4426575 4426703 -50 -50 1 1
4429395 4429557 -50 -50 2 1
4433745 4433934 -50 -50 2 1
4434892 4435105 -50 -50 1 1
4435765 4435954 -50 -50 2 1
4436681 4436876 -50 -50 2 1
4439526 4439709 -50 -50 1 1
4440304 4440515 -50 -50 2 1
4441476 4441715 -50 -50 1 1
4442498 4442737 -50 -50 1 1
4449037 4449276 -50 -50 2 1
4449889 4450008 -50 -50 1 1
4453365 4453537 -50 -50 2 1
4454337 4454459 -50 -50 1 1
4454870 4455065 -50 -50 2 1
4455285 4455418 -50 -50 1 1
4457176 4457525 -50 -50 2 1
4463759 4464037 -50 -50 2 1
4469198 4469327 -50 -50 1 1
4469442 4469531 -50 -50 2 1
4470493 4470620 -50 -50 1 1
4473403 4473532 -50 -50 1 1
4476359 4476609 -50 -50 1 1
4477382 4477620 -50 -50 1 1
4479657 4479980 -50 -50 1 1
4480144 4480264 -50 -50 1 1
4480675 4480778 -50 -50 1 1
4482926 4483148 -50 -50 1 1
4483850 4484100 -50 -50 1 1
4484896 4485048 -50 -50 1 1
4487070 4487308 -50 -50 2 1
4489020 4489443 -50 -50 1 1
4490309 4490582 -50 -50 1 1
4491276 4491554 -50 -50 2 1
4492041 4492314 -50 -50 1 1
4494770 4495026 -50 -50 2 1
4498970 4499315 -50 -50 1 1
4500898 4501098 -50 -50 1 1
4502770 4502943 -50 -50 1 1
4505682 4505959 -50 -50 2 1
4507864 4507975 -50 -50 1 1
4510504 4510670 -50 -50 2 1
4512102 4512345 -50 -50 1 1
4517804 4518037 -50 -50 1 1
4526698 4526909 -50 -50 2 1
4531433 4531610 -50 -50 2 1
4533054 4533354 -50 -50 1 1
4534697 4534842 -50 -50 1 1
4535360 4535507 -50 -50 2 1
4536737 4537137 -50 -50 2 1
4537387 4537570 -50 -50 1 1
4537976 4538163 -50 -50 2 1
4538920 4539176 -50 -50 1 1
4539615 4539898 -50 -50 2 1
4541576 4541690 -50 -50 1 1
4546987 4547448 -50 -50 1 1
4548127 4548528 -50 -50 2 1
4550893 4551020 -50 -50 1 1
4553087 4553204 -50 -50 2 1
4556307 4556623 -50 -50 1 1
4557798 4558054 -50 -50 2 1
4560309 4560448 -50 -50 2 1
4560876 4561037 -50 -50 2 1
4561563 4561725 -50 -50 1 1
4562546 4562750 -50 -50 2 1
4564482 4564615 -50 -50 2 1
4564759 4564876 -50 -50 1 1
4568876 4569043 -50 -50 2 1
4572615 4572820 -50 -50 2 1
4575165 4575459 -50 -50 2 1
4576132 4576448 -50 -50 1 1
4577962 4578096 -50 -50 2 1
4578998 4579154 -50 -50 2 1
4580932 4581114 -50 -50 2 1
4584396 4584513 -50 -50 1 1
4588532 4588704 -50 -50 1 1
4590048 4590309 -50 -50 1 1
4593096 4593229 -50 -50 1 1
4594141 4594280 -50 -50 1 1
4596377 4596700 -50 -50 1 1
4597130 4597286 -50 -50 2 1
4597820 4597976 -50 -50 1 1
4599309 4599415 -50 -50 1 1
4599766 4600033 -50 -50 1 1
4600790 4600999 -50 -50 2 1
4601237 4601470 -50 -50 1 1
4602987 4603132 -50 -50 2 1
4603491 4603614 -50 -50 2 1
4604226 4604370 -50 -50 1 1
4605098 4605215 -50 -50 1 1
4605349 4605663 -50 -50 2 1
4606022 4606245 -50 -50 1 1
4606893 4607143 -50 -50 2 1
4607679 4607756 -50 -50 2 1
4608483 4608826 -50 -50 2 1
4611509 4611643 -50 -50 2 1
4611927 4612296 -50 -50 2 1
4613576 4613843 -50 -50 2 1
4616304 4616620 -50 -50 1 1
4618665 4618954 -50 -50 1 1
4620150 4620405 -50 -50 1 1
4622215 4622363 -50 -50 2 1
4622927 4623056 -50 -50 2 1
4623351 4623490 -50 -50 1 1
4624159 4624293 -50 -50 1 1
4624576 4624769 -50 -50 2 1
4625648 4625970 -50 -50 1 1
4627074 4627219 -50 -50 1 1
4629187 4629415 -50 -50 1 1
4629726 4629870 -50 -50 1 1
4630967 4631050 -50 -50 2 1
4632993 4633082 -50 -50 1 1
4654401 4654560 -50 -50 2 1
4654946 4655444 -50 -50 2 1
4655897 4656277 -50 -50 1 1
4657287 4657465 -50 -50 1 1
4658137 4658337 -50 -50 2 1
4658690 4658893 -50 -50 1 1
4659932 4660348 -50 -50 1 1
4661982 4662393 -50 -50 2 1
4664820 4665009 -50 -50 2 1
4666143 4666318 -50 -50 1 1
4666959 4667359 -50 -50 2 1
4668070 4668507 -50 -50 2 1
4668854 4669148 -50 -50 1 1
4669464 4669981 -50 -50 1 1
4670326 4670770 -50 -50 2 1
4671454 4672004 -50 -50 1 1
4672765 4673182 -50 -50 1 1
4673429 4673626 -50 -50 1 1
4673870 4674159 -50 -50 1 1
4674298 4674432 -50 -50 1 1
4675132 4675293 -50 -50 2 1
4676215 4676491 -50 -50 2 1
4677232 4677559 -50 -50 2 1
4678115 4678393 -50 -50 1 1
4678559 4678809 -50 -50 2 1
4679037 4679370 -50 -50 1 1
4679873 4680231 -50 -50 1 1
4680295 4680414 -50 -50 2 1
4681143 4681609 -50 -50 1 1
4682082 4682337 -50 -50 1 1
4682612 4682754 -50 -50 1 1
4682890 4683007 -50 -50 1 1
4685087 4685370 -50 -50 2 1
4686088 4686294 -50 -50 1 1
4686887 4687282 -50 -50 1 1
4687787 4688104 -50 -50 1 1
4688515 4688909 -50 -50 1 1
4689393 4689559 -50 -50 1 1
4689980 4690119 -50 -50 1 1
4690509 4690832 -50 -50 2 1
4691273 4691356 -50 -50 2 1
4691837 4691926 -50 -50 1 1
4693132 4693354 -50 -50 1 1
4693931 4694070 -50 -50 2 1
4694387 4694587 -50 -50 2 1
4695854 4696243 -50 -50 1 1
4697054 4697459 -50 -50 1 1
4698420 4698976 -50 -50 2 1
4700254 4700397 -50 -50 1 1
4702370 4702520 -50 -50 1 1
5149856 5149945 -50 -50 1 1
5152597 5152725 -50 -50 1 1
5161087 5161270 -50 -50 2 1
5161698 5161915 -50 -50 1 1
5164126 5164393 -50 -50 2 1
5166335 5166468 -50 -50 1 1
5166596 5166818 -50 -50 2 1
5167020 5167443 -50 -50 2 1
5168170 5168275 -50 -50 1 1
5194215 5194448 -50 -50 1 1
5195990 5196140 -50 -50 2 1
5196296 5196468 -50 -50 1 1
5197001 5197162 -50 -50 2 1
5197815 5198309 -50 -50 2 1
5198934 5199162 -50 -50 1 1
5199337 5199508 -50 -50 1 1
5199965 5200159 -50 -50 2 1
5200241 5200347 -50 -50 1 1
5201360 5201899 -50 -50 1 1
5202362 5202702 -50 -50 2 1
5203232 5203459 -50 -50 2 1
5203970 5204387 -50 -50 2 1
5205143 5205515 -50 -50 1 1
5206476 5206892 -50 -50 2 1
5207155 5207258 -50 -50 2 1
5207478 5207601 -50 -50 2 1
5207687 5207826 -50 -50 2 1
5207965 5208370 -50 -50 1 1
5209190 5209642 -50 -50 2 1
5210448 5210731 -50 -50 1 1
5210794 5210919 -50 -50 2 1
5211520 5211982 -50 -50 2 1
5212873 5213182 -50 -50 1 1
5214687 5214845 -50 -50 2 1
5215098 5215532 -50 -50 1 1
5216856 5217106 -50 -50 1 1
5218330 5218731 -50 -50 2 1
5219509 5219659 -50 -50 1 1
5219904 5220043 -50 -50 2 1
5220315 5220843 -50 -50 2 1
5221698 5222037 -50 -50 2 1
5223107 5223257 -50 -50 1 1
5224026 5224537 -50 -50 2 1
5225691 5225832 -50 -50 1 1
5227048 5227298 -50 -50 1 1
5228482 5228693 -50 -50 1 1
5229540 5229657 -50 -50 2 1
5229826 5230254 -50 -50 1 1
5230820 5231170 -50 -50 2 1
5231349 5231449 -50 -50 1 1
5232048 5232409 -50 -50 1 1
5233090 5233489 -50 -50 1 1
5233725 5234151 -50 -50 2 1
5234821 5235188 -50 -50 2 1
5235948 5236254 -50 -50 1 1
5236658 5236836 -50 -50 2 1
5237287 5237665 -50 -50 1 1
5238643 5238887 -50 -50 1 1
5239882 5239983 -50 -50 2 1
5240565 5241151 -50 -50 2 1
5241509 5241943 -50 -50 1 1
5242720 5243043 -50 -50 2 1
5243553 5243714 -50 -50 1 1
5244059 5244309 -50 -50 2 1
5244435 5244559 -50 -50 2 1
5244657 5244813 -50 -50 1 1
5245908 5246064 -50 -50 1 1
5246254 5246570 -50 -50 2 1
5248243 5248543 -50 -50 1 1
5249315 5249543 -50 -50 2 1
5250359 5250582 -50 -50 2 1
5251932 5252420 -50 -50 2 1
5253479 5253663 -50 -50 1 1
5254470 5254770 -50 -50 2 1
5255019 5255254 -50 -50 1 1
5255795 5256292 -50 -50 1 1
5256793 5257193 -50 -50 2 1
5257648 5258076 -50 -50 1 1
5258612 5258901 -50 -50 2 1
5259170 5259548 -50 -50 1 1
5261533 5261857 -50 -50 2 1
5263254 5263493 -50 -50 2 1
5264540 5264617 -50 -50 2 1
5265259 5265434 -50 -50 1 1
5265598 5266004 -50 -50 2 1
5266321 5266485 -50 -50 2 1
5267238 5267715 -50 -50 2 1
5268037 5268215 -50 -50 1 1
5268415 5268615 -50 -50 1 1
5269308 5269436 -50 -50 1 1
5269720 5269837 -50 -50 2 1
5270020 5270476 -50 -50 1 1
5270670 5270959 -50 -50 2 1
5271552 5271948 -50 -50 1 1
5272610 5272725 -50 -50 2 1
5272788 5273171 -50 -50 1 1
5273620 5274209 -50 -50 2 1
5274698 5275193 -50 -50 1 1
5275893 5276393 -50 -50 2 1
5278602 5278726 -50 -50 2 1
5279140 5279256 -50 -50 1 1
5280909 5281165 -50 -50 1 1
5281425 5281586 -50 -50 2 1
5281970 5282470 -50 -50 2 1
5284120 5284443 -50 -50 2 1
5285370 5285793 -50 -50 1 1
5286504 5286782 -50 -50 1 1
5287370 5287893 -50 -50 2 1
5288439 5288551 -50 -50 2 1
5289170 5289254 -50 -50 1 1
5290308 5290430 -50 -50 1 1
5290982 5291287 -50 -50 2 1
5291820 5292409 -50 -50 1 1
5293004 5293598 -50 -50 1 1
5293976 5294387 -50 -50 2 1
5295320 5295637 -50 -50 1 1
5296959 5297153 -50 -50 2 1
5297910 5298215 -50 -50 1 1
5298949 5299343 -50 -50 2 1
5299985 5300205 -50 -50 2 1
5301132 5301554 -50 -50 1 1
5302713 5302819 -50 -50 1 1
5303437 5303595 -50 -50 2 1
5304493 5304726 -50 -50 2 1
5305755 5305861 -50 -50 1 1
5306270 5306423 -50 -50 2 1
5307415 5307865 -50 -50 2 1
5308630 5308870 -50 -50 1 1
5309393 5309632 -50 -50 2 1
5309937 5310198 -50 -50 2 1
5311048 5311254 -50 -50 2 1
5311426 5311593 -50 -50 1 1
5312432 5312726 -50 -50 1 1
5313682 5314032 -50 -50 1 1
5314315 5314782 -50 -50 1 1
5315482 5315970 -50 -50 2 1
5316575 5316822 -50 -50 2 1
5317644 5317947 -50 -50 1 1
5318699 5318959 -50 -50 1 1
5319267 5319520 -50 -50 1 1
5320398 5320686 -50 -50 1 1
5321370 5321483 -50 -50 1 1
5322228 5322611 -50 -50 1 1
5323551 5323886 -50 -50 1 1
5324409 5324839 -50 -50 2 1
5327065 5327198 -50 -50 1 1
5327637 5328043 -50 -50 2 1
5328741 5328863 -50 -50 1 1
5330314 5330426 -50 -50 2 1
5331360 5331512 -50 -50 1 1
5333045 5333221 -50 -50 2 1
5334676 5334982 -50 -50 2 1
5335618 5335969 -50 -50 1 1
5337782 5338215 -50 -50 2 1
5338898 5339226 -50 -50 1 1
5339632 5340104 -50 -50 2 1
5340620 5341159 -50 -50 1 1
5342270 5342448 -50 -50 2 1
5342615 5342976 -50 -50 2 1
5344342 5344811 -50 -50 1 1
5345376 5345732 -50 -50 1 1
5346474 5346629 -50 -50 2 1
5347094 5347545 -50 -50 1 1
5348286 5348805 -50 -50 2 1
5349285 5349468 -50 -50 2 1
5350538 5350809 -50 -50 1 1
5351476 5351743 -50 -50 2 1
5353197 5353286 -50 -50 2 1
5354712 5355309 -50 -50 2 1
5356380 5356703 -50 -50 1 1
5357232 5357809 -50 -50 2 1
5358204 5358432 -50 -50 1 1
5359099 5359368 -50 -50 1 1
5360137 5360548 -50 -50 1 1
5361038 5361439 -50 -50 2 1
5362226 5362675 -50 -50 1 1
5363249 5363510 -50 -50 2 1
5364679 5364851 -50 -50 2 1
5366150 5366278 -50 -50 2 1
5366787 5366965 -50 -50 1 1
5368343 5368648 -50 -50 2 1
5368970 5369259 -50 -50 1 1
5369709 5369993 -50 -50 1 1
5371376 5371493 -50 -50 1 1
5372609 5372793 -50 -50 2 1
5374302 5374523 -50 -50 2 1
5375420 5375770 -50 -50 1 1
5376765 5377259 -50 -50 1 1
5377718 5377846 -50 -50 2 1
5378262 5378435 -50 -50 2 1
5379432 5379576 -50 -50 1 1
5380982 5381109 -50 -50 2 1
5382104 5382219 -50 -50 2 1
5382770 5383304 -50 -50 2 1
5384200 5384339 -50 -50 2 1
5384909 5385259 -50 -50 1 1
5386087 5386409 -50 -50 1 1
5387043 5387337 -50 -50 1 1
5387920 5388295 -50 -50 1 1
5389161 5389330 -50 -50 2 1
5390143 5390504 -50 -50 2 1
5390975 5391292 -50 -50 1 1
5392351 5392631 -50 -50 1 1
5393412 5393709 -50 -50 2 1
5395770 5396159 -50 -50 2 1
5396929 5397440 -50 -50 1 1
5398413 5398552 -50 -50 1 1
5398760 5398958 -50 -50 2 1
5399682 5399965 -50 -50 2 1
5400737 5400865 -50 -50 2 1
5401715 5402015 -50 -50 2 1
5402915 5403226 -50 -50 1 1
5403764 5403869 -50 -50 1 1
5405370 5405587 -50 -50 2 1
5406320 5406593 -50 -50 2 1
5408449 5408603 -50 -50 1 1
5409548 5410015 -50 -50 2 1
5410709 5410998 -50 -50 1 1
5412476 5412787 -50 -50 2 1
5417442 5417585 -50 -50 1 1
5418185 5418296 -50 -50 1 1
5419215 5419387 -50 -50 2 1
5420326 5420798 -50 -50 2 1
5421398 5421676 -50 -50 1 1
5422656 5422952 -50 -50 2 1
5423404 5423837 -50 -50 2 1
5424548 5424982 -50 -50 1 1
5425770 5426115 -50 -50 2 1
5426586 5426724 -50 -50 1 1
5429081 5429203 -50 -50 2 1
5429534 5429849 -50 -50 2 1
5430426 5430834 -50 -50 2 1
5431902 5432228 -50 -50 1 1
5433241 5433393 -50 -50 2 1
5434139 5434476 -50 -50 1 1
5436251 5436451 -50 -50 2 1
5437363 5437480 -50 -50 1 1
5437593 5437796 -50 -50 2 1
5438598 5438926 -50 -50 2 1
5442692 5443063 -50 -50 1 1
5443869 5444093 -50 -50 1 1
5445362 5445479 -50 -50 2 1
5446435 5446641 -50 -50 1 1
5447525 5447641 -50 -50 2 1
5448487 5448770 -50 -50 2 1
5448946 5449154 -50 -50 2 1
5449626 5449904 -50 -50 1 1
5450845 5450945 -50 -50 2 1
5451607 5451987 -50 -50 1 1
5452396 5452579 -50 -50 2 1
5453319 5453424 -50 -50 1 1
5454137 5454565 -50 -50 1 1
5455115 5455487 -50 -50 2 1
5456465 5456798 -50 -50 1 1
5458636 5458780 -50 -50 2 1
5459456 5459620 -50 -50 1 1
5460507 5460780 -50 -50 2 1
5461493 5461915 -50 -50 2 1
5462565 5462692 -50 -50 1 1
5463698 5463926 -50 -50 1 1
5464783 5464890 -50 -50 1 1
5465534 5465628 -50 -50 2 1
5465726 5465948 -50 -50 1 1
5466620 5467082 -50 -50 1 1
5467909 5468115 -50 -50 1 1
5468526 5468965 -50 -50 1 1
5469687 5469926 -50 -50 1 1
5471246 5471510 -50 -50 2 1
5473474 5473672 -50 -50 1 1
5474263 5474653 -50 -50 1 1
5475825 5476365 -50 -50 2 1
5478068 5478367 -50 -50 1 1
5479098 5479343 -50 -50 2 1
5481063 5481468 -50 -50 2 1
5484576 5485043 -50 -50 2 1
5485675 5486243 -50 -50 1 1
5486832 5487154 -50 -50 1 1
5488124 5488291 -50 -50 2 1
5488987 5489354 -50 -50 2 1
5489914 5490097 -50 -50 2 1
5490453 5490834 -50 -50 1 1
5491459 5491843 -50 -50 1 1
5492367 5492569 -50 -50 2 1
5493509 5493904 -50 -50 2 1
5494643 5494920 -50 -50 1 1
5496043 5496193 -50 -50 2 1
5497237 5497743 -50 -50 1 1
5498888 5498999 -50 -50 2 1
5500028 5500472 -50 -50 2 1
5503165 5503515 -50 -50 2 1
5504301 5504770 -50 -50 1 1
5507970 5508248 -50 -50 2 1
5508952 5509209 -50 -50 2 1
5510893 5511304 -50 -50 1 1
5512565 5512843 -50 -50 2 1
5514423 5514803 -50 -50 2 1
5515242 5515388 -50 -50 1 1
5515782 5515993 -50 -50 2 1
5516376 5516820 -50 -50 1 1
5518391 5518678 -50 -50 2 1
5519013 5519340 -50 -50 2 1
5520323 5520623 -50 -50 2 1
5520974 5521202 -50 -50 1 1
5523111 5523379 -50 -50 1 1
5524150 5524570 -50 -50 1 1
5525315 5525548 -50 -50 2 1
5526011 5526167 -50 -50 2 1
5528484 5528610 -50 -50 2 1
5529118 5529201 -50 -50 1 1
5530300 5530475 -50 -50 2 1
5531798 5531954 -50 -50 2 1
5532913 5533052 -50 -50 1 1
5533580 5533669 -50 -50 2 1
5534559 5535026 -50 -50 2 1
5535715 5536048 -50 -50 1 1
5537916 5538148 -50 -50 2 1
5539302 5539464 -50 -50 2 1
5539904 5540032 -50 -50 1 1
5542169 5542308 -50 -50 1 1
5543191 5543301 -50 -50 2 1
5544826 5545037 -50 -50 1 1
5545420 5545587 -50 -50 1 1
5546154 5546482 -50 -50 1 1
5548682 5548954 -50 -50 1 1
5549683 5550079 -50 -50 2 1
5550766 5551020 -50 -50 1 1
5553837 5554159 -50 -50 1 1
5556625 5556778 -50 -50 2 1
5557754 5558237 -50 -50 1 1
5558834 5559025 -50 -50 2 1
5560937 5561115 -50 -50 2 1
5561776 5561970 -50 -50 1 1
5562135 5562246 -50 -50 2 1
5563532 5563739 -50 -50 2 1
5565335 5565591 -50 -50 1 1
5569111 5569301 -50 -50 1 1
5569492 5569746 -50 -50 1 1
5570923 5571140 -50 -50 1 1
5572097 5572269 -50 -50 2 1
5573887 5574182 -50 -50 1 1
5574604 5574804 -50 -50 2 1
5575397 5575820 -50 -50 2 1
5575910 5576011 -50 -50 2 1
5576287 5576591 -50 -50 2 1
5577867 5578081 -50 -50 2 1
5579015 5579265 -50 -50 2 1
5579810 5579929 -50 -50 1 1
5580950 5581240 -50 -50 2 1
5581444 5581605 -50 -50 2 1
5583195 5583484 -50 -50 1 1
5584548 5584715 -50 -50 2 1
5585843 5586248 -50 -50 2 1
5587354 5587506 -50 -50 1 1
5588092 5588214 -50 -50 1 1
5591543 5591737 -50 -50 1 1
5592616 5592948 -50 -50 2 1
5593809 5594115 -50 -50 1 1
5594917 5595067 -50 -50 1 1
5595388 5595513 -50 -50 1 1
5595826 5596193 -50 -50 2 1
5597423 5597585 -50 -50 1 1
5599126 5599415 -50 -50 1 1
5600107 5600212 -50 -50 2 1
5601929 5602231 -50 -50 2 1
5604112 5604346 -50 -50 1 1
5605588 5605759 -50 -50 2 1
5606323 5606487 -50 -50 2 1
5606559 5607004 -50 -50 1 1
5607581 5607844 -50 -50 2 1
5608365 5608670 -50 -50 2 1
5609759 5609959 -50 -50 1 1
5615673 5616000 -50 -50 1 1
5617032 5617459 -50 -50 1 1
5617927 5618063 -50 -50 1 1
5618181 5618509 -50 -50 1 1
5619709 5619976 -50 -50 1 1
5623354 5623748 -50 -50 2 1
5624154 5624359 -50 -50 2 1
5625032 5625354 -50 -50 1 1
5625876 5626226 -50 -50 1 1
5627076 5627220 -50 -50 2 1
5628009 5628365 -50 -50 1 1
5629137 5629320 -50 -50 2 1
5630115 5630448 -50 -50 2 1
5632073 5632295 -50 -50 1 1
5634315 5634526 -50 -50 2 1
5637693 5637970 -50 -50 2 1
5639787 5639954 -50 -50 1 1
5641332 5641587 -50 -50 1 1
5641959 5642265 -50 -50 2 1
5643265 5643609 -50 -50 1 1
5644931 5645097 -50 -50 2 1
5645615 5645976 -50 -50 2 1
5647375 5647854 -50 -50 1 1
5648688 5648813 -50 -50 2 1
5649554 5649987 -50 -50 1 1
5650545 5650735 -50 -50 2 1
5651604 5651776 -50 -50 1 1
5652807 5652946 -50 -50 2 1
5654019 5654181 -50 -50 1 1
5654510 5654741 -50 -50 2 1
5656591 5656764 -50 -50 2 1
5660332 5660493 -50 -50 1 1
5666070 5666476 -50 -50 1 1
5666640 5666795 -50 -50 1 1
5667332 5667604 -50 -50 1 1
5668076 5668237 -50 -50 1 1
5669220 5669382 -50 -50 1 1
5670348 5670470 -50 -50 1 1
5672070 5672304 -50 -50 1 1
5673407 5673682 -50 -50 1 1
5674311 5674427 -50 -50 1 1
5675861 5676136 -50 -50 1 1
5676682 5677182 -50 -50 1 1
5678890 5679018 -50 -50 2 1
5681793 5681976 -50 -50 1 1
5683109 5683387 -50 -50 2 1
5683948 5684198 -50 -50 1 1
5684514 5684659 -50 -50 1 1
5686437 5686798 -50 -50 2 1
5687487 5687687 -50 -50 1 1
5687826 5687935 -50 -50 2 1
5688607 5688919 -50 -50 2 1
5690202 5690436 -50 -50 1 1
5695537 5695659 -50 -50 1 1
5696520 5696704 -50 -50 2 1
5698727 5698876 -50 -50 2 1
5699420 5699587 -50 -50 1 1
5700296 5700496 -50 -50 2 1
5700982 5701104 -50 -50 2 1
5701726 5701954 -50 -50 1 1
5702954 5703526 -50 -50 2 1
5705382 5705754 -50 -50 2 1
5706187 5706759 -50 -50 1 1
5707080 5707313 -50 -50 2 1
5707397 5707614 -50 -50 2 1
5716787 5717059 -50 -50 2 1
5719332 5719743 -50 -50 1 1
5721533 5721655 -50 -50 1 1
5729132 5729248 -50 -50 1 1
5730348 5730604 -50 -50 1 1
5732659 5732965 -50 -50 1 1
5733587 5733993 -50 -50 2 1
5734220 5734393 -50 -50 1 1
5734682 5735254 -50 -50 1 1
5735673 5735818 -50 -50 2 1
5735940 5736129 -50 -50 2 1
5736770 5737070 -50 -50 1 1
5737660 5737921 -50 -50 1 1
5738663 5738989 -50 -50 2 1
5740450 5740639 -50 -50 2 1
5741161 5741523 -50 -50 2 1
5742159 5742304 -50 -50 1 1
5743141 5743380 -50 -50 2 1
5745104 5745226 -50 -50 1 1
5745954 5746148 -50 -50 2 1
5746920 5747304 -50 -50 1 1
5749482 5749787 -50 -50 2 1
5750443 5750848 -50 -50 2 1
5751627 5751844 -50 -50 2 1
5754246 5754791 -50 -50 2 1
5756020 5756453 -50 -50 1 1
5758133 5758405 -50 -50 1 1
5759067 5759406 -50 -50 2 1
5762592 5762798 -50 -50 2 1
5764194 5764422 -50 -50 2 1
5765840 5766157 -50 -50 1 1
5768259 5768548 -50 -50 2 1
5769196 5769571 -50 -50 2 1
5771086 5771214 -50 -50 1 1
5771567 5771707 -50 -50 1 1
5772796 5773336 -50 -50 2 1
5774192 5774487 -50 -50 1 1
5774753 5774930 -50 -50 1 1
5775530 5775743 -50 -50 2 1
5777773 5778173 -50 -50 2 1
5779144 5779361 -50 -50 1 1
5779652 5779924 -50 -50 2 1
5780228 5780351 -50 -50 2 1
5780814 5781011 -50 -50 1 1
5781490 5781724 -50 -50 2 1
5782625 5782955 -50 -50 1 1
5783478 5783968 -50 -50 2 1
5784675 5784883 -50 -50 2 1
5796399 5796682 -50 -50 1 1
5798311 5798590 -50 -50 2 1
5799011 5799289 -50 -50 2 1
5800169 5800625 -50 -50 2 1
5801617 5801810 -50 -50 1 1
5802656 5802849 -50 -50 1 1
5805613 5805791 -50 -50 2 1
5806773 5807037 -50 -50 2 1
6233779 6233918 -50 -50 1 1
6246607 6246768 -50 -50 2 1
6246833 6247003 -50 -50 2 1
6252607 6252813 -50 -50 1 1
6261354 6261560 -50 -50 2 1
6266574 6266915 -50 -50 1 1
6269110 6269378 -50 -50 2 1
6269762 6269880 -50 -50 2 1
6271611 6272011 -50 -50 1 1
6273396 6273563 -50 -50 1 1
6274220 6274369 -50 -50 1 1
6276232 6276482 -50 -50 1 1
6277500 6278023 -50 -50 1 1
6279329 6279702 -50 -50 1 1
6279808 6280084 -50 -50 2 1
6280803 6280964 -50 -50 2 1
6282435 6282830 -50 -50 1 1
6283883 6284200 -50 -50 1 1
6285251 6285688 -50 -50 2 1
6286786 6287086 -50 -50 2 1
6290641 6291036 -50 -50 1 1
6293673 6294118 -50 -50 1 1
6294702 6295047 -50 -50 2 1
6295912 6296066 -50 -50 2 1
6296226 6296508 -50 -50 2 1
6298825 6298931 -50 -50 1 1
6300926 6301033 -50 -50 2 1
6302601 6302823 -50 -50 2 1
6303635 6303841 -50 -50 1 1
6304080 6304386 -50 -50 1 1
6305236 6305476 -50 -50 2 1
6309905 6310477 -50 -50 1 1
6311719 6311870 -50 -50 2 1
6312043 6312231 -50 -50 2 1
6312390 6312546 -50 -50 1 1
6312941 6313058 -50 -50 2 1
6313753 6313986 -50 -50 2 1
6314392 6314631 -50 -50 2 1
6317188 6317350 -50 -50 2 1
6318844 6318994 -50 -50 2 1
6319380 6319580 -50 -50 1 1
6319997 6320209 -50 -50 2 1
6322719 6323143 -50 -50 2 1
6323718 6323900 -50 -50 1 1
6324513 6324702 -50 -50 1 1
6324838 6325019 -50 -50 2 1
6325319 6325558 -50 -50 1 1
6326745 6327029 -50 -50 2 1
6328350 6328539 -50 -50 1 1
6331616 6332039 -50 -50 2 1
6332180 6332483 -50 -50 2 1
6333029 6333446 -50 -50 2 1
6335134 6335250 -50 -50 1 1
6336362 6336539 -50 -50 1 1
6338401 6338562 -50 -50 2 1
6339101 6339470 -50 -50 1 1
6339870 6340047 -50 -50 2 1
6342479 6342830 -50 -50 1 1
6344965 6345185 -50 -50 2 1
6345320 6345404 -50 -50 1 1
6346658 6346778 -50 -50 1 1
6346861 6347134 -50 -50 1 1
6347543 6347791 -50 -50 2 1
6348273 6348447 -50 -50 1 1
6348830 6349158 -50 -50 2 1
6350464 6350704 -50 -50 1 1
6351532 6351838 -50 -50 1 1
6352650 6352789 -50 -50 2 1
6353198 6353508 -50 -50 1 1
6355274 6355597 -50 -50 1 1
6356147 6356325 -50 -50 2 1
6356823 6357050 -50 -50 1 1
6358554 6358775 -50 -50 2 1
6358842 6359233 -50 -50 2 1
6359835 6360226 -50 -50 2 1
6360513 6360835 -50 -50 2 1
6362003 6362131 -50 -50 1 1
6362706 6363001 -50 -50 1 1
6364171 6364277 -50 -50 1 1
6364913 6365197 -50 -50 2 1
6367199 6367500 -50 -50 1 1
6367586 6367703 -50 -50 1 1
6367814 6368016 -50 -50 1 1
6368478 6368790 -50 -50 2 1
6370013 6370458 -50 -50 1 1
6370858 6371453 -50 -50 1 1
6372612 6373028 -50 -50 1 1
6373570 6373697 -50 -50 1 1
6374309 6374520 -50 -50 2 1
6375779 6375966 -50 -50 1 1
6376154 6376277 -50 -50 2 1
6377353 6377826 -50 -50 2 1
6378446 6378579 -50 -50 1 1
6378898 6378966 -50 -50 2 1
6380074 6380234 -50 -50 1 1
6380381 6380520 -50 -50 1 1
6381974 6382224 -50 -50 2 1
6382654 6382821 -50 -50 2 1
6382891 6383328 -50 -50 1 1
6383517 6383698 -50 -50 1 1
6387138 6387399 -50 -50 1 1
6389312 6389478 -50 -50 1 1
6390783 6391169 -50 -50 2 1
6392348 6392476 -50 -50 2 1
6395014 6395437 -50 -50 2 1
6396276 6396543 -50 -50 1 1
6397278 6397705 -50 -50 2 1
6398935 6399044 -50 -50 1 1
6399883 6400292 -50 -50 2 1
6400942 6401182 -50 -50 1 1
6401379 6401593 -50 -50 2 1
6403911 6404334 -50 -50 2 1
6405168 6405696 -50 -50 1 1
6406280 6406580 -50 -50 2 1
6407845 6408034 -50 -50 1 1
6409263 6409419 -50 -50 2 1
6410370 6410581 -50 -50 1 1
6411561 6411767 -50 -50 1 1
6412383 6412783 -50 -50 1 1
6416656 6417073 -50 -50 1 1
6418247 6418502 -50 -50 2 1
6418824 6418939 -50 -50 1 1
6419381 6419693 -50 -50 1 1
6420198 6420371 -50 -50 2 1
6420921 6421277 -50 -50 1 1
6422562 6422734 -50 -50 1 1
6423863 6424369 -50 -50 1 1
6425036 6425442 -50 -50 1 1
6425514 6425620 -50 -50 2 1
6426215 6426388 -50 -50 1 1
6426838 6427160 -50 -50 2 1
6427566 6427844 -50 -50 1 1
6428431 6428553 -50 -50 1 1
6429090 6429451 -50 -50 2 1
6429869 6430069 -50 -50 2 1
6430680 6430958 -50 -50 1 1
6431609 6431780 -50 -50 1 1
6432971 6433361 -50 -50 1 1
6434289 6434868 -50 -50 2 1
6435559 6436089 -50 -50 1 1
6436641 6437075 -50 -50 2 1
6437439 6437749 -50 -50 1 1
6439231 6439430 -50 -50 2 1
6440773 6440895 -50 -50 1 1
6441713 6441996 -50 -50 2 1
6442820 6443212 -50 -50 2 1
6443523 6443662 -50 -50 1 1
6443795 6444207 -50 -50 2 1
6444863 6445113 -50 -50 2 1
6445253 6445439 -50 -50 2 1
6447332 6447521 -50 -50 1 1
6448539 6448856 -50 -50 1 1
6449489 6449578 -50 -50 2 1
6449813 6449915 -50 -50 2 1
6450601 6450785 -50 -50 1 1
6451829 6452091 -50 -50 2 1
6453460 6453721 -50 -50 2 1
6454177 6454578 -50 -50 1 1
6454803 6455025 -50 -50 2 1
6456935 6457063 -50 -50 1 1
6457514 6457718 -50 -50 2 1
6458002 6458125 -50 -50 1 1
6458509 6458943 -50 -50 1 1
6459204 6459643 -50 -50 1 1
6459863 6460013 -50 -50 1 1
6461326 6461470 -50 -50 2 1
6462590 6463024 -50 -50 2 1
6463380 6463780 -50 -50 2 1
6464250 6464367 -50 -50 1 1
6464586 6464717 -50 -50 2 1
6465743 6466194 -50 -50 2 1
6466744 6466933 -50 -50 2 1
6468424 6468635 -50 -50 1 1
6472052 6472241 -50 -50 2 1
6472830 6473124 -50 -50 1 1
6473659 6473967 -50 -50 2 1
6474101 6474246 -50 -50 1 1
6474781 6475327 -50 -50 2 1
6475692 6476003 -50 -50 1 1
6476270 6476448 -50 -50 2 1
6478500 6478721 -50 -50 1 1
6480755 6481205 -50 -50 1 1
6481432 6481671 -50 -50 1 1
6481839 6482100 -50 -50 1 1
6482351 6482614 -50 -50 2 1
6482684 6482812 -50 -50 1 1
6484408 6484692 -50 -50 2 1
6486079 6486307 -50 -50 1 1
6486626 6486730 -50 -50 2 1
6487002 6487141 -50 -50 1 1
6487452 6487519 -50 -50 1 1
6487736 6487958 -50 -50 1 1
6488612 6488951 -50 -50 1 1
6490108 6490525 -50 -50 1 1
6490786 6490953 -50 -50 1 1
6491068 6491518 -50 -50 1 1
6492438 6492671 -50 -50 1 1
6492736 6492867 -50 -50 1 1
6493461 6493561 -50 -50 2 1
6493703 6493842 -50 -50 1 1
6494515 6494799 -50 -50 1 1
6495418 6495674 -50 -50 2 1
6496686 6497034 -50 -50 1 1
6497690 6498090 -50 -50 2 1
6498824 6499052 -50 -50 2 1
6499972 6500239 -50 -50 1 1
6501034 6501251 -50 -50 1 1
6503645 6503845 -50 -50 2 1
6506656 6506890 -50 -50 1 1
6507791 6508142 -50 -50 2 1
6508259 6508395 -50 -50 2 1
6510012 6510502 -50 -50 2 1
6511558 6511925 -50 -50 1 1
6512020 6512142 -50 -50 2 1
6513527 6513917 -50 -50 1 1
6514069 6514341 -50 -50 2 1
6514445 6514560 -50 -50 1 1
6515314 6515742 -50 -50 1 1
6516610 6516916 -50 -50 1 1
6517549 6517650 -50 -50 1 1
6517960 6518068 -50 -50 1 1
6518522 6518773 -50 -50 1 1
6520165 6520323 -50 -50 1 1
6521014 6521159 -50 -50 1 1
6521297 6521714 -50 -50 1 1
6522677 6523110 -50 -50 2 1
6523226 6523457 -50 -50 1 1
6523867 6524167 -50 -50 1 1
6524484 6524690 -50 -50 1 1
6525474 6525802 -50 -50 1 1
6526097 6526363 -50 -50 2 1
6526986 6527253 -50 -50 2 1
6528115 6528532 -50 -50 1 1
6529144 6529311 -50 -50 1 1
6530339 6530451 -50 -50 2 1
6531023 6531151 -50 -50 1 1
6532148 6532310 -50 -50 2 1
6532838 6532975 -50 -50 1 1
6533378 6533624 -50 -50 1 1
6533886 6534158 -50 -50 2 1
6534503 6534832 -50 -50 2 1
6535477 6535622 -50 -50 2 1
6536492 6536904 -50 -50 1 1
6538971 6539564 -50 -50 2 1
6540297 6540579 -50 -50 1 1
6541032 6541255 -50 -50 2 1
6542612 6542717 -50 -50 1 1
6544358 6544515 -50 -50 1 1
6544591 6544793 -50 -50 1 1
6545190 6545381 -50 -50 1 1
6545870 6546179 -50 -50 1 1
6546450 6546595 -50 -50 1 1
6547697 6547858 -50 -50 1 1
6548064 6548264 -50 -50 1 1
6550313 6550736 -50 -50 1 1
6551773 6551918 -50 -50 2 1
6552340 6552474 -50 -50 2 1
6552724 6552835 -50 -50 1 1
6553080 6553236 -50 -50 1 1
6554584 6554893 -50 -50 1 1
6573896 6574141 -50 -50 1 1
6585646 6585791 -50 -50 1 1
6590762 6590973 -50 -50 2 1
