682017 682138 -50 -50 1 1
682388 682564 -50 -50 2 1
687087 687346 -50 -50 2 1
697626 697848 -50 -50 2 1
698670 698954 -50 -50 1 1
699642 700008 -50 -50 2 1
704393 704504 -50 -50 2 1
717420 717772 -50 -50 2 1
718809 718888 -50 -50 1 1
751236 751472 -50 -50 1 1
753061 753436 -50 -50 1 1
754076 754209 -50 -50 2 1
756904 757037 -50 -50 2 1
764337 764494 -50 -50 1 1
766431 766842 -50 -50 2 1
767771 768080 -50 -50 1 1
770297 770669 -50 -50 2 1
771223 771552 -50 -50 1 1
772158 772361 -50 -50 2 1
773165 773593 -50 -50 2 1
774334 774917 -50 -50 2 1
775732 775909 -50 -50 1 1
777362 777491 -50 -50 2 1
779932 780214 -50 -50 1 1
781148 781337 -50 -50 2 1
782104 782465 -50 -50 1 1
784798 784981 -50 -50 1 1
791122 791497 -50 -50 2 1
792732 792894 -50 -50 2 1
793748 793854 -50 -50 1 1
794793 794948 -50 -50 1 1
795630 795843 -50 -50 1 1
798093 798326 -50 -50 2 1
799130 799537 -50 -50 2 1
800020 800148 -50 -50 1 1
802720 802954 -50 -50 2 1
803526 803698 -50 -50 1 1
804686 805208 -50 -50 2 1
806565 806815 -50 -50 1 1
807623 808021 -50 -50 1 1
809363 809751 -50 -50 1 1
811560 811671 -50 -50 2 1
813184 813299 -50 -50 2 1
815398 815620 -50 -50 1 1
818059 818298 -50 -50 2 1
819859 820093 -50 -50 1 1
821432 821687 -50 -50 1 1
822737 822976 -50 -50 1 1
824204 824404 -50 -50 2 1
829926 830104 -50 -50 2 1
831214 831380 -50 -50 2 1
840441 840635 -50 -50 1 1
841102 841181 -50 -50 1 1
841287 841487 -50 -50 2 1
842370 842482 -50 -50 1 1
843103 843487 -50 -50 1 1
845231 845379 -50 -50 1 1
845610 845740 -50 -50 1 1
858755 859000 -50 -50 2 1
860698 860804 -50 -50 1 1
862528 862671 -50 -50 1 1
871285 871507 -50 -50 1 1
875478 875612 -50 -50 2 1
877315 877420 -50 -50 2 1
884055 884388 -50 -50 2 1
884927 885135 -50 -50 1 1
892440 892685 -50 -50 1 1
893788 894149 -50 -50 2 1
909616 909820 -50 -50 2 1
932474 932807 -50 -50 1 1
945075 945496 -50 -50 1 1
947407 947619 -50 -50 2 1
1001548 1002001 -50 -50 1 1
1004187 1004443 -50 -50 2 1
1004843 1005054 -50 -50 2 1
1006023 1006616 -50 -50 1 1
1023857 1024111 -50 -50 2 1
1024837 1025226 -50 -50 1 1
1026043 1026254 -50 -50 1 1
1027536 1027876 -50 -50 1 1
1028277 1028804 -50 -50 1 1
1034870 1035006 -50 -50 1 1
1035089 1035306 -50 -50 2 1
1035880 1036125 -50 -50 1 1
1038932 1039120 -50 -50 2 1
1039498 1039715 -50 -50 1 1
1042060 1042282 -50 -50 1 1
1045065 1045555 -50 -50 1 1
1045949 1046254 -50 -50 1 1
1046640 1047010 -50 -50 1 1
1047676 1048109 -50 -50 1 1
1050309 1050604 -50 -50 2 1
1051415 1051765 -50 -50 1 1
1052603 1052770 -50 -50 1 1
1071213 1071370 -50 -50 2 1
1073018 1073216 -50 -50 1 1
1074052 1074431 -50 -50 1 1
1077269 1077519 -50 -50 1 1
1086920 1087093 -50 -50 1 1
1088009 1088194 -50 -50 1 1
1088714 1088955 -50 -50 2 1
1090084 1090195 -50 -50 2 1
1090704 1090815 -50 -50 1 1
1092954 1093084 -50 -50 1 1
1094649 1094811 -50 -50 2 1
1095520 1095632 -50 -50 1 1
1098065 1098148 -50 -50 1 1
1099863 1100182 -50 -50 2 1
1103862 1104112 -50 -50 2 1
1106760 1106950 -50 -50 2 1
1108793 1108909 -50 -50 1 1
1116154 1116385 -50 -50 1 1
1118382 1118487 -50 -50 1 1
1119945 1120324 -50 -50 1 1
1121601 1121707 -50 -50 2 1
1123454 1123819 -50 -50 2 1
1126583 1127152 -50 -50 1 1
1130992 1131214 -50 -50 1 1
1133534 1133733 -50 -50 1 1
1149237 1149473 -50 -50 1 1
1157372 1157543 -50 -50 1 1
1160389 1160452 -50 -50 2 1
1161968 1162241 -50 -50 1 1
1163728 1164001 -50 -50 2 1
1184950 1185390 -50 -50 2 1
1194991 1195542 -50 -50 2 1
1197464 1197732 -50 -50 1 1
1206200 1206408 -50 -50 2 1
1247691 1247821 -50 -50 1 1
1250321 1250494 -50 -50 2 1
1264771 1265011 -50 -50 2 1
1280955 1281070 -50 -50 1 1
1282435 1282847 -50 -50 2 1
1293807 1293958 -50 -50 1 1
1302956 1303104 -50 -50 1 1
1310719 1311006 -50 -50 2 1
1311875 1312019 -50 -50 2 1
1331640 1331807 -50 -50 2 1
1350824 1350973 -50 -50 1 1
1375808 1375993 -50 -50 1 1
1394941 1395325 -50 -50 2 1
1395715 1395920 -50 -50 1 1
1398954 1399218 -50 -50 1 1
1399713 1400046 -50 -50 2 1
1401926 1402315 -50 -50 2 1
1405909 1406032 -50 -50 1 1
1411593 1411804 -50 -50 2 1
1413195 1413353 -50 -50 1 1
1414098 1414226 -50 -50 2 1
1415333 1415656 -50 -50 2 1
1416248 1416565 -50 -50 1 1
1417444 1417634 -50 -50 1 1
1423191 1423437 -50 -50 2 1
1431520 1431693 -50 -50 1 1
1435598 1435843 -50 -50 2 1
1436372 1436714 -50 -50 1 1
1437437 1437670 -50 -50 1 1
1438582 1438698 -50 -50 2 1
1438807 1438908 -50 -50 1 1
1441204 1441409 -50 -50 2 1
1443282 1443520 -50 -50 1 1
1443982 1444159 -50 -50 1 1
1445245 1445356 -50 -50 2 1
1446367 1446519 -50 -50 2 1
1447698 1447865 -50 -50 1 1
1448580 1449158 -50 -50 2 1
1449270 1449482 -50 -50 1 1
1459826 1460070 -50 -50 2 1
1460626 1460993 -50 -50 2 1
1461420 1461885 -50 -50 2 1
1462254 1462404 -50 -50 1 1
1462787 1463037 -50 -50 1 1
1463204 1463376 -50 -50 2 1
1468298 1468554 -50 -50 1 1
1472837 1473032 -50 -50 1 1
1473598 1473776 -50 -50 2 1
1474359 1474526 -50 -50 1 1
1475815 1475943 -50 -50 2 1
1476559 1476937 -50 -50 2 1
1477579 1477921 -50 -50 1 1
1478286 1478490 -50 -50 2 1
1479004 1479182 -50 -50 1 1
1481359 1481765 -50 -50 2 1
1484415 1484604 -50 -50 1 1
1485104 1485287 -50 -50 2 1
1486932 1487248 -50 -50 1 1
1488115 1488301 -50 -50 1 1
1489465 1489648 -50 -50 2 1
1489926 1490076 -50 -50 1 1
1492315 1492620 -50 -50 1 1
1493083 1493504 -50 -50 1 1
1496319 1496481 -50 -50 2 1
1496992 1497311 -50 -50 2 1
1497926 1498070 -50 -50 1 1
1499111 1499587 -50 -50 2 1
1500798 1501009 -50 -50 1 1
1501417 1501773 -50 -50 1 1
1502082 1502504 -50 -50 2 1
1504498 1504709 -50 -50 1 1
1511648 1511848 -50 -50 2 1
1512029 1512214 -50 -50 2 1
1514474 1514862 -50 -50 1 1
1515543 1515754 -50 -50 1 1
1516555 1516643 -50 -50 1 1
1517165 1517448 -50 -50 2 1
1517815 1518070 -50 -50 2 1
1518565 1519056 -50 -50 1 1
1519708 1519953 -50 -50 2 1
1520603 1521144 -50 -50 2 1
1521443 1521626 -50 -50 1 1
1522162 1522509 -50 -50 2 1
1523954 1524232 -50 -50 1 1
1524861 1525121 -50 -50 2 1
1525654 1525793 -50 -50 1 1
1526426 1526609 -50 -50 1 1
1526963 1527073 -50 -50 2 1
1528139 1528370 -50 -50 1 1
1529259 1529543 -50 -50 1 1
1530726 1530865 -50 -50 1 1
1534237 1534465 -50 -50 1 1
1536304 1536509 -50 -50 2 1
1540282 1540620 -50 -50 1 1
1541376 1541482 -50 -50 2 1
1545909 1546115 -50 -50 1 1
1547770 1547909 -50 -50 2 1
1548760 1548917 -50 -50 1 1
1550943 1551154 -50 -50 2 1
1551465 1551654 -50 -50 1 1
1557632 1557743 -50 -50 1 1
1559632 1559759 -50 -50 1 1
1562020 1562248 -50 -50 1 1
1564904 1565037 -50 -50 1 1
1565915 1566209 -50 -50 2 1
1566639 1566922 -50 -50 1 1
1569334 1569843 -50 -50 2 1
1573782 1574069 -50 -50 1 1
1574205 1574395 -50 -50 1 1
1580069 1580365 -50 -50 1 1
1586256 1586506 -50 -50 2 1
1602290 1602582 -50 -50 2 1
1605575 1606088 -50 -50 1 1
1716903 1717102 -50 -50 1 1
1720675 1720858 -50 -50 2 1
1721543 1721643 -50 -50 1 1
1730004 1730182 -50 -50 2 1
1730748 1730909 -50 -50 1 1
1732982 1733159 -50 -50 1 1
1739198 1739402 -50 -50 2 1
1740537 1740648 -50 -50 2 1
1741382 1741782 -50 -50 1 1
1742182 1742437 -50 -50 2 1
1742622 1742793 -50 -50 2 1
1743459 1743665 -50 -50 1 1
1744659 1744921 -50 -50 2 1
1745844 1746153 -50 -50 1 1
1748798 1749061 -50 -50 2 1
1750532 1750693 -50 -50 1 1
1751714 1751992 -50 -50 1 1
1753098 1753315 -50 -50 2 1
1753518 1753680 -50 -50 1 1
1754150 1754742 -50 -50 2 1
1755443 1755648 -50 -50 1 1
1756610 1756715 -50 -50 2 1
1759000 1759370 -50 -50 2 1
1760143 1760665 -50 -50 1 1
1761498 1761848 -50 -50 1 1
1762620 1762915 -50 -50 1 1
1763643 1764009 -50 -50 2 1
1765269 1765579 -50 -50 2 1
1766243 1766415 -50 -50 1 1
1767248 1767509 -50 -50 2 1
1768722 1768967 -50 -50 1 1
1770076 1770293 -50 -50 1 1
1771226 1771343 -50 -50 1 1
1772640 1772899 -50 -50 2 1
1773704 1773912 -50 -50 1 1
1774546 1774736 -50 -50 2 1
1775881 1776214 -50 -50 1 1
1777241 1777750 -50 -50 2 1
1778969 1779491 -50 -50 1 1
1780504 1780754 -50 -50 2 1
1781626 1781787 -50 -50 1 1
1782448 1782732 -50 -50 2 1
1783326 1783554 -50 -50 2 1
1784404 1784620 -50 -50 1 1
1784760 1784959 -50 -50 2 1
1786213 1786579 -50 -50 1 1
1786876 1787037 -50 -50 2 1
1787670 1787987 -50 -50 2 1
1789898 1790231 -50 -50 2 1
1791454 1791593 -50 -50 1 1
1791792 1791936 -50 -50 1 1
1794198 1794537 -50 -50 2 1
1795293 1795437 -50 -50 2 1
1796360 1796470 -50 -50 1 1
1798087 1798226 -50 -50 1 1
1806010 1806316 -50 -50 2 1
1807115 1807265 -50 -50 2 1
1808178 1808511 -50 -50 1 1
1809843 1810269 -50 -50 2 1
1810926 1811148 -50 -50 1 1
1811904 1812043 -50 -50 2 1
1812367 1812482 -50 -50 1 1
1813615 1813743 -50 -50 2 1
1814598 1814876 -50 -50 1 1
1815528 1815982 -50 -50 2 1
1816528 1816638 -50 -50 2 1
1817587 1817748 -50 -50 1 1
1818778 1819111 -50 -50 2 1
1819893 1820388 -50 -50 2 1
1821399 1821769 -50 -50 2 1
1823326 1823798 -50 -50 1 1
1824408 1824718 -50 -50 2 1
1825037 1825431 -50 -50 1 1
1826243 1826443 -50 -50 2 1
1826649 1826844 -50 -50 2 1
1829488 1829696 -50 -50 1 1
1832185 1832399 -50 -50 2 1
1834079 1834361 -50 -50 1 1
1834750 1835083 -50 -50 2 1
1835719 1835964 -50 -50 1 1
1837287 1837505 -50 -50 2 1
1838711 1838873 -50 -50 1 1
1839427 1839663 -50 -50 2 1
1841365 1841693 -50 -50 2 1
1842420 1842659 -50 -50 1 1
1843626 1843987 -50 -50 2 1
1846634 1846859 -50 -50 2 1
1849144 1849588 -50 -50 1 1
1850328 1850587 -50 -50 2 1
1851559 1851809 -50 -50 2 1
1855123 1855547 -50 -50 1 1
1856386 1856626 -50 -50 2 1
1858348 1858576 -50 -50 2 1
1859189 1859481 -50 -50 1 1
1860431 1860750 -50 -50 2 1
1862565 1862682 -50 -50 2 1
1864259 1864476 -50 -50 1 1
1866098 1866306 -50 -50 2 1
1867175 1867275 -50 -50 2 1
1868161 1868286 -50 -50 2 1
1868990 1869112 -50 -50 1 1
1870532 1870665 -50 -50 2 1
1872672 1872973 -50 -50 2 1
1873982 1874082 -50 -50 1 1
1875936 1876102 -50 -50 2 1
1881163 1881371 -50 -50 2 1
1881904 1882026 -50 -50 1 1
1882815 1883109 -50 -50 2 1
1885715 1885854 -50 -50 2 1
1889443 1889620 -50 -50 1 1
1891537 1891770 -50 -50 2 1
1893817 1893916 -50 -50 1 1
1899312 1899422 -50 -50 2 1
1907304 1907570 -50 -50 1 1
1914121 1914348 -50 -50 2 1
1914848 1915084 -50 -50 1 1
1916459 1916693 -50 -50 1 1
1917348 1917593 -50 -50 2 1
1918957 1919062 -50 -50 2 1
1919709 1919882 -50 -50 1 1
1920682 1920770 -50 -50 1 1
1922176 1922343 -50 -50 2 1
1930804 1930916 -50 -50 2 1
1932653 1932880 -50 -50 1 1
1936993 1937237 -50 -50 2 1
1939023 1939278 -50 -50 1 1
1967973 1968052 -50 -50 1 1
1971209 1971311 -50 -50 2 1
1982054 1982187 -50 -50 1 1
2039609 2039782 -50 -50 2 1
2053743 2053882 -50 -50 1 1
2222676 2222809 -50 -50 2 1
2242714 2242850 -50 -50 1 1
2249608 2249798 -50 -50 1 1
2254854 2254998 -50 -50 1 1
2256644 2257052 -50 -50 1 1
2259713 2259880 -50 -50 2 1
2261054 2261248 -50 -50 2 1
2262278 2262503 -50 -50 2 1
2289017 2289409 -50 -50 1 1
2289877 2290066 -50 -50 2 1
2290636 2291030 -50 -50 1 1
2291493 2291698 -50 -50 2 1
2293393 2293659 -50 -50 1 1
2294381 2294737 -50 -50 2 1
2296130 2296412 -50 -50 2 1
2299088 2299389 -50 -50 1 1
2301158 2301575 -50 -50 2 1
2302246 2302362 -50 -50 2 1
2305032 2305198 -50 -50 1 1
2308337 2308448 -50 -50 2 1
2310526 2310643 -50 -50 1 1
2311657 2311893 -50 -50 2 1
2312346 2312726 -50 -50 1 1
2313426 2313676 -50 -50 1 1
2314134 2314431 -50 -50 2 1
2314765 2314948 -50 -50 2 1
2315258 2315399 -50 -50 1 1
2316038 2316187 -50 -50 2 1
2317254 2317626 -50 -50 2 1
2318187 2318420 -50 -50 1 1
2321696 2321969 -50 -50 1 1
2323833 2324124 -50 -50 1 1
2325559 2325854 -50 -50 2 1
2326306 2326475 -50 -50 2 1
2326998 2327232 -50 -50 1 1
2328579 2328797 -50 -50 2 1
2331493 2331644 -50 -50 2 1
2333677 2334029 -50 -50 1 1
2335282 2335791 -50 -50 1 1
2337198 2337443 -50 -50 2 1
2341481 2341838 -50 -50 1 1
2348016 2348289 -50 -50 2 1
2350084 2350319 -50 -50 2 1
2353931 2354193 -50 -50 1 1
2357187 2357337 -50 -50 1 1
2359097 2359380 -50 -50 1 1
2360215 2360443 -50 -50 1 1
2362395 2362699 -50 -50 2 1
2363980 2364393 -50 -50 2 1
2365654 2365816 -50 -50 1 1
2378587 2379015 -50 -50 2 1
2380737 2380959 -50 -50 1 1
2381959 2382288 -50 -50 1 1
2383521 2383699 -50 -50 1 1
2386143 2386387 -50 -50 1 1
2389537 2389804 -50 -50 2 1
2394205 2394399 -50 -50 1 1
2397293 2397454 -50 -50 2 1
2404243 2404461 -50 -50 1 1
2407691 2407947 -50 -50 2 1
2419398 2419665 -50 -50 2 1
2423326 2423548 -50 -50 1 1
2425104 2425293 -50 -50 2 1
2425532 2425759 -50 -50 2 1
2428051 2428232 -50 -50 1 1
2428570 2428804 -50 -50 2 1
2429002 2429201 -50 -50 1 1
2432454 2432737 -50 -50 2 1
2434515 2434809 -50 -50 1 1
2435320 2435543 -50 -50 2 1
2436209 2436437 -50 -50 1 1
2436870 2436976 -50 -50 1 1
2437465 2437609 -50 -50 1 1
2451876 2452209 -50 -50 2 1
2452971 2453290 -50 -50 1 1
2464037 2464343 -50 -50 1 1
2464565 2464765 -50 -50 1 1
2474193 2474360 -50 -50 1 1
2475938 2476373 -50 -50 1 1
2480765 2481084 -50 -50 2 1
2481948 2482120 -50 -50 2 1
2483365 2483554 -50 -50 1 1
2486826 2487209 -50 -50 1 1
2487482 2487650 -50 -50 2 1
2488187 2488298 -50 -50 1 1
2492431 2492645 -50 -50 2 1
2497587 2497759 -50 -50 1 1
2498037 2498176 -50 -50 2 1
2498870 2499037 -50 -50 2 1
2499604 2499893 -50 -50 2 1
2500670 2500880 -50 -50 1 1
2501387 2501604 -50 -50 2 1
2501870 2502054 -50 -50 2 1
2502195 2502440 -50 -50 1 1
2504882 2505215 -50 -50 2 1
2506007 2506211 -50 -50 2 1
2507665 2507920 -50 -50 1 1
2508826 2509059 -50 -50 2 1
2509824 2510027 -50 -50 1 1
2512121 2512361 -50 -50 1 1
2512632 2512893 -50 -50 2 1
2513126 2513343 -50 -50 1 1
2513719 2513918 -50 -50 1 1
2514643 2515037 -50 -50 2 1
2530060 2530310 -50 -50 1 1
2530543 2530809 -50 -50 2 1
2540099 2540233 -50 -50 2 1
2540774 2541061 -50 -50 1 1
2548185 2548380 -50 -50 1 1
2549129 2549286 -50 -50 2 1
2550904 2551104 -50 -50 2 1
2551824 2552180 -50 -50 1 1
2552488 2552983 -50 -50 2 1
2553552 2553834 -50 -50 1 1
2554434 2554565 -50 -50 2 1
2555719 2556103 -50 -50 1 1
2556783 2557051 -50 -50 2 1
2570359 2570720 -50 -50 1 1
2571602 2572088 -50 -50 2 1
2572276 2572448 -50 -50 2 1
2575876 2576076 -50 -50 1 1
2583246 2583510 -50 -50 2 1
2584798 2585043 -50 -50 2 1
2586215 2586404 -50 -50 1 1
2587165 2587309 -50 -50 1 1
2587633 2587816 -50 -50 1 1
2589509 2589826 -50 -50 2 1
2590393 2590515 -50 -50 1 1
2591443 2591737 -50 -50 1 1
2592493 2592720 -50 -50 1 1
2593609 2593798 -50 -50 2 1
2594305 2594578 -50 -50 1 1
2594825 2595288 -50 -50 2 1
2595912 2596269 -50 -50 1 1
2599915 2600198 -50 -50 1 1
2602198 2602359 -50 -50 1 1
2603059 2603243 -50 -50 1 1
2606175 2606481 -50 -50 1 1
2607487 2607829 -50 -50 1 1
2610483 2610646 -50 -50 1 1
2617826 2618009 -50 -50 1 1
2618918 2619090 -50 -50 2 1
2620070 2620287 -50 -50 1 1
2620916 2621448 -50 -50 2 1
2621700 2622038 -50 -50 2 1
2625676 2625973 -50 -50 1 1
2626943 2627215 -50 -50 2 1
2628106 2628242 -50 -50 1 1
2628690 2629162 -50 -50 2 1
2629787 2630032 -50 -50 2 1
2631274 2631607 -50 -50 1 1
2631834 2632130 -50 -50 2 1
3720359 3720637 -50 -50 1 1
3721808 3722178 -50 -50 2 1
3722726 3723048 -50 -50 1 1
3723441 3723746 -50 -50 1 1
3735572 3735901 -50 -50 1 1
3737632 3737965 -50 -50 2 1
3738570 3739111 -50 -50 1 1
3742726 3743082 -50 -50 2 1
3743973 3744306 -50 -50 2 1
3745343 3745826 -50 -50 1 1
3746751 3747232 -50 -50 1 1
3751903 3752316 -50 -50 2 1
3754229 3754511 -50 -50 1 1
3755204 3755420 -50 -50 2 1
3755682 3755895 -50 -50 1 1
3757638 3757748 -50 -50 2 1
3758293 3758515 -50 -50 2 1
3760232 3760342 -50 -50 1 1
3761368 3761509 -50 -50 2 1
3761999 3762171 -50 -50 2 1
3762626 3762973 -50 -50 1 1
3764404 3764526 -50 -50 2 1
3764859 3764987 -50 -50 2 1
3772532 3772854 -50 -50 1 1
3773920 3774087 -50 -50 2 1
3775743 3775948 -50 -50 1 1
3776811 3777362 -50 -50 2 1
3777670 3778226 -50 -50 1 1
3779517 3779705 -50 -50 1 1
3782776 3782887 -50 -50 2 1
3784804 3784926 -50 -50 1 1
3788340 3788460 -50 -50 2 1
3789413 3789848 -50 -50 1 1
3790787 3791109 -50 -50 2 1
3791982 3792143 -50 -50 2 1
3796259 3796398 -50 -50 1 1
3796683 3796850 -50 -50 2 1
3798026 3798154 -50 -50 2 1
3799005 3799398 -50 -50 1 1
3799628 3799811 -50 -50 2 1
3800346 3800504 -50 -50 1 1
3804140 3804478 -50 -50 2 1
3805158 3805523 -50 -50 1 1
3806465 3806721 -50 -50 2 1
3810954 3811491 -50 -50 2 1
3817715 3817954 -50 -50 1 1
3818973 3819320 -50 -50 1 1
3820126 3820293 -50 -50 2 1
3820798 3821266 -50 -50 1 1
3822084 3822441 -50 -50 2 1
3824609 3824948 -50 -50 1 1
3828132 3828309 -50 -50 1 1
3829259 3829382 -50 -50 2 1
3829935 3830189 -50 -50 2 1
3830970 3831109 -50 -50 2 1
3831894 3832102 -50 -50 1 1
3832900 3833271 -50 -50 2 1
3836046 3836272 -50 -50 1 1
3836936 3837140 -50 -50 1 1
3842261 3842520 -50 -50 2 1
3845728 3845955 -50 -50 1 1
3847481 3847986 -50 -50 2 1
3849937 3850045 -50 -50 2 1
3850796 3851115 -50 -50 2 1
3852269 3852607 -50 -50 1 1
3853477 3853731 -50 -50 2 1
3853984 3854104 -50 -50 1 1
3854226 3854432 -50 -50 2 1
3859843 3860009 -50 -50 1 1
3861672 3861986 -50 -50 2 1
3862768 3863203 -50 -50 1 1
3870936 3871292 -50 -50 1 1
3872037 3872272 -50 -50 2 1
3882804 3883345 -50 -50 1 1
3883609 3883886 -50 -50 1 1
3884312 3884488 -50 -50 2 1
3885089 3885390 -50 -50 1 1
3886389 3886699 -50 -50 1 1
3886768 3886916 -50 -50 2 1
3887309 3887537 -50 -50 1 1
3888292 3888663 -50 -50 1 1
3889953 3890203 -50 -50 1 1
3892622 3892840 -50 -50 1 1
3893373 3893503 -50 -50 1 1
3894228 3894496 -50 -50 2 1
3897739 3898037 -50 -50 1 1
3915179 3915457 -50 -50 1 1
3918584 3918797 -50 -50 2 1
3923815 3923948 -50 -50 1 1
3931454 3931750 -50 -50 2 1
3932617 3932802 -50 -50 2 1
3937410 3937710 -50 -50 1 1
3942774 3942963 -50 -50 1 1
3944032 3944220 -50 -50 2 1
3953055 3953245 -50 -50 1 1
3957332 3957498 -50 -50 1 1
3964086 3964243 -50 -50 1 1
3964777 3964960 -50 -50 2 1
3967393 3967466 -50 -50 1 1
3973657 3973768 -50 -50 2 1
3987043 3987187 -50 -50 1 1
4011864 4012063 -50 -50 2 1
4018121 4018380 -50 -50 1 1
4064913 4065080 -50 -50 1 1
4082928 4083032 -50 -50 2 1
4093871 4094002 -50 -50 2 1
4095718 4095945 -50 -50 1 1
4099798 4099937 -50 -50 1 1
4102906 4103084 -50 -50 1 1
4113417 4113695 -50 -50 2 1
4139397 4139569 -50 -50 1 1
4139663 4139885 -50 -50 2 1
4169085 4169289 -50 -50 2 1
4178013 4178245 -50 -50 1 1
4193256 4193483 -50 -50 2 1
4199492 4199673 -50 -50 2 1
4214335 4214640 -50 -50 2 1
4233501 4233769 -50 -50 1 1
4236963 4237130 -50 -50 1 1
4238599 4238918 -50 -50 2 1
4243623 4243730 -50 -50 1 1
4244671 4244823 -50 -50 2 1
4249252 4249447 -50 -50 2 1
4250215 4250682 -50 -50 1 1
4257822 4257901 -50 -50 1 1
4285287 4285486 -50 -50 2 1
4287383 4287600 -50 -50 2 1
4308020 4308255 -50 -50 1 1
4311937 4312076 -50 -50 2 1
4344552 4344769 -50 -50 1 1
4346828 4346970 -50 -50 2 1
4348398 4348625 -50 -50 1 1
4364237 4364462 -50 -50 2 1
4369854 4370109 -50 -50 1 1
4371115 4371282 -50 -50 2 1
4372004 4372143 -50 -50 1 1
4372662 4373027 -50 -50 1 1
4373976 4374115 -50 -50 2 1
4374602 4374894 -50 -50 1 1
4377732 4378278 -50 -50 1 1
4382520 4382996 -50 -50 2 1
4383954 4384148 -50 -50 1 1
4385909 4386283 -50 -50 2 1
4387276 4387465 -50 -50 2 1
4388982 4389103 -50 -50 1 1
4389380 4389973 -50 -50 1 1
4390407 4390856 -50 -50 2 1
4391226 4391426 -50 -50 1 1
4391927 4392325 -50 -50 1 1
4394804 4394920 -50 -50 1 1
4395748 4395915 -50 -50 1 1
4396685 4397062 -50 -50 2 1
4397721 4397988 -50 -50 2 1
4398998 4399243 -50 -50 1 1
4400326 4400582 -50 -50 1 1
4402090 4402609 -50 -50 2 1
4404876 4405065 -50 -50 2 1
4405958 4406259 -50 -50 1 1
4407231 4407603 -50 -50 1 1
4410515 4410682 -50 -50 1 1
4411280 4411599 -50 -50 1 1
4412298 4412543 -50 -50 1 1
4413306 4413556 -50 -50 2 1
4419269 4419445 -50 -50 1 1
4420348 4420576 -50 -50 1 1
4421254 4421526 -50 -50 1 1
4422387 4422537 -50 -50 1 1
4423643 4423837 -50 -50 1 1
4424649 4425029 -50 -50 2 1
4425390 4425709 -50 -50 2 1
4426459 4426676 -50 -50 1 1
4427217 4427494 -50 -50 1 1
4427913 4427992 -50 -50 2 1
4428177 4428686 -50 -50 1 1
4429120 4429398 -50 -50 1 1
4430305 4430582 -50 -50 1 1
4431242 4431672 -50 -50 1 1
4432370 4432520 -50 -50 2 1
4433754 4434232 -50 -50 1 1
4434749 4435293 -50 -50 2 1
4436132 4436254 -50 -50 1 1
4436959 4437198 -50 -50 2 1
4437959 4438515 -50 -50 1 1
4438791 4439074 -50 -50 2 1
4439784 4440232 -50 -50 2 1
4443815 4443998 -50 -50 1 1
4681670 4681798 -50 -50 2 1
4682574 4682688 -50 -50 1 1
4683399 4683737 -50 -50 1 1
4687010 4687278 -50 -50 2 1
4687854 4688070 -50 -50 1 1
4688770 4689163 -50 -50 1 1
4690463 4690824 -50 -50 2 1
4691759 4692015 -50 -50 2 1
4692899 4693366 -50 -50 1 1
4694050 4694351 -50 -50 2 1
4695187 4695393 -50 -50 1 1
4696611 4696921 -50 -50 2 1
4699459 4699593 -50 -50 1 1
4702097 4702440 -50 -50 2 1
4703493 4703726 -50 -50 2 1
4704311 4704787 -50 -50 1 1
4706443 4706709 -50 -50 2 1
4707837 4708082 -50 -50 2 1
4708670 4708965 -50 -50 1 1
4709113 4709400 -50 -50 1 1
4710040 4710198 -50 -50 2 1
4711555 4711898 -50 -50 1 1
4714032 4714293 -50 -50 2 1
4714495 4714870 -50 -50 1 1
4715293 4715559 -50 -50 1 1
4715802 4716251 -50 -50 2 1
4716510 4716843 -50 -50 2 1
4717121 4717523 -50 -50 1 1
4717900 4718067 -50 -50 2 1
4718881 4719121 -50 -50 2 1
4720893 4721124 -50 -50 1 1
4721936 4722269 -50 -50 2 1
4724433 4724737 -50 -50 1 1
4727529 4727844 -50 -50 1 1
4729204 4729348 -50 -50 1 1
4730593 4730887 -50 -50 1 1
4731413 4731663 -50 -50 1 1
4733076 4733370 -50 -50 2 1
4734693 4734854 -50 -50 2 1
4735532 4735820 -50 -50 1 1
4736501 4736723 -50 -50 1 1
4737663 4737963 -50 -50 2 1
4739057 4739289 -50 -50 1 1
4739636 4740043 -50 -50 1 1
4741973 4742104 -50 -50 1 1
4746996 4747361 -50 -50 1 1
4747680 4747925 -50 -50 1 1
4750970 4751437 -50 -50 1 1
4752330 4752639 -50 -50 1 1
4753842 4754120 -50 -50 1 1
4754654 4755066 -50 -50 2 1
4756215 4756415 -50 -50 1 1
4757970 4758237 -50 -50 1 1
4759336 4759706 -50 -50 2 1
4760543 4760756 -50 -50 1 1
4761158 4761478 -50 -50 1 1
4762932 4763120 -50 -50 1 1
4763742 4764080 -50 -50 1 1
4764604 4764715 -50 -50 1 1
4766180 4766485 -50 -50 1 1
4766617 4766973 -50 -50 2 1
4767608 4767744 -50 -50 1 1
4769471 4769772 -50 -50 1 1
4771015 4771182 -50 -50 1 1
4772164 4772520 -50 -50 2 1
4773744 4773927 -50 -50 1 1
4774204 4774528 -50 -50 1 1
4775386 4775595 -50 -50 1 1
4776464 4776889 -50 -50 1 1
4778844 4779288 -50 -50 1 1
4780220 4780437 -50 -50 2 1
4780879 4781152 -50 -50 2 1
4781753 4781925 -50 -50 1 1
4782898 4783220 -50 -50 1 1
4783648 4783948 -50 -50 2 1
4784742 4785057 -50 -50 2 1
4787582 4787837 -50 -50 2 1
4789554 4789804 -50 -50 2 1
4791676 4792010 -50 -50 1 1
4792304 4792443 -50 -50 1 1
4793404 4793737 -50 -50 2 1
4794743 4794993 -50 -50 1 1
4795604 4796054 -50 -50 2 1
4796887 4797059 -50 -50 1 1
4798546 4798967 -50 -50 1 1
4799915 4800070 -50 -50 1 1
4800732 4801125 -50 -50 1 1
4802082 4802298 -50 -50 1 1
4804174 4804328 -50 -50 1 1
4806054 4806259 -50 -50 2 1
4806620 4806798 -50 -50 2 1
4809398 4809609 -50 -50 1 1
4809737 4810084 -50 -50 1 1
4811120 4811409 -50 -50 1 1
4812254 4812459 -50 -50 1 1
4812912 4813158 -50 -50 1 1
4813398 4813554 -50 -50 1 1
4814603 4814955 -50 -50 2 1
4815454 4815824 -50 -50 1 1
4816209 4816459 -50 -50 2 1
4820509 4820748 -50 -50 2 1
4822176 4822348 -50 -50 1 1
4823165 4823532 -50 -50 1 1
4824776 4825198 -50 -50 2 1
4830365 4830682 -50 -50 1 1
4843715 4843887 -50 -50 2 1
4844676 4844915 -50 -50 1 1
4846032 4846293 -50 -50 2 1
4847432 4847670 -50 -50 1 1
4848615 4848882 -50 -50 1 1
4849198 4849526 -50 -50 1 1
4850395 4850668 -50 -50 1 1
4850802 4851029 -50 -50 1 1
4851593 4851854 -50 -50 1 1
4852376 4852604 -50 -50 2 1
4853348 4853626 -50 -50 1 1
4854198 4854665 -50 -50 1 1
4855076 4855587 -50 -50 1 1
4856237 4856476 -50 -50 1 1
4859099 4859339 -50 -50 1 1
4860865 4861087 -50 -50 1 1
4862898 4863154 -50 -50 2 1
4863528 4864047 -50 -50 1 1
4864648 4864809 -50 -50 2 1
4865632 4865793 -50 -50 2 1
4866330 4866709 -50 -50 1 1
4867582 4867726 -50 -50 1 1
4868321 4868603 -50 -50 2 1
4870245 4870690 -50 -50 2 1
4871309 4871409 -50 -50 1 1
4873637 4874059 -50 -50 1 1
4874895 4875144 -50 -50 1 1
4876159 4876493 -50 -50 2 1
4877304 4877543 -50 -50 2 1
4878476 4878765 -50 -50 1 1
4879143 4879426 -50 -50 1 1
4879982 4880376 -50 -50 1 1
4881104 4881470 -50 -50 1 1
4882132 4882393 -50 -50 2 1
4882837 4883132 -50 -50 2 1
4884140 4884468 -50 -50 2 1
4885870 4886138 -50 -50 2 1
4887759 4888126 -50 -50 1 1
4888993 4889488 -50 -50 2 1
4889800 4889967 -50 -50 2 1
4890820 4891109 -50 -50 1 1
4892072 4892228 -50 -50 1 1
4893476 4893698 -50 -50 1 1
4894588 4894879 -50 -50 1 1
4895082 4895426 -50 -50 1 1
4895598 4895848 -50 -50 2 1
4896417 4896584 -50 -50 2 1
4898765 4898965 -50 -50 2 1
4900615 4900804 -50 -50 1 1
4901737 4901882 -50 -50 1 1
4904348 4904648 -50 -50 2 1
4906626 4906759 -50 -50 1 1
4907187 4907448 -50 -50 2 1
4908348 4908637 -50 -50 1 1
4909837 4910104 -50 -50 1 1
4911362 4911626 -50 -50 2 1
4913165 4913365 -50 -50 1 1
4913549 4913695 -50 -50 1 1
4915134 4915722 -50 -50 1 1
4917070 4917292 -50 -50 1 1
4919282 4919632 -50 -50 1 1
4920282 4920843 -50 -50 1 1
4921287 4921657 -50 -50 2 1
4922485 4922874 -50 -50 1 1
4925055 4925272 -50 -50 2 1
4946382 4946615 -50 -50 2 1
4947426 4947820 -50 -50 2 1
4949289 4949677 -50 -50 1 1
4950043 4950427 -50 -50 2 1
4950965 4951209 -50 -50 1 1
4955704 4956015 -50 -50 2 1
4958078 4958481 -50 -50 2 1
4959917 4960185 -50 -50 1 1
4961534 4962001 -50 -50 1 1
4962809 4962918 -50 -50 2 1
4963804 4963970 -50 -50 1 1
4964714 4965246 -50 -50 1 1
4965417 4965713 -50 -50 2 1
4966126 4966315 -50 -50 1 1
4967377 4967640 -50 -50 1 1
4968454 4968871 -50 -50 2 1
4969787 4969959 -50 -50 2 1
4970387 4970682 -50 -50 2 1
4971390 4971797 -50 -50 1 1
4972736 4973143 -50 -50 2 1
4973821 4974191 -50 -50 1 1
4975415 4975704 -50 -50 1 1
4976862 4977265 -50 -50 2 1
4977806 4978176 -50 -50 1 1
4980908 4981454 -50 -50 2 1
4982027 4982416 -50 -50 2 1
4982696 4982987 -50 -50 1 1
4984195 4984458 -50 -50 1 1
4985632 4985959 -50 -50 1 1
4986325 4986769 -50 -50 2 1
4987782 4987893 -50 -50 2 1
4989306 4989552 -50 -50 1 1
4991536 4991818 -50 -50 1 1
4994030 4994520 -50 -50 1 1
4995024 4995242 -50 -50 2 1
4997143 4997454 -50 -50 1 1
4998176 4998459 -50 -50 1 1
4999454 4999698 -50 -50 1 1
5000705 5001029 -50 -50 2 1
5002071 5002273 -50 -50 1 1
5004422 5004602 -50 -50 1 1
5006754 5007048 -50 -50 2 1
5008282 5008576 -50 -50 2 1
5009130 5009255 -50 -50 1 1
5010103 5010473 -50 -50 1 1
5011015 5011187 -50 -50 2 1
5017198 5017392 -50 -50 1 1
5018387 5018759 -50 -50 1 1
5019172 5019741 -50 -50 2 1
5020171 5020435 -50 -50 1 1
5021111 5021397 -50 -50 2 1
5024554 5024732 -50 -50 1 1
5030170 5030326 -50 -50 1 1
5034182 5034359 -50 -50 1 1
5035726 5035920 -50 -50 1 1
5036603 5036913 -50 -50 1 1
5037848 5038082 -50 -50 1 1
5041389 5041671 -50 -50 1 1
5045598 5045776 -50 -50 1 1
5047259 5047417 -50 -50 2 1
5048720 5048854 -50 -50 1 1
5052937 5053165 -50 -50 2 1
5053454 5053805 -50 -50 1 1
5055218 5055602 -50 -50 2 1
5055712 5055838 -50 -50 1 1
5056870 5057101 -50 -50 1 1
5059817 5060000 -50 -50 2 1
5060946 5061501 -50 -50 2 1
5062282 5062435 -50 -50 1 1
5063393 5063498 -50 -50 1 1
5064394 5064602 -50 -50 1 1
5066844 5067140 -50 -50 2 1
5069936 5070311 -50 -50 1 1
5071170 5071343 -50 -50 2 1
5073445 5073658 -50 -50 2 1
5077454 5077573 -50 -50 2 1
5078268 5078513 -50 -50 2 1
5081041 5081499 -50 -50 1 1
5082937 5083259 -50 -50 1 1
5084555 5084874 -50 -50 2 1
5085859 5086232 -50 -50 2 1
5087305 5087680 -50 -50 2 1
5098511 5098752 -50 -50 1 1
5099233 5099645 -50 -50 2 1
5101773 5102027 -50 -50 1 1
5102237 5102476 -50 -50 2 1
5105677 5106186 -50 -50 1 1
5106612 5107037 -50 -50 2 1
5107320 5107682 -50 -50 2 1
5108254 5108537 -50 -50 1 1
5150537 5150720 -50 -50 2 1
5163998 5164282 -50 -50 1 1
5165844 5166246 -50 -50 2 1
5166792 5167306 -50 -50 2 1
5167559 5167759 -50 -50 2 1
5169057 5169404 -50 -50 1 1
5170693 5170954 -50 -50 1 1
5171612 5171835 -50 -50 2 1
5172478 5172612 -50 -50 1 1
5177637 5177970 -50 -50 2 1
5180834 5181027 -50 -50 2 1
5182948 5183337 -50 -50 1 1
5183993 5184248 -50 -50 2 1
5188393 5188882 -50 -50 2 1
5189837 5190265 -50 -50 1 1
5192932 5193276 -50 -50 1 1
5194743 5194987 -50 -50 1 1
5205519 5205658 -50 -50 1 1
5206065 5206304 -50 -50 1 1
