1 170457 170744
1 171409 171613
1 173758 173983
1 180939 181078
1 183438 183572
1 186281 186513
1 186557 186746
1 187892 188142
1 188652 188864
1 189809 190026
1 190911 191050
1 193531 193624
1 197073 197239
1 198961 199081
1 199186 199275
1 199522 199639
1 201702 201846
1 202966 203101
1 203645 203784
1 206481 206749
1 207758 207915
1 210148 210334
1 210552 210657
1 210807 210930
1 210945 211034
1 213321 213616
1 213841 214051
1 214169 214263
1 219516 219627
1 220459 220759
1 221474 221711
1 223180 223291
1 223521 223671
1 223952 224097
1 224312 224584
1 224702 224820
1 225679 225802
1 226200 226308
1 227447 227679
1 227764 227913
1 228574 228830
1 229369 229704
1 231370 231470
1 233471 233677
1 234265 234510
1 235991 236308
1 236648 236770
1 237566 237672
1 238072 238256
1 239024 239213
1 239845 240040
1 240451 240563
1 242726 243260
1 243340 243457
1 243613 243807
1 250836 251003
1 251548 251665
1 251973 252108
1 252655 252766
1 253675 253942
1 258739 258961
1 260420 260565
1 261307 261583
1 262124 262247
1 262886 263207
1 263692 263993
1 264179 264362
1 264730 264841
1 264909 265026
1 265569 265716
1 265815 265954
1 266709 266854
1 267390 267514
1 267616 267911
1 268228 268519
1 269382 269554
1 269676 269932
1 270168 270312
1 270915 271243
1 271752 272024
1 273484 273711
1 273766 273901
1 274577 274729
1 275791 275993
1 276482 276676
1 277045 277195
1 277952 278069
1 278141 278347
1 279115 279577
1 279861 280045
1 280640 280907
1 281101 281363
1 281470 281714
1 282059 282243
1 282337 282493
1 282741 283063
1 284458 284725
1 285795 286018
1 286381 286539
1 286626 286759
1 287260 287444
1 287901 288007
1 288298 288632
1 289082 289415
1 289491 289580
1 290159 290531
1 290943 291373
1 291599 291716
1 291911 292083
1 292245 292473
1 292767 292923
1 293028 293253
1 294321 294466
1 294959 295165
1 295450 295577
1 296317 296495
1 296854 296993
1 297533 297688
1 298178 298262
1 298832 298965
1 299289 299439
1 299826 300021
1 300410 300611
1 301313 301620
1 301863 302356
1 302723 302856
1 302953 303107
1 303526 303827
1 304276 304465
1 305653 306000
1 306716 306933
1 307076 307257
1 307357 307491
1 307774 307969
1 308083 308223
1 308692 308976
1 310170 310524
1 313617 313701
1 314243 314398
1 315098 315326
1 317670 317775
1 318020 318170
1 319532 319687
1 320198 320465
1 320815 321054
1 323793 324187
1 324839 325095
1 326130 326277
1 327393 327599
1 327732 327937
1 328093 328352
1 328770 328898
1 330373 330477
1 331076 331296
1 331373 331546
1 332243 332370
1 332676 333004
1 333865 334134
1 334772 334876
1 337349 337476
1 337693 337859
1 337970 338143
1 338603 338825
1 339268 339425
1 339669 339762
1 348859 349226
1 350066 350366
1 351143 351298
1 351967 352125
1 352473 352763
1 353765 354048
1 354539 355005
1 355065 355206
1 355832 356026
1 356563 356772
1 356854 356959
1 357508 357576
1 357808 358070
1 358429 358807
1 358890 359165
1 359197 359284
1 359367 359604
1 360276 360470
1 361335 361441
1 362054 362243
1 362703 362833
1 362934 363328
1 363546 363685
1 364048 364159
1 364798 364937
1 365682 366093
1 366401 366549
1 366837 367059
1 367290 367473
1 367596 367724
1 367958 368121
1 368937 369143
1 369477 369744
1 369965 370157
1 370569 370767
1 370832 370915
1 370999 371127
1 371426 371532
1 372048 372341
1 373415 373503
1 375320 375495
1 376002 376254
1 377598 377826
1 379162 379278
1 379363 379464
1 379596 379824
1 380467 380560
1 380624 380775
1 381904 382037
1 382662 382857
1 383553 383692
2 820249 820500
2 821456 821540
2 821834 822035
2 822413 822608
2 823072 823290
2 823719 823899
2 824444 824709
2 825018 825158
2 825520 825682
2 825982 826359
2 827076 827193
2 828056 828338
2 828661 828855
2 829570 829693
2 829874 830019
2 830425 830561
2 830940 831194
2 831575 831817
2 831897 832156
2 832377 832643
2 833046 833350
2 833542 833734
2 834872 835006
2 835109 835276
2 835420 835587
2 836514 836667
2 837163 837312
2 837911 838239
2 838685 838873
2 839383 839605
2 840541 840669
2 840818 840971
2 841351 841590
2 841953 842121
2 843906 844039
2 844484 844612
2 845703 845904
2 846286 846493
2 846759 846921
2 847592 847756
2 848222 848771
2 849132 849252
2 849361 849460
2 849629 849767
2 849911 850078
2 850387 850706
2 851369 851714
2 852187 852492
2 853033 853193
2 853292 853451
2 854167 854339
2 855347 855759
2 855933 856195
2 856525 856945
2 857244 857583
2 857816 858136
2 858715 858904
2 859176 859332
2 859687 860037
2 860393 860647
2 861510 861761
2 862950 863191
2 864387 864494
2 865161 865310
2 866363 866532
2 867082 867265
2 868841 868969
2 869912 870106
2 870226 870415
2 872592 872696
2 874723 874828
2 877213 877547
2 877979 878103
2 878560 878771
2 879282 879588
2 880959 881144
2 881565 881909
2 882887 883265
2 883740 883846
2 884425 884759
2 885022 885367
2 886009 886282
2 887496 887840
2 888584 888977
2 889393 889727
2 891638 891850
2 891983 892089
2 892145 892267
2 892916 893078
2 893318 893538
2 893753 893894
2 894208 894485
2 895061 895434
2 896052 896193
2 896475 896695
2 896755 896985
2 897472 897629
2 898532 898726
2 899378 899620
2 900494 900588
2 902055 902209
2 903839 904041
2 904701 904869
2 904971 905161
2 905308 905464
2 905710 905827
2 906883 907189
2 907678 907884
2 908876 909054
2 909644 909838
2 910857 911069
2 911653 911915
2 912306 912492
2 912993 913170
2 914042 914253
2 915722 916028
2 916430 916544
2 916932 917076
2 917714 917920
2 918416 918632
2 918698 918932
2 919323 919661
2 920408 920609
2 921581 921767
2 922173 922395
2 922532 922613
2 924570 924753
2 925585 925829
2 926302 926509
2 926844 927044
2 927505 927744
2 928099 928200
2 929698 929876
2 930494 930633
2 931014 931281
2 931651 932008
2 932792 932920
2 933360 933538
2 934061 934329
2 935041 935163
2 935610 935823
2 936065 936146
2 936579 936731
2 937596 937868
2 938133 938371
2 938496 938605
2 939018 939251
2 939725 939949
2 940604 940943
2 941548 941737
2 942032 942299
2 942810 943058
2 944409 944670
2 944994 945202
2 945475 945616
2 946157 946263
2 946585 946764
2 946962 947090
2 948446 948580
2 948982 949204
2 950233 950479
2 950592 950818
2 951162 951278
2 952884 953020
2 953716 953993
2 954615 954726
2 955779 955919
2 956367 956494
2 957816 957917
2 958623 958800
2 959642 959781
2 960132 960327
2 961228 961507
2 962369 962559
2 963678 963847
2 964279 964575
2 965034 965168
2 965512 965824
2 966800 966989
2 967612 967752
2 968381 968617
2 968831 969254
2 970730 970928
2 971050 971477
2 971743 972059
2 972893 973187
2 973522 973810
2 974363 974555
2 975990 976292
2 976621 976920
2 978599 978962
2 979457 979596
2 980353 980598
2 981054 981221
2 981846 982024
2 982092 982211
2 982876 983259
2 983748 983993
2 985657 985880
2 986085 986379
2 986432 986710
2 986863 987131
2 988039 988323
2 988818 989002
2 989771 990017
2 990446 990760
2 991052 991345
2 992622 992873
2 994390 994761
2 995012 995185
2 995933 996095
2 996650 996875
2 998130 998371
2 998917 999163
2 999702 999964
2 1000398 1000759
2 1001256 1001538
2 1001839 1002111
2 1002624 1003011
2 1003602 1003816
2 1004496 1004685
2 1005726 1006139
2 1006641 1006851
2 1007681 1007854
2 1008719 1008953
2 1009665 1009826
2 1010020 1010271
2 1010580 1010826
2 1011088 1011200
2 1011684 1012060
2 1013143 1013295
2 1013830 1014099
2 1014702 1015000
2 1016474 1016606
2 1016787 1017032
2 1017168 1017284
2 1018068 1018262
2 1018874 1018989
2 1019677 1019985
2 1020869 1021073
2 1021580 1021641
2 1022073 1022528
2 1023221 1023404
2 1024173 1024424
2 1025481 1025692
2 1026229 1026406
2 1026830 1027097
2 1027690 1027841
2 1028091 1028386
2 1028719 1028991
2 1029289 1029508
2 1029660 1030016
2 1030240 1030435
2 1031432 1031711
2 1032250 1032558
2 1033280 1033468
2 1033594 1033793
2 1034984 1035235
2 1035393 1035613
2 1035802 1035972
2 1036309 1036549
2 1036973 1037125
2 1037904 1038160
2 1038885 1039183
2 1039403 1039544
2 1039874 1040136
2 1040729 1040959
2 1041304 1041493
2 1043010 1043339
2 1044014 1044422
2 1045808 1045939
2 1046818 1046962
2 1047027 1047340
2 1047561 1047843
2 1048047 1048330
2 1048735 1048891
2 1049017 1049133
2 1049760 1050027
2 1050640 1050852
2 1051430 1051755
2 1052156 1052429
2 1052674 1052805
2 1053396 1053720
2 1054458 1054740
2 1055379 1055567
2 1056216 1056404
2 1056733 1056843
2 1057801 1058245
2 1058908 1059042
2 1059821 1060057
2 1060275 1060568
2 1060929 1061091
2 1061530 1061698
2 1062006 1062163
2 1063178 1063670
2 1064343 1064548
2 1065192 1065419
2 1065652 1066196
2 1066593 1066765
2 1066934 1067243
2 1067447 1067881
2 1068425 1068801
2 1070531 1070670
2 1074242 1074477
2 1076052 1076287
2 1076559 1076883
2 1077855 1077988
2 1078479 1078887
2 1080051 1080646
2 1080930 1081099
2 1081497 1081769
2 1083223 1083610
2 1084104 1084221
2 1084458 1084651
2 1085290 1085630
2 1086329 1086500
2 1087026 1087424
2 1087930 1088141
2 1088640 1088996
2 1089474 1089587
2 1089718 1090105
2 1090453 1090831
2 1091407 1091747
2 1091842 1092072
2 1092472 1092640
2 1092845 1093039
2 1093209 1093366
2 1093602 1093746
2 1095166 1095312
2 1096586 1096843
2 1097541 1097808
2 1098454 1098548
2 1099052 1099434
2 1099963 1100158
2 1100865 1101038
2 1101550 1101943
2 1102482 1102980
2 1103552 1103850
2 1105719 1105829
2 1106386 1106572
2 1107289 1107477
2 1108056 1108301
2 1108651 1108929
2 1109223 1109339
2 1109387 1109609
2 1109670 1109777
2 1110595 1110705
2 1111076 1111217
2 1111852 1112045
2 1112272 1112359
2 1112661 1112830
2 1113078 1113549
2 1114150 1114395
2 1114948 1115145
2 1115221 1115328
2 1115414 1115509
2 1115776 1116015
2 1116535 1116725
2 1117041 1117224
2 1117780 1118109
2 1118630 1119048
2 1119340 1119607
2 1119943 1120073
2 1120570 1120842
2 1121607 1121772
2 1122851 1123081
2 1123159 1123265
2 1123660 1123772
2 1124475 1124636
2 1125156 1125409
2 1126097 1126247
2 1126753 1126981
2 1127577 1128028
2 1128746 1129193
2 1130624 1130915
2 1131354 1131560
2 1132103 1132231
2 1133192 1133309
2 1133588 1133733
2 1133901 1134018
2 1134466 1134622
2 1135240 1135605
2 1136224 1136563
2 1137271 1137416
2 1138790 1138994
2 1139831 1139993
2 1141243 1141415
2 1141617 1141794
2 1141957 1142226
2 1143032 1143210
2 1143560 1143716
2 1144413 1144552
2 1145003 1145181
2 1145578 1145734
2 1146021 1146137
2 1147480 1147636
2 1148197 1148635
2 1149232 1149410
2 1150243 1150408
2 1150742 1150847
2 1151048 1151324
2 1151514 1151681
2 1151835 1151972
2 1152293 1152427
2 1153008 1153147
2 1153707 1153963
2 1154337 1154767
2 1155258 1155551
2 1155946 1156219
2 1156608 1156708
2 1156819 1156970
2 1157434 1157739
2 1158593 1158697
2 1159200 1159624
2 1160073 1160508
2 1160845 1161285
2 1161976 1162402
2 1162821 1163188
2 1163759 1164076
2 1164596 1164863
2 1165315 1165487
2 1166098 1166360
2 1166651 1166773
2 1167746 1167885
2 1168810 1168987
2 1169906 1170110
2 1171022 1171289
2 1171374 1171564
2 1171892 1172290
2 1173642 1173827
2 1175383 1175508
2 1176441 1176607
2 1176778 1176941
2 1177746 1178097
2 1178415 1178605
2 1180069 1180224
2 1180511 1180699
2 1180768 1180957
2 1181205 1181494
2 1182179 1182490
2 1183757 1183880
2 1184620 1184815
2 1185518 1185635
2 1186208 1186647
2 1186726 1186859
2 1187475 1187675
2 1188146 1188449
2 1188985 1189124
2 1189269 1189519
2 1189790 1189969
2 1190267 1190390
2 1190874 1191013
2 1191850 1191950
2 1192069 1192174
2 1192408 1192508
2 1193605 1193716
2 1196013 1196169
2 1197123 1197246
2 1197851 1198127
2 1198829 1199085
2 1199968 1200084
2 1200766 1200995
2 1201266 1201399
2 1201627 1201739
2 1201818 1201928
2 1201987 1202146
2 1202532 1202759
2 1205167 1205373
2 1207468 1207746
2 1208186 1208464
2 1208876 1208976
2 1209676 1210070
2 1210363 1210642
2 1211209 1211359
3 1801820 1802071
3 1804387 1804598
3 1804800 1805039
3 1805583 1805699
3 1806479 1806606
3 1807547 1807753
3 1808744 1809019
3 1809691 1809807
3 1810030 1810108
3 1810568 1810696
3 1811248 1811394
3 1811840 1812000
3 1812723 1812914
3 1813950 1814106
3 1814698 1814854
3 1815405 1815560
3 1816006 1816272
3 1816774 1817077
3 1817220 1817439
3 1817559 1817681
3 1817798 1817976
3 1818346 1818768
3 1820075 1820242
3 1822424 1822718
3 1823569 1823735
3 1824274 1824538
3 1824835 1824952
3 1825567 1825813
3 1826268 1826378
3 1827393 1827538
3 1828324 1828436
3 1828786 1828970
3 1829061 1829228
3 1829623 1829724
3 1829806 1830031
3 1830340 1830507
3 1830854 1831054
3 1831329 1831561
3 1831818 1832124
3 1832648 1832848
3 1832999 1833196
3 1833524 1833672
3 1833796 1833885
3 1834672 1834922
3 1835397 1835603
3 1835913 1836168
3 1836548 1836926
3 1837585 1837852
3 1838279 1838655
3 1839565 1839815
3 1840150 1840373
3 1841030 1841175
3 1841801 1842115
3 1842772 1843107
3 1843944 1844135
3 1844666 1844975
3 1845555 1845863
3 1846411 1846685
3 1847464 1847793
3 1848425 1848591
3 1849302 1849413
3 1850759 1850943
3 1852526 1852717
3 1857985 1858236
3 1859232 1859411
3 1860118 1860307
3 1860857 1860957
3 1861764 1861864
3 1864519 1864614
3 1866650 1867044
3 1867733 1867872
3 1868406 1868795
3 1869592 1869721
3 1874503 1874665
3 1879662 1879786
4 2082721 2082855
4 2083666 2083772
4 2085023 2085107
4 2087273 2087417
4 2092699 2093132
4 2094159 2094376
4 2094744 2094890
4 2095711 2095822
4 2096127 2096332
4 2096905 2097159
4 2097928 2098050
4 2099621 2099908
4 2100755 2100860
4 2102273 2102706
4 2104006 2104184
4 2104687 2104832
4 2104898 2105150
4 2106073 2106196
4 2107253 2107468
4 2108136 2108353
4 2109346 2109563
4 2110125 2110323
4 2111173 2111278
4 2111756 2111942
4 2112324 2112440
4 2112939 2113235
4 2113990 2114290
4 2114937 2115165
4 2115937 2116095
4 2116390 2116529
4 2117002 2117163
4 2117598 2117843
4 2118525 2118738
4 2118963 2119224
4 2119850 2119966
4 2120467 2120777
4 2121221 2121421
4 2121474 2121618
4 2121904 2122190
4 2123086 2123286
4 2123617 2123773
4 2123993 2124182
4 2124762 2125060
4 2126259 2126576
4 2127280 2127514
4 2127841 2128077
4 2128430 2128575
4 2129035 2129208
4 2129968 2130262
4 2130424 2130524
4 2131047 2131389
4 2131755 2132117
4 2132648 2132909
4 2133304 2133614
4 2134557 2134774
4 2135134 2135300
4 2135486 2135642
4 2136229 2136585
4 2137253 2137427
4 2138023 2138230
4 2138804 2139039
4 2139101 2139224
4 2139496 2139652
4 2140067 2140196
4 2140234 2140356
4 2141152 2141392
4 2142112 2142324
4 2142919 2143130
4 2143495 2143679
4 2144089 2144356
4 2145556 2145813
4 2146287 2146416
4 2146601 2146832
4 2147393 2147593
4 2147857 2148373
4 2148800 2148944
4 2149302 2149641
4 2150160 2150274
4 2150679 2150795
4 2151867 2152072
4 2152526 2152737
4 2154115 2154286
4 2154666 2154805
4 2155395 2155626
4 2156542 2156770
4 2156951 2157118
4 2157349 2157566
4 2158046 2158224
4 2158449 2158564
4 2159527 2159786
4 2160356 2160560
4 2161378 2161564
4 2162028 2162429
4 2163290 2163446
4 2164073 2164266
4 2164462 2164684
4 2165075 2165281
4 2165344 2165551
4 2166065 2166239
4 2166727 2167095
4 2167596 2167824
4 2169124 2169267
4 2170275 2170504
4 2171317 2171428
4 2171642 2171870
4 2173393 2173759
4 2173908 2174020
4 2174286 2174584
4 2174801 2174961
4 2175215 2175432
4 2175818 2175952
4 2176069 2176201
4 2176299 2176454
4 2176878 2177448
4 2177782 2177976
4 2178516 2178744
4 2179415 2179621
4 2180170 2180407
4 2180756 2180912
4 2181919 2182108
4 2182482 2182788
4 2183372 2183481
4 2183934 2184309
4 2184854 2185034
4 2185628 2186007
4 2186803 2187039
4 2188285 2188445
4 2188991 2189332
4 2190179 2190332
4 2190496 2190679
4 2190856 2191130
4 2192114 2192534
4 2192993 2193199
4 2193691 2194012
4 2194680 2194797
4 2195670 2195831
4 2196386 2196584
4 2197879 2198141
4 2198493 2198632
4 2198862 2199007
4 2199393 2199555
4 2199679 2199857
4 2200170 2200415
4 2200831 2201025
4 2201294 2201580
4 2202504 2202609
4 2203469 2203692
4 2203853 2204044
4 2204868 2205185
4 2206098 2206320
4 2206757 2207015
4 2207398 2207553
4 2207831 2208037
4 2208332 2208460
4 2208952 2209174
4 2209441 2209625
4 2210059 2210415
4 2210464 2210592
4 2211172 2211405
4 2211774 2211874
4 2212068 2212428
4 2212735 2212966
4 2213589 2213725
4 2213788 2214019
4 2214602 2214746
4 2214937 2215137
4 2215527 2216087
4 2216176 2216343
4 2216959 2217226
4 2217846 2218380
4 2218815 2218994
4 2219300 2219439
4 2219976 2220443
4 2220818 2221145
4 2221415 2221632
4 2221720 2222043
4 2222323 2222781
4 2223160 2223510
4 2224000 2224217
4 2224319 2224525
4 2224891 2225043
4 2225437 2225750
4 2226241 2226427
4 2227150 2227342
4 2227730 2227881
4 2228124 2228280
4 2228642 2228726
4 2229073 2229218
4 2229744 2230117
4 2230780 2231042
4 2231507 2231649
4 2231731 2231850
4 2232614 2232782
4 2233293 2233448
4 2233540 2233689
4 2234306 2234428
4 2234541 2234742
4 2235590 2235852
4 2236625 2236753
4 2237334 2237612
4 2237881 2238032
4 2238090 2238162
4 2238550 2238827
4 2239052 2239213
4 2240079 2240399
4 2240826 2241115
4 2241649 2241789
4 2241866 2242134
4 2242425 2242661
4 2242756 2243033
4 2243497 2243644
4 2244314 2244491
4 2245139 2245388
4 2245877 2246162
4 2246642 2246902
4 2247230 2247503
4 2247885 2248232
4 2248808 2249122
4 2249570 2250015
4 2250457 2250758
4 2251102 2251491
4 2251823 2252054
4 2252244 2252510
4 2252982 2253171
4 2253290 2253406
4 2253985 2254355
4 2254850 2255241
4 2255675 2255798
4 2256364 2256744
4 2257165 2257309
4 2257743 2257970
4 2258959 2259159
4 2260245 2260390
4 2260908 2261081
4 2261508 2261703
4 2263176 2263298
4 2264035 2264230
4 2265076 2265226
4 2265513 2265809
4 2266052 2266147
4 2266580 2266947
4 2267364 2267603
4 2268178 2268438
4 2268963 2269230
4 2269730 2270193
4 2271244 2271364
4 2271633 2271805
4 2273391 2273581
4 2274059 2274188
4 2275097 2275571
4 2276031 2276166
4 2276431 2276737
4 2276856 2277007
4 2277159 2277393
4 2277854 2278043
4 2278274 2278397
4 2278498 2278659
4 2279712 2279823
4 2280218 2280388
4 2281369 2281841
4 2281947 2282140
4 2282320 2282640
4 2283271 2283444
4 2283854 2284215
4 2284947 2285264
4 2286370 2286570
4 2286985 2287108
4 2289983 2290166
4 2299239 2299522
4 2299642 2299861
4 2300198 2300348
4 2301009 2301132
4 2301377 2301716
4 2302037 2302311
4 2302781 2303105
4 2303431 2303856
4 2304352 2304599
4 2305103 2305280
4 2305829 2306052
4 2306419 2306575
4 2307517 2307814
4 2308386 2308480
4 2308927 2309130
4 2309692 2309993
4 2310754 2310920
4 2311280 2311641
4 2312208 2312461
4 2312831 2313360
4 2313452 2313596
4 2313750 2314150
4 2314413 2314552
4 2314863 2315169
4 2316180 2316290
4 2316939 2317106
4 2317579 2317863
4 2318429 2318726
4 2319510 2319661
4 2320048 2320170
4 2320684 2320827
4 2321603 2321742
4 2322308 2322461
4 2322939 2323217
4 2323452 2323707
4 2323943 2324450
4 2324804 2325082
4 2325415 2325854
4 2326287 2326577
4 2326925 2327059
4 2327254 2327432
4 2327724 2328086
4 2328569 2328843
4 2329312 2329662
4 2330104 2330426
4 2330970 2331154
4 2331518 2331718
4 2332025 2332141
4 2332536 2332842
4 2333113 2333325
4 2333959 2334093
4 2335815 2336004
4 2336348 2336593
4 2336751 2336901
4 2336991 2337231
4 2337398 2337620
4 2337920 2338392
4 2339676 2339985
4 2340604 2340815
4 2341413 2341653
4 2342347 2342585
4 2343498 2343720
4 2344212 2344450
4 2345150 2345261
4 2345637 2345983
4 2347013 2347252
4 2348698 2348815
4 2349210 2349577
4 2349743 2349926
4 2350911 2351239
4 2351787 2352069
4 2352598 2352900
4 2353395 2353562
4 2354219 2354464
4 2354948 2355344
4 2355879 2356186
4 2356763 2357167
4 2357619 2358114
4 2358457 2358557
4 2358730 2358946
4 2359476 2359832
4 2360279 2360637
4 2361216 2361661
4 2362228 2362476
4 2363009 2363235
4 2363478 2363634
4 2364185 2364324
4 2364713 2364869
4 2365931 2366176
4 2366559 2366665
4 2367639 2367759
4 2368966 2369193
4 2369834 2370012
4 2370547 2370710
4 2371411 2371841
4 2372198 2372314
4 2372473 2372583
4 2373117 2373546
4 2374000 2374123
4 2374893 2375309
4 2375659 2375816
4 2376527 2376671
4 2376746 2377019
4 2377219 2377330
4 2377552 2377747
4 2378025 2378153
4 2378532 2378798
4 2379343 2379494
4 2379733 2379850
4 2380452 2380716
4 2381287 2381409
4 2381732 2381882
4 2382638 2382846
4 2383272 2383721
4 2383965 2384059
4 2384354 2384532
4 2385190 2385531
4 2385805 2385916
4 2386251 2386401
4 2386880 2387030
4 2387556 2387684
4 2387804 2387943
4 2388736 2389052
4 2389480 2389903
4 2390689 2390848
4 2391101 2391235
4 2391540 2391933
4 2392448 2392715
4 2393146 2393387
4 2394071 2394271
4 2395074 2395341
4 2396085 2396303
4 2396868 2397001
4 2397109 2397315
4 2397343 2397477
4 2398290 2398468
4 2399514 2399637
4 2400051 2400151
4 2400204 2400395
4 2401017 2401167
4 2401875 2402152
4 2402223 2402754
4 2403129 2403374
4 2403572 2403683
4 2404551 2404818
4 2405281 2405437
4 2405734 2405895
4 2406499 2406727
4 2407100 2407334
4 2407757 2407868
4 2408659 2408943
4 2409290 2409852
4 2410152 2410297
4 2410696 2411091
4 2411704 2412047
4 2412390 2412818
4 2413338 2413483
4 2414119 2414275
4 2414990 2415396
4 2415857 2416094
4 2416706 2416993
4 2417768 2417962
4 2418510 2418830
4 2419244 2419431
4 2419969 2420080
4 2420508 2420826
4 2421290 2421628
4 2422287 2422583
4 2422930 2423102
4 2423136 2423348
4 2423411 2423551
4 2423759 2423909
4 2424021 2424141
4 2424282 2424466
4 2425191 2425286
4 2426237 2426443
4 2427487 2427654
4 2428123 2428329
4 2429791 2429928
4 2430332 2430439
4 2431369 2431536
4 2432143 2432270
4 2432729 2432868
4 2433073 2433240
4 2433479 2433568
4 2433963 2434063
4 2435003 2435598
4 2435819 2435980
4 2437386 2437753
4 2438231 2438359
4 2439004 2439215
4 2439731 2439895
4 2440323 2440486
4 2440761 2440911
4 2441970 2442148
4 2442531 2443090
4 2443208 2443534
4 2443819 2443985
4 2444557 2444693
4 2445021 2445165
4 2445735 2446070
4 2446280 2446464
4 2447075 2447209
4 2447743 2447843
4 2447969 2448111
4 2449546 2449718
4 2450565 2450665
4 2450806 2450907
4 2451404 2451586
4 2452557 2452629
4 2453414 2453565
4 2453934 2454018
4 2454683 2455045
4 2455395 2455813
4 2456280 2456508
4 2456656 2456768
4 2456848 2457076
4 2457563 2457874
4 2458351 2458753
4 2459601 2459712
4 2459970 2460342
4 2460897 2461055
4 2462720 2462876
4 2463074 2463444
4 2464267 2464473
4 2465219 2465497
4 2466946 2467302
4 2467969 2468102
4 2468735 2468927
4 2469051 2469235
4 2469641 2469785
4 2470390 2470568
4 2470808 2470964
4 2471284 2471417
4 2471788 2472190
4 2473147 2473458
4 2473628 2473755
4 2474776 2474937
4 2475513 2475663
4 2476448 2476626
4 2479076 2479236
4 2479626 2479804
4 2480558 2480716
4 2481713 2481983
4 2482340 2482534
4 2483737 2483985
4 2484618 2484752
4 2484911 2485103
4 2485226 2485382
4 2485649 2485813
4 2486957 2487090
4 2487222 2487426
4 2488291 2488430
4 2488834 2488992
4 2490486 2490611
4 2492920 2493082
4 2493834 2494006
4 2494851 2494929
4 2495895 2496018
4 2496404 2496554
4 2497619 2497775
4 2498437 2498543
4 2500180 2500286
4 2500683 2500828
4 2501420 2501581
4 2502666 2502941
4 2503451 2503790
4 2504187 2504386
4 2506003 2506167
4 2508576 2508798
4 2510348 2510482
4 2510768 2510890
4 2511073 2511357
4 2512073 2512212
4 2512786 2513040
4 2513592 2513792
4 2514535 2514679
4 2515054 2515187
4 2515813 2515969
4 2516420 2516543
4 2517313 2517529
4 2518138 2518376
4 2518820 2519015
4 2519570 2519676
5 2754212 2754324
5 2756573 2756667
5 2757513 2757696
5 2758383 2758513
5 2759501 2759628
5 2759915 2760087
5 2760867 2761100
5 2763572 2763811
5 2764837 2765059
5 2765534 2765806
5 2766297 2766550
5 2767332 2767582
5 2768024 2768291
5 2768654 2768815
5 2769476 2769920
5 2770792 2771022
5 2771431 2771675
5 2772451 2772629
5 2774020 2774169
5 2775001 2775140
5 2775685 2775830
5 2776356 2776613
5 2777070 2777407
5 2777870 2778004
5 2778599 2778816
5 2778991 2779108
5 2779345 2779590
5 2780095 2780359
5 2781444 2781620
5 2781724 2782002
5 2782840 2782942
5 2783242 2783464
5 2785529 2785679
5 2786254 2786432
5 2786865 2786959
5 2788134 2788245
5 2789717 2789862
5 2790930 2791102
5 2792364 2792542
5 2793485 2793753
5 2793837 2794050
5 2794817 2795062
5 2795915 2796054
5 2796303 2796454
5 2797184 2797462
5 2798408 2798598
5 2799652 2799757
5 2802399 2802599
5 2804753 2805061
6 2821748 2821854
6 2822893 2823004
6 2823993 2824182
6 2824820 2825093
6 2825890 2826012
6 2826574 2826779
6 2827384 2827501
6 2827565 2827670
6 2828193 2828383
6 2829023 2829238
6 2830313 2830480
6 2830740 2830974
6 2831598 2831798
6 2832112 2832212
6 2833549 2833832
6 2834242 2834387
6 2834873 2835023
6 2835508 2835670
6 2836848 2837091
6 2837278 2837504
6 2837623 2837784
6 2838082 2838302
6 2838635 2838913
6 2839449 2839694
6 2840067 2840284
6 2841082 2841320
6 2841438 2841677
6 2841850 2841972
6 2842128 2842373
6 2842661 2843124
6 2843275 2843434
6 2843609 2844004
6 2844499 2844761
6 2845016 2845198
6 2846158 2846241
6 2847876 2847982
6 2849470 2849587
6 2851073 2851202
6 2851957 2852119
6 2852431 2852542
6 2853115 2853345
6 2854134 2854334
6 2855180 2855497
6 2856212 2856624
6 2857236 2857452
6 2857961 2858303
6 2859084 2859344
6 2859803 2859915
6 2860301 2860635
6 2860881 2861020
6 2861262 2861374
6 2861567 2861690
6 2862744 2862922
6 2863255 2863422
6 2863686 2864042
6 2865389 2865537
6 2868360 2868535
6 2868925 2869233
6 2869568 2870075
6 2870727 2870964
6 2871385 2871624
6 2873285 2873477
6 2873781 2873970
6 2874115 2874215
6 2874652 2874824
6 2875454 2875706
6 2876163 2876479
6 2877109 2877282
6 2877557 2877802
6 2878518 2878796
6 2879347 2879592
6 2880149 2880293
6 2880540 2880752
6 2880955 2881103
6 2881441 2881796
6 2882387 2882572
6 2882901 2883209
6 2883563 2883835
6 2885375 2885565
7 3230001 3230216
7 3231989 3232395
7 3232920 3233013
7 3233136 3233325
7 3233856 3234034
7 3235006 3235145
7 3235713 3235896
7 3237104 3237220
7 3237813 3238062
7 3240500 3240643
7 3242272 3242665
7 3243341 3243527
7 3244150 3244295
7 3244749 3245128
7 3246001 3246413
7 3247453 3247829
7 3248488 3248793
7 3248934 3249135
7 3249358 3249510
7 3249924 3250368
7 3250680 3250786
7 3250862 3251157
7 3251656 3251745
7 3251912 3252029
7 3252621 3252873
7 3253966 3254318
7 3255065 3255316
7 3255766 3256000
7 3256369 3256769
7 3256925 3257036
7 3257695 3257834
7 3258375 3258529
7 3259357 3259483
7 3259828 3260138
7 3263862 3263984
7 3264381 3264493
7 3265019 3265113
7 3265504 3265796
7 3267004 3267349
7 3267902 3268063
7 3269235 3269378
7 3269470 3269625
7 3270101 3270193
7 3270515 3270626
7 3272179 3272489
7 3273789 3273933
7 3274695 3274921
7 3276439 3276577
7 3277542 3277769
7 3278809 3279043
7 3279651 3279808
7 3280161 3280554
7 3280914 3281192
7 3282068 3282426
7 3283054 3283196
7 3283582 3283720
7 3284071 3284263
7 3284698 3285110
7 3285466 3285633
7 3285914 3286041
7 3286329 3286579
7 3287085 3287336
7 3288004 3288221
7 3288906 3289070
7 3289675 3289997
7 3291587 3291885
7 3292646 3292837
7 3293360 3293527
7 3293795 3293901
7 3295077 3295460
7 3295990 3296215
7 3296634 3296920
7 3297629 3297991
7 3298390 3298607
7 3299378 3299495
7 3299662 3299773
7 3300288 3300438
7 3300661 3300888
7 3300986 3301090
7 3301284 3301523
7 3302136 3302431
7 3302937 3303198
7 3303628 3303818
7 3304087 3304291
7 3305130 3305367
7 3306198 3306404
7 3307286 3307408
7 3307475 3307625
7 3308004 3308133
7 3308882 3309201
7 3309537 3309743
7 3310657 3310802
7 3310980 3311141
7 3312338 3312482
7 3312944 3313145
7 3313919 3314087
7 3314781 3314989
7 3316275 3316381
7 3317179 3317318
7 3318832 3318982
7 3319681 3319798
7 3319858 3319992
7 3321393 3321719
7 3322391 3322630
7 3323252 3323559
7 3324830 3325013
7 3325472 3325656
7 3325853 3325986
7 3326734 3326957
7 3327402 3327781
7 3328066 3328307
7 3328809 3329128
7 3329487 3329626
7 3330037 3330180
7 3330569 3330756
7 3331235 3331568
7 3332123 3332280
7 3332662 3332775
7 3333199 3333387
7 3334022 3334173
7 3335545 3335716
7 3336549 3336783
7 3337508 3337680
7 3337735 3337835
7 3339149 3339299
7 3339477 3339583
7 3339744 3339889
7 3340932 3341104
7 3341514 3341665
7 3342054 3342318
7 3343012 3343391
7 3344191 3344486
7 3345480 3345809
7 3346097 3346319
7 3346430 3346632
7 3347409 3347600
7 3348462 3348869
7 3349468 3349696
7 3350336 3350581
7 3351111 3351453
7 3352020 3352235
7 3352715 3352870
7 3353017 3353170
7 3353705 3353917
7 3354077 3354253
7 3354516 3354649
7 3355284 3355434
7 3356806 3356990
7 3358228 3358343
7 3359434 3359651
7 3360018 3360271
7 3361100 3361349
7 3361744 3362145
7 3362854 3362970
7 3363457 3363780
7 3364123 3364262
7 3364369 3364464
7 3365019 3365559
7 3366753 3367013
7 3367746 3367907
7 3369463 3369613
7 3370045 3370223
7 3371303 3371425
7 3372526 3372764
7 3374114 3374281
7 3375805 3376050
7 3376412 3376596
7 3377336 3377486
7 3377806 3377944
7 3378432 3378666
7 3379265 3379572
7 3380130 3380319
7 3381101 3381392
7 3381643 3382024
7 3382618 3383019
7 3383497 3383820
7 3384513 3384795
7 3385395 3385601
7 3386022 3386168
7 3386573 3386696
7 3387410 3387588
7 3388471 3388716
7 3389409 3389703
7 3390393 3390533
7 3391347 3391630
7 3392252 3392452
7 3392891 3393071
7 3394515 3394693
7 3395245 3395443
7 3396548 3396726
7 3397445 3397829
7 3399282 3399518
7 3400481 3400730
7 3401353 3401520
7 3402084 3402407
7 3402914 3403139
7 3403975 3404400
7 3405019 3405144
7 3407066 3407190
7 3408173 3408348
7 3408713 3408880
7 3409288 3409685
7 3411271 3411466
7 3412344 3412457
7 3413721 3413911
7 3413992 3414268
7 3414900 3415022
7 3416815 3417021
7 3417362 3417463
7 3417889 3418128
7 3418680 3419003
7 3419447 3419715
7 3420444 3420594
7 3421113 3421274
7 3421756 3421979
7 3422608 3422755
7 3423444 3423638
7 3424202 3424591
7 3424986 3425147
7 3425627 3425901
7 3426165 3426295
7 3427142 3427462
7 3427891 3428030
7 3428311 3428598
7 3428990 3429101
7 3429676 3429904
7 3430709 3430976
7 3431698 3431882
7 3432550 3432716
7 3432897 3433443
7 3434060 3434359
7 3434915 3435182
7 3435715 3435927
7 3436384 3436532
7 3437083 3437448
7 3437848 3438193
7 3438662 3438952
7 3439550 3439948
7 3440456 3440595
7 3440973 3441097
7 3441885 3442063
7 3442313 3442517
7 3443175 3443503
7 3443735 3443929
7 3444182 3444560
7 3445013 3445314
7 3445694 3445979
7 3446765 3446904
7 3447182 3447327
7 3447449 3447560
7 3447857 3448005
7 3448590 3448835
7 3448962 3449079
7 3449436 3449690
7 3450316 3450631
7 3451173 3451390
7 3452043 3452371
7 3452836 3452966
7 3453729 3453837
7 3454262 3454534
7 3455204 3455604
7 3456054 3456270
7 3456970 3457148
7 3457545 3457768
7 3458400 3458540
7 3459173 3459307
7 3459474 3459635
7 3460022 3460344
7 3460714 3460831
7 3461024 3461314
7 3462090 3462235
7 3462816 3463100
7 3463548 3463830
7 3464462 3464556
7 3465957 3466143
7 3466848 3466996
7 3467554 3467818
7 3468249 3468432
7 3468878 3469111
7 3470091 3470358
7 3470684 3470790
7 3471042 3471223
7 3471826 3472109
7 3472656 3473128
7 3473559 3473707
7 3474484 3474824
7 3475624 3475994
7 3476512 3476679
7 3477268 3477590
7 3478182 3478404
7 3478925 3479003
7 3479153 3479298
7 3479492 3479837
7 3480118 3480274
7 3480891 3481047
7 3481568 3481785
7 3482280 3482492
7 3482598 3482815
7 3483029 3483151
7 3483327 3483470
7 3484106 3484585
7 3485163 3485408
7 3486393 3486637
7 3486946 3487069
7 3488459 3488577
7 3490482 3490620
7 3490689 3490794
7 3491709 3491909
7 3492223 3492730
7 3493300 3493462
7 3493863 3494314
7 3495009 3495221
7 3495802 3496130
7 3497204 3497393
7 3497876 3498121
7 3498917 3499034
7 3499437 3499802
7 3500314 3500659
7 3501180 3501447
7 3501883 3502106
7 3502482 3502618
7 3503052 3503464
7 3504162 3504324
7 3506719 3506978
7 3507514 3507855
7 3508363 3508575
7 3509158 3509369
7 3510741 3510863
7 3511141 3511274
7 3511598 3511764
7 3512325 3512559
7 3513663 3513952
7 3514441 3514694
7 3515520 3515889
7 3516304 3516516
7 3517340 3517598
7 3518709 3519098
7 3519409 3519994
7 3520604 3520776
7 3521637 3521787
7 3522795 3522995
7 3523948 3524235
7 3525008 3525207
7 3525755 3525968
7 3526625 3526803
7 3527510 3527631
7 3528230 3528393
7 3528777 3529028
7 3529852 3530102
7 3530739 3531033
7 3531827 3531968
7 3532383 3532583
7 3533030 3533214
7 3533896 3534285
7 3534491 3534641
7 3534965 3535126
7 3535282 3535390
7 3536041 3536264
7 3536720 3536904
7 3537248 3537426
7 3538056 3538200
7 3538724 3538827
7 3540470 3540746
7 3542426 3542542
7 3543543 3543648
7 3544257 3544504
7 3545215 3545448
7 3546051 3546297
7 3546550 3546761
7 3547010 3547200
7 3547291 3547431
7 3548033 3548215
7 3548737 3548931
7 3549637 3549776
7 3549854 3549926
7 3551761 3551924
7 3553250 3553350
7 3553358 3553508
7 3554055 3554399
7 3554965 3555098
7 3555602 3555846
7 3556473 3556724
7 3557439 3557692
7 3557973 3558129
7 3558422 3558562
7 3558746 3558874
7 3559297 3559402
7 3559754 3559843
7 3560592 3560815
7 3561310 3561460
7 3561674 3561802
7 3562291 3562535
7 3563685 3563867
7 3563945 3564133
7 3564652 3565068
7 3565488 3565625
7 3566453 3566698
7 3567285 3567401
7 3567707 3567863
7 3568306 3568585
7 3569298 3569426
7 3570362 3570529
7 3571054 3571198
7 3571614 3571764
7 3572181 3572499
7 3573070 3573528
7 3573932 3574026
7 3574468 3574679
7 3575273 3575588
7 3576317 3576448
7 3577082 3577313
7 3577876 3578220
7 3579548 3579732
7 3580067 3580195
7 3580437 3580559
7 3580948 3581115
7 3581417 3581909
7 3582635 3582791
7 3583204 3583476
7 3584303 3584409
7 3584693 3584820
7 3585419 3585542
7 3586017 3586237
7 3586804 3587132
7 3587957 3588085
7 3588677 3588831
7 3590493 3590704
7 3591399 3591638
7 3592281 3592652
7 3593261 3593362
7 3593948 3594243
7 3595472 3595657
7 3597195 3597398
7 3598035 3598163
7 3599717 3599901
7 3600448 3600624
7 3602901 3603007
7 3603201 3603290
7 3603889 3604080
7 3604209 3604461
7 3604620 3604865
7 3605459 3605570
7 3605849 3605970
7 3606098 3606207
7 3606963 3607158
7 3607330 3607430
7 3607763 3607891
7 3608130 3608366
7 3609015 3609288
7 3609978 3610156
7 3610739 3611088
7 3611679 3611925
7 3612427 3612549
7 3612607 3612730
7 3613008 3613130
7 3614058 3614158
7 3615085 3615239
7 3615789 3615983
7 3616440 3616657
7 3616958 3617109
7 3617656 3617890
7 3618567 3618791
7 3619497 3619803
7 3620415 3620626
7 3621894 3622056
7 3622132 3622220
7 3622686 3622803
7 3623337 3623531
7 3624021 3624288
7 3625851 3625976
7 3626465 3626615
7 3627465 3627587
7 3628358 3628486
7 3629470 3629715
7 3630071 3630271
7 3630766 3630995
7 3631790 3632019
7 3632822 3633025
7 3634860 3635276
7 3635818 3636112
7 3636793 3636893
7 3637530 3637693
7 3638246 3638497
7 3638887 3639048
7 3639212 3639357
7 3639747 3639975
7 3640029 3640174
7 3640236 3640369
7 3640926 3641070
7 3641570 3641754
7 3643270 3643559
7 3643848 3644076
7 3644513 3644780
7 3645399 3645698
7 3646156 3646518
7 3647175 3647520
7 3647971 3648167
7 3648815 3649076
7 3649522 3649875
7 3650798 3650965
7 3651699 3651837
7 3652028 3652223
7 3652362 3652590
7 3652976 3653226
7 3653910 3654077
7 3654513 3654618
7 3655158 3655502
7 3656397 3656536
7 3657459 3657615
7 3665114 3665209
7 3665545 3665634
7 3665838 3666037
7 3666465 3666692
7 3667188 3667505
7 3667881 3668221
7 3668670 3668920
7 3669380 3669589
7 3670309 3670795
7 3671809 3672059
7 3672611 3672961
7 3673330 3673447
7 3674346 3674624
7 3675210 3675478
7 3676670 3677059
7 3677754 3677915
7 3678329 3678446
7 3678765 3678920
7 3679643 3679837
7 3680676 3680804
7 3681640 3681748
7 3682490 3682635
7 3683448 3683759
7 3684121 3684343
7 3684957 3685540
7 3685906 3686072
7 3686135 3686275
7 3686623 3686784
7 3687096 3687268
7 3687559 3687947
7 3688262 3688429
7 3689320 3689387
7 3689509 3689615
7 3690909 3691020
7 3691105 3691348
7 3691558 3691664
7 3691949 3692086
7 3692228 3692384
7 3693096 3693390
7 3693876 3694012
7 3694230 3694768
7 3695087 3695332
7 3695765 3695943
7 3696535 3696646
7 3697287 3697393
7 3698926 3699283
7 3699780 3700080
7 3700847 3700947
7 3701328 3701434
7 3701899 3702133
7 3702742 3702982
7 3703522 3703837
7 3704165 3704435
7 3704897 3705013
7 3710382 3710526
7 3712713 3712877
7 3713214 3713370
7 3714299 3714455
7 3724759 3724923
8 5415843 5416044
8 5417870 5418026
8 5423638 5423767
8 5450045 5450193
8 5450884 5451023
8 5459508 5459675
