167934 168057 1
170457 170744 1
171409 171613 1
173758 173983 2
180939 181078 2
183438 183572 2
186281 186513 1
186557 186746 1
187892 188142 2
188652 188864 2
189809 190026 1
190911 191050 1
193531 193624 2
197073 197239 1
198961 199081 1
199186 199275 2
199522 199639 1
201702 201846 1
202966 203101 1
203645 203784 2
206481 206749 2
207758 207915 1
210148 210334 1
210552 210657 2
210807 210930 1
210945 211034 1
213321 213616 1
213841 214051 2
214169 214263 2
219516 219627 2
220459 220759 1
221474 221711 2
223180 223291 2
223521 223671 1
223952 224097 2
224312 224584 2
224702 224820 1
225679 225802 1
226200 226308 2
227447 227679 1
227764 227913 1
228574 228830 2
229369 229704 2
231370 231470 1
233471 233677 2
234265 234510 1
235991 236308 2
236648 236770 1
237566 237672 2
238072 238256 2
239024 239213 1
239845 240040 2
240451 240563 2
242726 243260 2
243340 243457 2
243613 243807 1
250836 251003 2
251548 251665 2
251973 252108 1
252655 252766 1
253675 253942 2
258739 258961 2
260420 260565 1
261307 261583 2
262124 262247 2
262886 263207 2
263692 263993 1
264179 264362 2
264730 264841 1
264909 265026 2
265569 265716 2
265815 265954 1
266709 266854 1
267390 267514 2
267616 267911 2
268228 268519 2
269382 269554 2
269676 269932 1
270168 270312 2
270915 271243 1
271752 272024 2
273484 273711 1
273766 273901 2
274577 274729 2
275791 275993 2
276482 276676 1
277045 277195 1
277952 278069 2
278141 278347 2
279115 279577 2
279861 280045 1
280640 280907 2
281101 281363 1
281470 281714 1
282059 282243 1
282337 282493 1
282741 283063 2
284458 284725 2
285795 286018 1
286381 286539 2
286626 286759 1
287260 287444 1
287901 288007 1
288298 288632 2
289082 289415 2
289491 289580 2
290159 290531 2
290943 291373 1
291599 291716 2
291911 292083 2
292245 292473 2
292767 292923 1
293028 293253 2
294321 294466 2
294959 295165 2
295450 295577 2
296317 296495 2
296854 296993 2
297533 297688 1
298178 298262 2
298832 298965 2
299289 299439 1
299826 300021 1
300410 300611 2
301313 301620 2
301863 302356 1
302723 302856 2
302953 303107 2
303526 303827 2
304276 304465 2
305653 306000 1
306716 306933 2
307076 307257 2
307357 307491 2
307774 307969 1
308083 308223 1
308692 308976 2
310170 310524 2
313617 313701 2
314243 314398 1
315098 315326 2
317670 317775 2
318020 318170 1
319532 319687 2
320198 320465 2
320815 321054 1
323793 324187 2
324839 325095 2
326130 326277 1
327393 327599 2
327732 327937 1
328093 328352 1
328770 328898 2
330373 330477 2
331076 331296 1
331373 331546 1
332243 332370 2
332676 333004 1
333865 334134 1
334772 334876 2
337349 337476 2
337693 337859 2
337970 338143 1
338603 338825 2
339268 339425 1
339669 339762 2
348859 349226 2
350066 350366 1
351143 351298 2
351967 352125 1
352473 352763 2
353765 354048 2
354539 355005 1
355065 355206 2
355832 356026 2
356563 356772 1
356854 356959 1
357508 357576 1
357808 358070 2
358429 358807 2
358890 359165 1
359197 359284 2
359367 359604 2
360276 360470 2
361335 361441 1
362054 362243 2
362703 362833 2
362934 363328 1
363546 363685 2
364048 364159 2
364798 364937 1
365682 366093 1
366401 366549 2
366837 367059 1
367290 367473 2
367596 367724 1
367958 368121 1
368937 369143 1
369477 369744 2
369965 370157 1
370569 370767 1
370832 370915 2
370999 371127 1
371426 371532 1
372048 372341 2
373415 373503 2
375320 375495 2
376002 376254 1
377598 377826 1
379162 379278 1
379363 379464 1
379596 379824 2
380467 380560 1
380624 380775 2
381904 382037 1
382662 382857 2
383553 383692 2
384299 384455 2
384669 384811 1
385440 385674 2
385793 385939 2
386522 386708 1
388061 388167 2
389288 389485 2
391633 391739 1
392191 392325 2
392753 392887 2
393036 393216 2
393733 393855 2
395150 395319 2
397207 397322 2
398834 398933 1
400986 401123 2
405843 406077 2
408128 408247 1
408427 408683 1
409293 409404 2
409687 409887 1
410354 410601 2
412193 412420 2
413429 413568 2
416248 416426 1
417524 417791 2
418351 418597 2
419515 419598 1
420103 420229 2
420328 420417 2
421488 421604 2
422087 422254 2
422793 422893 2
424858 425015 1
425512 425768 2
426615 426753 2
427139 427262 1
427349 427465 1
427537 427671 2
428730 428841 1
428982 429337 2
430359 430448 1
430800 431066 2
431383 431508 1
432233 432355 2
433226 433420 1
433745 434017 2
434843 435143 1
437125 437250 2
437634 437767 1
438310 438494 1
439801 439963 1
440062 440181 2
442419 442635 1
444935 445029 1
445427 445536 1
448811 449041 2
451026 451276 1
451853 452047 2
453098 453260 1
453799 454344 2
454959 455098 2
455614 455820 1
456354 456543 1
459476 459604 1
460176 460388 2
461507 461699 1
462065 462187 2
462576 462670 2
472414 472554 2
473127 473365 1
474632 474759 1
475625 475791 1
476208 476342 1
476893 477137 1
479167 479396 2
480628 480716 1
482743 482876 2
484830 485028 1
488190 488290 2
491240 491371 1
491865 492153 1
493901 494098 2
494659 494837 1
496616 496834 2
497435 497551 2
498846 499031 2
499325 499453 2
499569 499715 2
499848 499941 1
500325 500481 2
501314 501452 2
501872 502095 2
502152 502247 1
502906 503209 2
503667 503903 1
504018 504118 2
504763 504907 1
505147 505363 2
505652 506155 2
506328 506535 1
507300 507726 1
514629 514768 1
516162 516301 2
516599 516700 2
517152 517274 1
518258 518416 1
518815 518959 2
519535 519628 2
521060 521294 1
522582 522704 1
525996 526277 1
527476 527591 1
533641 533734 2
533859 534044 1
534765 534932 2
535246 535481 2
535692 536018 1
536389 536630 1
540493 540598 1
541070 541169 2
543204 543297 1
543489 543767 2
545896 546110 2
546943 547148 2
547754 547998 1
549199 549408 2
550298 550704 2
553173 553267 2
554832 554920 2
556150 556273 2
557897 558192 1
559992 560211 2
564457 564579 2
565239 565399 2
565662 565773 1
566009 566104 2
567022 567131 2
567569 567705 1
567837 568279 2
569959 570149 2
570693 570970 1
571359 571532 2
578782 578955 2
583132 583232 2
584661 584905 2
586304 586415 2
587146 587606 2
589384 589562 2
593003 593103 2
593208 593420 1
594411 594527 2
595529 595616 1
597427 597572 1
599513 599699 2
600718 600812 1
601314 601425 1
602705 602967 2
603407 603584 1
604411 604520 2
605093 605237 2
605551 605667 2
613165 613332 1
613784 613967 1
614640 614745 2
614844 614989 1
615692 615902 2
618564 618698 2
619121 619301 2
619848 619993 1
621734 621981 1
622186 622383 1
624547 624708 1
628691 628836 2
629827 630018 2
632364 632603 2
633362 633451 2
634598 634693 1
635176 635320 2
636855 637152 1
637362 637479 1
638143 638270 2
638717 638857 1
643241 643451 1
645574 645832 2
648861 649006 1
649959 650109 2
653891 653984 1
662670 662792 2
662856 662979 2
663263 663372 1
663904 664148 2
664420 664493 1
668157 668307 2
668530 668740 2
668836 668904 2
669762 669896 2
673337 673465 1
675143 675248 2
678329 678510 2
681207 681444 1
684542 684663 2
685803 685962 2
686388 686493 1
686842 686954 2
688707 688846 2
689409 689647 1
690073 690229 1
690557 690818 2
692676 692798 1
693393 693496 2
694672 694895 2
695962 696114 2
696426 696572 2
705213 705344 1
706973 707195 1
708120 708327 1
709142 709309 1
709544 709665 2
710214 710286 2
712451 712651 1
716290 716365 1
717908 718160 2
718544 718696 1
719700 719936 2
722283 722482 2
725150 725284 2
726195 726579 2
727986 728059 2
728210 728646 2
728931 729048 1
729404 729663 1
730487 730598 1
732765 732876 2
737375 737470 2
738109 738262 1
738745 738884 1
739254 739386 1
740050 740230 2
743595 743779 1
744018 744204 2
745379 745582 1
747549 747666 2
749949 750050 1
752409 752554 2
753000 753197 1
754471 754659 1
756027 756132 1
756695 756887 1
760037 760176 2
760704 760826 2
761030 761199 1
761755 761895 2
762326 762442 2
763374 763531 1
766680 766869 1
768318 768422 1
768920 769031 1
770186 770303 1
771409 771576 2
772189 772412 1
774717 774831 2
776156 776290 1
777088 777326 2
778116 778221 1
778309 778398 2
779826 779943 2
783196 783296 1
783609 783715 2
791792 791891 2
792272 792402 2
794599 794913 1
795135 795201 1
795320 795448 1
820249 820500 1
821456 821540 2
821834 822035 2
822413 822608 2
823072 823290 1
823719 823899 1
824444 824709 1
825018 825158 1
825520 825682 2
825982 826359 1
827076 827193 2
828056 828338 2
828661 828855 2
829570 829693 1
829874 830019 1
830425 830561 1
830940 831194 2
831575 831817 1
831897 832156 1
832377 832643 2
833046 833350 2
833542 833734 1
834872 835006 1
835109 835276 1
835420 835587 2
836514 836667 1
837163 837312 1
837911 838239 2
838685 838873 2
839383 839605 1
840541 840669 1
840818 840971 2
841351 841590 2
841953 842121 1
843906 844039 2
844484 844612 1
845703 845904 2
846286 846493 2
846759 846921 2
847592 847756 2
848222 848771 2
849132 849252 1
849361 849460 2
849629 849767 1
849911 850078 2
850387 850706 2
851369 851714 2
852187 852492 1
853033 853193 2
853292 853451 2
854167 854339 1
855347 855759 2
855933 856195 1
856525 856945 1
857244 857583 1
857816 858136 1
858715 858904 1
859176 859332 1
859687 860037 2
860393 860647 1
861510 861761 1
862950 863191 2
864387 864494 1
865161 865310 1
866363 866532 2
867082 867265 2
868841 868969 1
869912 870106 1
870226 870415 2
872592 872696 1
874723 874828 1
877213 877547 2
877979 878103 2
878560 878771 2
879282 879588 1
880959 881144 2
881565 881909 1
882887 883265 1
883740 883846 2
884425 884759 2
885022 885367 2
886009 886282 2
887496 887840 2
888584 888977 1
889393 889727 2
891638 891850 1
891983 892089 1
892145 892267 2
892916 893078 2
893318 893538 2
893753 893894 2
894208 894485 1
895061 895434 2
896052 896193 1
896475 896695 2
896755 896985 2
897472 897629 1
898532 898726 2
899378 899620 1
900494 900588 1
902055 902209 1
903839 904041 2
904701 904869 2
904971 905161 1
905308 905464 1
905710 905827 2
906883 907189 1
907678 907884 1
908876 909054 1
909644 909838 1
910857 911069 1
911653 911915 2
912306 912492 1
912993 913170 1
914042 914253 1
915722 916028 2
916430 916544 1
916932 917076 2
917714 917920 1
918416 918632 2
918698 918932 1
919323 919661 1
920408 920609 2
921581 921767 1
922173 922395 1
922532 922613 2
924570 924753 1
925585 925829 2
926302 926509 1
926844 927044 1
927505 927744 1
928099 928200 2
929698 929876 1
930494 930633 1
931014 931281 1
931651 932008 1
932792 932920 1
933360 933538 2
934061 934329 1
935041 935163 1
935610 935823 2
936065 936146 1
936579 936731 1
937596 937868 1
938133 938371 1
938496 938605 2
939018 939251 2
939725 939949 2
940604 940943 1
941548 941737 2
942032 942299 2
942810 943058 2
944409 944670 1
944994 945202 1
945475 945616 2
946157 946263 1
946585 946764 1
946962 947090 2
948446 948580 1
948982 949204 2
950233 950479 1
950592 950818 1
951162 951278 1
952884 953020 2
953716 953993 2
954615 954726 1
955779 955919 2
956367 956494 1
957816 957917 2
958623 958800 1
959642 959781 1
960132 960327 2
961228 961507 1
962369 962559 2
963678 963847 1
964279 964575 1
965034 965168 1
965512 965824 2
966800 966989 1
967612 967752 1
968381 968617 1
968831 969254 2
970730 970928 1
971050 971477 2
971743 972059 2
972893 973187 2
973522 973810 1
974363 974555 1
975990 976292 2
976621 976920 2
978599 978962 2
979457 979596 2
980353 980598 2
981054 981221 2
981846 982024 1
982092 982211 2
982876 983259 1
983748 983993 1
985657 985880 2
986085 986379 2
986432 986710 1
986863 987131 2
988039 988323 2
988818 989002 2
989771 990017 1
990446 990760 2
991052 991345 1
992622 992873 2
994390 994761 1
995012 995185 1
995933 996095 1
996650 996875 2
998130 998371 2
998917 999163 2
999702 999964 1
1000398 1000759 2
1001256 1001538 2
1001839 1002111 1
1002624 1003011 2
1003602 1003816 1
1004496 1004685 1
1005726 1006139 2
1006641 1006851 1
1007681 1007854 1
1008719 1008953 2
1009665 1009826 2
1010020 1010271 1
1010580 1010826 1
1011088 1011200 1
1011684 1012060 2
1013143 1013295 1
1013830 1014099 1
1014702 1015000 2
1016474 1016606 2
1016787 1017032 1
1017168 1017284 1
1018068 1018262 2
1018874 1018989 2
1019677 1019985 2
1020869 1021073 2
1021580 1021641 1
1022073 1022528 1
1023221 1023404 1
1024173 1024424 1
1025481 1025692 2
1026229 1026406 1
1026830 1027097 2
1027690 1027841 2
1028091 1028386 1
1028719 1028991 1
1029289 1029508 1
1029660 1030016 2
1030240 1030435 1
1031432 1031711 2
1032250 1032558 2
1033280 1033468 1
1033594 1033793 2
1034984 1035235 2
1035393 1035613 2
1035802 1035972 1
1036309 1036549 1
1036973 1037125 2
1037904 1038160 1
1038885 1039183 1
1039403 1039544 2
1039874 1040136 2
1040729 1040959 1
1041304 1041493 2
1043010 1043339 2
1044014 1044422 1
1045808 1045939 2
1046818 1046962 1
1047027 1047340 1
1047561 1047843 1
1048047 1048330 2
1048735 1048891 2
1049017 1049133 1
1049760 1050027 1
1050640 1050852 1
1051430 1051755 1
1052156 1052429 1
1052674 1052805 2
1053396 1053720 1
1054458 1054740 2
1055379 1055567 1
1056216 1056404 1
1056733 1056843 1
1057801 1058245 2
1058908 1059042 1
1059821 1060057 1
1060275 1060568 2
1060929 1061091 2
1061530 1061698 2
1062006 1062163 1
1063178 1063670 2
1064343 1064548 2
1065192 1065419 1
1065652 1066196 2
1066593 1066765 2
1066934 1067243 1
1067447 1067881 1
1068425 1068801 1
1070531 1070670 1
1074242 1074477 1
1076052 1076287 2
1076559 1076883 2
1077855 1077988 2
1078479 1078887 1
1080051 1080646 2
1080930 1081099 2
1081497 1081769 1
1083223 1083610 1
1084104 1084221 2
1084458 1084651 1
1085290 1085630 1
1086329 1086500 1
1087026 1087424 2
1087930 1088141 1
1088640 1088996 2
1089474 1089587 1
1089718 1090105 1
1090453 1090831 2
1091407 1091747 2
1091842 1092072 1
1092472 1092640 2
1092845 1093039 1
1093209 1093366 1
1093602 1093746 2
1095166 1095312 1
1096586 1096843 1
1097541 1097808 1
1098454 1098548 1
1099052 1099434 1
1099963 1100158 2
1100865 1101038 1
1101550 1101943 1
1102482 1102980 2
1103552 1103850 1
1105719 1105829 2
1106386 1106572 2
1107289 1107477 1
1108056 1108301 2
1108651 1108929 1
1109223 1109339 1
1109387 1109609 1
1109670 1109777 2
1110595 1110705 2
1111076 1111217 1
1111852 1112045 2
1112272 1112359 2
1112661 1112830 1
1113078 1113549 1
1114150 1114395 2
1114948 1115145 2
1115221 1115328 1
1115414 1115509 1
1115776 1116015 1
1116535 1116725 1
1117041 1117224 1
1117780 1118109 1
1118630 1119048 2
1119340 1119607 1
1119943 1120073 2
1120570 1120842 2
1121607 1121772 1
1122851 1123081 2
1123159 1123265 2
1123660 1123772 2
1124475 1124636 1
1125156 1125409 2
1126097 1126247 2
1126753 1126981 1
1127577 1128028 2
1128746 1129193 1
1130624 1130915 2
1131354 1131560 2
1132103 1132231 1
1133192 1133309 1
1133588 1133733 1
1133901 1134018 2
1134466 1134622 1
1135240 1135605 1
1136224 1136563 1
1137271 1137416 2
1138790 1138994 2
1139831 1139993 2
1141243 1141415 2
1141617 1141794 1
1141957 1142226 2
1143032 1143210 1
1143560 1143716 1
1144413 1144552 2
1145003 1145181 2
1145578 1145734 2
1146021 1146137 2
1147480 1147636 1
1148197 1148635 1
1149232 1149410 2
1150243 1150408 2
1150742 1150847 1
1151048 1151324 1
1151514 1151681 2
1151835 1151972 2
1152293 1152427 1
1153008 1153147 2
1153707 1153963 2
1154337 1154767 1
1155258 1155551 2
1155946 1156219 1
1156608 1156708 2
1156819 1156970 2
1157434 1157739 1
1158593 1158697 2
1159200 1159624 2
1160073 1160508 1
1160845 1161285 2
1161976 1162402 1
1162821 1163188 1
1163759 1164076 1
1164596 1164863 1
1165315 1165487 2
1166098 1166360 2
1166651 1166773 2
1167746 1167885 1
1168810 1168987 2
1169906 1170110 2
1171022 1171289 1
1171374 1171564 2
1171892 1172290 1
1173642 1173827 1
1175383 1175508 2
1176441 1176607 2
1176778 1176941 1
1177746 1178097 1
1178415 1178605 2
1180069 1180224 1
1180511 1180699 1
1180768 1180957 2
1181205 1181494 1
1182179 1182490 2
1183757 1183880 1
1184620 1184815 2
1185518 1185635 1
1186208 1186647 1
1186726 1186859 1
1187475 1187675 1
1188146 1188449 1
1188985 1189124 1
1189269 1189519 1
1189790 1189969 2
1190267 1190390 1
1190874 1191013 1
1191850 1191950 1
1192069 1192174 1
1192408 1192508 1
1193605 1193716 1
1196013 1196169 1
1197123 1197246 2
1197851 1198127 1
1198829 1199085 2
1199968 1200084 2
1200766 1200995 2
1201266 1201399 1
1201627 1201739 2
1201818 1201928 1
1201987 1202146 1
1202532 1202759 2
1205167 1205373 2
1207468 1207746 1
1208186 1208464 2
1208876 1208976 1
1209676 1210070 2
1210363 1210642 2
1211209 1211359 1
1211997 1212275 2
1213350 1213573 1
1215048 1215238 1
1215635 1215757 2
1217451 1217584 2
1218137 1218416 1
1219150 1219250 1
1219603 1219753 1
1220186 1220375 2
1222080 1222163 1
1223618 1223755 1
1223896 1224000 2
1224368 1224507 1
1224811 1225123 2
1226058 1226247 1
1227126 1227299 2
1227787 1227904 2
1228935 1229330 2
1229634 1229779 2
1229890 1230001 2
1230475 1230678 1
1231538 1231800 1
1232276 1232426 2
1233415 1233663 1
1234850 1235131 1
1235723 1235845 2
1236760 1237045 1
1237819 1237919 2
1241017 1241117 1
1241315 1241498 2
1242841 1242948 2
1243162 1243437 1
1244365 1244602 1
1245035 1245211 2
1245877 1246087 2
1246117 1246262 1
1250854 1251065 2
1251798 1251977 1
1252123 1252234 1
1252463 1252652 2
1252827 1252920 2
1255757 1255955 1
1256426 1256565 2
1257474 1257646 2
1258931 1259083 1
1260096 1260201 2
1260991 1261130 1
1261202 1261463 1
1263029 1263140 2
1263562 1263796 2
1265316 1265660 2
1268603 1268726 1
1269177 1269416 2
1270433 1270537 1
1271452 1271550 1
1272656 1272924 2
1274557 1274663 2
1277389 1277496 1
1278413 1278513 1
1285846 1286017 1
1287065 1287193 2
1288224 1288363 2
1289492 1289676 1
1290112 1290324 2
1291130 1291247 1
1291559 1291762 2
1292201 1292424 2
1294643 1294987 1
1296260 1296586 1
1298445 1298573 2
1298993 1299149 1
1300457 1300807 2
1301380 1301514 2
1302046 1302223 2
1302518 1302629 1
1302746 1302824 2
1303295 1303499 2
1303869 1303981 2
1304292 1304501 1
1307323 1307473 1
1307928 1308095 2
1310884 1311001 1
1312637 1312787 1
1313464 1313565 2
1315004 1315132 2
1315726 1315838 2
1316966 1317115 1
1318226 1318409 2
1321063 1321158 2
1321758 1321875 2
1322087 1322361 1
1323073 1323185 2
1323685 1323802 2
1324842 1325004 1
1327864 1328020 2
1328320 1328464 2
1328559 1328676 2
1329190 1329351 1
1329602 1329735 2
1330694 1330800 2
1330890 1331017 1
1333380 1333814 2
1334973 1335073 2
1338079 1338179 1
1339703 1339819 2
1340617 1340795 2
1340984 1341173 2
1344004 1344137 1
1345837 1345925 1
1346104 1346263 1
1346331 1346431 2
1347307 1347457 2
1347713 1347874 1
1348572 1348784 2
1349398 1349517 2
1350796 1351148 2
1351520 1351651 1
1352204 1352448 2
1356068 1356237 1
1357330 1357480 2
1358821 1359072 1
1364651 1364806 2
1368015 1368221 2
1368279 1368362 2
1368554 1368749 1
1369408 1369508 2
1371990 1372105 2
1379026 1379120 1
1380277 1380468 2
1381130 1381316 2
1381842 1381964 1
1383107 1383223 2
1383474 1383607 1
1386171 1386525 2
1386831 1387246 2
1388153 1388272 1
1388353 1388514 2
1389618 1389735 2
1391348 1391498 1
1391568 1391725 2
1397873 1397979 1
1399843 1399976 2
1404028 1404199 1
1404683 1404919 2
1405420 1405593 1
1408931 1409053 1
1409153 1409264 2
1412487 1412626 1
1416110 1416281 1
1419151 1419329 1
1428142 1428259 2
1429130 1429324 1
1430690 1430773 2
1431188 1431338 2
1432012 1432126 1
1432458 1432630 2
1433353 1433514 1
1433792 1433965 2
1435425 1435525 1
1435601 1435724 2
1437004 1437215 2
1437807 1437974 1
1438869 1438970 2
1439259 1439470 1
1801820 1802071 2
1804387 1804598 2
1804800 1805039 1
1805583 1805699 2
1806479 1806606 2
1807547 1807753 2
1808744 1809019 1
1809691 1809807 2
1810030 1810108 1
1810568 1810696 2
1811248 1811394 1
1811840 1812000 1
1812723 1812914 1
1813950 1814106 2
1814698 1814854 2
1815405 1815560 2
1816006 1816272 1
1816774 1817077 1
1817220 1817439 2
1817559 1817681 2
1817798 1817976 2
1818346 1818768 2
1820075 1820242 2
1822424 1822718 1
1823569 1823735 2
1824274 1824538 1
1824835 1824952 2
1825567 1825813 1
1826268 1826378 1
1827393 1827538 1
1828324 1828436 2
1828786 1828970 1
1829061 1829228 2
1829623 1829724 2
1829806 1830031 1
1830340 1830507 2
1830854 1831054 2
1831329 1831561 1
1831818 1832124 1
1832648 1832848 1
1832999 1833196 1
1833524 1833672 2
1833796 1833885 2
1834672 1834922 1
1835397 1835603 2
1835913 1836168 2
1836548 1836926 1
1837585 1837852 2
1838279 1838655 2
1839565 1839815 1
1840150 1840373 2
1841030 1841175 2
1841801 1842115 2
1842772 1843107 2
1843944 1844135 2
1844666 1844975 2
1845555 1845863 1
1846411 1846685 2
1847464 1847793 2
1848425 1848591 1
1849302 1849413 2
1850759 1850943 1
1852526 1852717 1
1857985 1858236 2
1859232 1859411 2
1860118 1860307 1
1860857 1860957 2
1861764 1861864 1
1864519 1864614 2
1866650 1867044 1
1867733 1867872 1
1868406 1868795 1
1869592 1869721 1
1874503 1874665 2
1879662 1879786 1
2082721 2082855 2
2083666 2083772 2
2085023 2085107 1
2087273 2087417 2
2092699 2093132 2
2094159 2094376 1
2094744 2094890 1
2095711 2095822 1
2096127 2096332 2
2096905 2097159 2
2097928 2098050 1
2099621 2099908 2
2100755 2100860 2
2102273 2102706 1
2104006 2104184 2
2104687 2104832 2
2104898 2105150 1
2106073 2106196 1
2107253 2107468 2
2108136 2108353 1
2109346 2109563 1
2110125 2110323 2
2111173 2111278 2
2111756 2111942 1
2112324 2112440 1
2112939 2113235 1
2113990 2114290 2
2114937 2115165 1
2115937 2116095 2
2116390 2116529 2
2117002 2117163 1
2117598 2117843 2
2118525 2118738 1
2118963 2119224 2
2119850 2119966 1
2120467 2120777 2
2121221 2121421 2
2121474 2121618 2
2121904 2122190 2
2123086 2123286 1
2123617 2123773 2
2123993 2124182 1
2124762 2125060 2
2126259 2126576 1
2127280 2127514 2
2127841 2128077 1
2128430 2128575 2
2129035 2129208 2
2129968 2130262 1
2130424 2130524 1
2131047 2131389 2
2131755 2132117 1
2132648 2132909 2
2133304 2133614 2
2134557 2134774 1
2135134 2135300 2
2135486 2135642 1
2136229 2136585 1
2137253 2137427 2
2138023 2138230 1
2138804 2139039 2
2139101 2139224 2
2139496 2139652 1
2140067 2140196 1
2140234 2140356 2
2141152 2141392 2
2142112 2142324 2
2142919 2143130 1
2143495 2143679 2
2144089 2144356 2
2145556 2145813 2
2146287 2146416 2
2146601 2146832 2
2147393 2147593 2
2147857 2148373 1
2148800 2148944 2
2149302 2149641 2
2150160 2150274 2
2150679 2150795 2
2151867 2152072 2
2152526 2152737 2
2154115 2154286 1
2154666 2154805 1
2155395 2155626 2
2156542 2156770 2
2156951 2157118 2
2157349 2157566 1
2158046 2158224 2
2158449 2158564 2
2159527 2159786 1
2160356 2160560 1
2161378 2161564 1
2162028 2162429 2
2163290 2163446 1
2164073 2164266 1
2164462 2164684 2
2165075 2165281 2
2165344 2165551 1
2166065 2166239 2
2166727 2167095 2
2167596 2167824 1
2169124 2169267 2
2170275 2170504 2
2171317 2171428 2
2171642 2171870 1
2173393 2173759 2
2173908 2174020 1
2174286 2174584 2
2174801 2174961 2
2175215 2175432 1
2175818 2175952 2
2176069 2176201 2
2176299 2176454 1
2176878 2177448 2
2177782 2177976 1
2178516 2178744 2
2179415 2179621 2
2180170 2180407 1
2180756 2180912 2
2181919 2182108 1
2182482 2182788 2
2183372 2183481 2
2183934 2184309 1
2184854 2185034 2
2185628 2186007 1
2186803 2187039 2
2188285 2188445 2
2188991 2189332 2
2190179 2190332 1
2190496 2190679 2
2190856 2191130 1
2192114 2192534 2
2192993 2193199 1
2193691 2194012 2
2194680 2194797 2
2195670 2195831 1
2196386 2196584 1
2197879 2198141 2
2198493 2198632 2
2198862 2199007 1
2199393 2199555 1
2199679 2199857 2
2200170 2200415 1
2200831 2201025 1
2201294 2201580 1
2202504 2202609 1
2203469 2203692 2
2203853 2204044 2
2204868 2205185 2
2206098 2206320 1
2206757 2207015 1
2207398 2207553 2
2207831 2208037 2
2208332 2208460 2
2208952 2209174 1
2209441 2209625 1
2210059 2210415 1
2210464 2210592 2
2211172 2211405 1
2211774 2211874 2
2212068 2212428 2
2212735 2212966 2
2213589 2213725 1
2213788 2214019 1
2214602 2214746 2
2214937 2215137 2
2215527 2216087 1
2216176 2216343 2
2216959 2217226 2
2217846 2218380 1
2218815 2218994 1
2219300 2219439 1
2219976 2220443 1
2220818 2221145 1
2221415 2221632 2
2221720 2222043 2
2222323 2222781 1
2223160 2223510 2
2224000 2224217 1
2224319 2224525 2
2224891 2225043 1
2225437 2225750 1
2226241 2226427 1
2227150 2227342 2
2227730 2227881 2
2228124 2228280 1
2228642 2228726 2
2229073 2229218 2
2229744 2230117 2
2230780 2231042 1
2231507 2231649 2
2231731 2231850 1
2232614 2232782 2
2233293 2233448 2
2233540 2233689 1
2234306 2234428 2
2234541 2234742 1
2235590 2235852 2
2236625 2236753 2
2237334 2237612 1
2237881 2238032 2
2238090 2238162 2
2238550 2238827 1
2239052 2239213 1
2240079 2240399 2
2240826 2241115 2
2241649 2241789 2
2241866 2242134 2
2242425 2242661 2
2242756 2243033 1
2243497 2243644 1
2244314 2244491 2
2245139 2245388 2
2245877 2246162 1
2246642 2246902 2
2247230 2247503 1
2247885 2248232 2
2248808 2249122 1
2249570 2250015 2
2250457 2250758 2
2251102 2251491 1
2251823 2252054 2
2252244 2252510 1
2252982 2253171 2
2253290 2253406 1
2253985 2254355 2
2254850 2255241 1
2255675 2255798 2
2256364 2256744 2
2257165 2257309 1
2257743 2257970 1
2258959 2259159 2
2260245 2260390 1
2260908 2261081 2
2261508 2261703 1
2263176 2263298 2
2264035 2264230 2
2265076 2265226 2
2265513 2265809 1
2266052 2266147 2
2266580 2266947 2
2267364 2267603 1
2268178 2268438 2
2268963 2269230 2
2269730 2270193 1
2271244 2271364 2
2271633 2271805 2
2273391 2273581 1
2274059 2274188 1
2275097 2275571 2
2276031 2276166 1
2276431 2276737 1
2276856 2277007 1
2277159 2277393 1
2277854 2278043 1
2278274 2278397 2
2278498 2278659 1
2279712 2279823 2
2280218 2280388 1
2281369 2281841 2
2281947 2282140 2
2282320 2282640 2
2283271 2283444 1
2283854 2284215 2
2284947 2285264 2
2286370 2286570 1
2286985 2287108 2
2289983 2290166 1
2299239 2299522 2
2299642 2299861 2
2300198 2300348 1
2301009 2301132 2
2301377 2301716 2
2302037 2302311 1
2302781 2303105 2
2303431 2303856 2
2304352 2304599 1
2305103 2305280 2
2305829 2306052 1
2306419 2306575 2
2307517 2307814 2
2308386 2308480 2
2308927 2309130 2
2309692 2309993 1
2310754 2310920 2
2311280 2311641 1
2312208 2312461 1
2312831 2313360 2
2313452 2313596 2
2313750 2314150 2
2314413 2314552 2
2314863 2315169 1
2316180 2316290 2
2316939 2317106 2
2317579 2317863 1
2318429 2318726 2
2319510 2319661 1
2320048 2320170 2
2320684 2320827 2
2321603 2321742 1
2322308 2322461 2
2322939 2323217 2
2323452 2323707 2
2323943 2324450 1
2324804 2325082 2
2325415 2325854 2
2326287 2326577 2
2326925 2327059 1
2327254 2327432 2
2327724 2328086 2
2328569 2328843 1
2329312 2329662 2
2330104 2330426 2
2330970 2331154 2
2331518 2331718 2
2332025 2332141 1
2332536 2332842 2
2333113 2333325 1
2333959 2334093 1
2335815 2336004 2
2336348 2336593 2
2336751 2336901 1
2336991 2337231 2
2337398 2337620 2
2337920 2338392 2
2339676 2339985 2
2340604 2340815 2
2341413 2341653 1
2342347 2342585 2
2343498 2343720 2
2344212 2344450 2
2345150 2345261 2
2345637 2345983 1
2347013 2347252 2
2348698 2348815 1
2349210 2349577 2
2349743 2349926 1
2350911 2351239 1
2351787 2352069 2
2352598 2352900 2
2353395 2353562 1
2354219 2354464 2
2354948 2355344 1
2355879 2356186 1
2356763 2357167 2
2357619 2358114 2
2358457 2358557 2
2358730 2358946 2
2359476 2359832 1
2360279 2360637 2
2361216 2361661 1
2362228 2362476 2
2363009 2363235 2
2363478 2363634 1
2364185 2364324 2
2364713 2364869 2
2365931 2366176 1
2366559 2366665 2
2367639 2367759 2
2368966 2369193 1
2369834 2370012 2
2370547 2370710 1
2371411 2371841 2
2372198 2372314 2
2372473 2372583 2
2373117 2373546 1
2374000 2374123 2
2374893 2375309 2
2375659 2375816 2
2376527 2376671 1
2376746 2377019 2
2377219 2377330 1
2377552 2377747 2
2378025 2378153 1
2378532 2378798 2
2379343 2379494 2
2379733 2379850 1
2380452 2380716 2
2381287 2381409 1
2381732 2381882 2
2382638 2382846 2
2383272 2383721 2
2383965 2384059 2
2384354 2384532 1
2385190 2385531 2
2385805 2385916 2
2386251 2386401 2
2386880 2387030 1
2387556 2387684 1
2387804 2387943 2
2388736 2389052 2
2389480 2389903 2
2390689 2390848 2
2391101 2391235 1
2391540 2391933 1
2392448 2392715 2
2393146 2393387 2
2394071 2394271 1
2395074 2395341 2
2396085 2396303 1
2396868 2397001 2
2397109 2397315 2
2397343 2397477 1
2398290 2398468 2
2399514 2399637 1
2400051 2400151 2
2400204 2400395 2
2401017 2401167 1
2401875 2402152 2
2402223 2402754 1
2403129 2403374 1
2403572 2403683 1
2404551 2404818 1
2405281 2405437 2
2405734 2405895 2
2406499 2406727 2
2407100 2407334 1
2407757 2407868 2
2408659 2408943 1
2409290 2409852 2
2410152 2410297 1
2410696 2411091 2
2411704 2412047 2
2412390 2412818 1
2413338 2413483 2
2414119 2414275 2
2414990 2415396 1
2415857 2416094 2
2416706 2416993 1
2417768 2417962 2
2418510 2418830 2
2419244 2419431 1
2419969 2420080 2
2420508 2420826 1
2421290 2421628 1
2422287 2422583 1
2422930 2423102 2
2423136 2423348 1
2423411 2423551 2
2423759 2423909 2
2424021 2424141 2
2424282 2424466 1
2425191 2425286 2
2426237 2426443 1
2427487 2427654 2
2428123 2428329 1
2429791 2429928 2
2430332 2430439 1
2431369 2431536 1
2432143 2432270 2
2432729 2432868 1
2433073 2433240 2
2433479 2433568 2
2433963 2434063 2
2435003 2435598 1
2435819 2435980 2
2437386 2437753 2
2438231 2438359 1
2439004 2439215 2
2439731 2439895 1
2440323 2440486 2
2440761 2440911 2
2441970 2442148 2
2442531 2443090 1
2443208 2443534 2
2443819 2443985 2
2444557 2444693 2
2445021 2445165 1
2445735 2446070 2
2446280 2446464 2
2447075 2447209 2
2447743 2447843 2
2447969 2448111 1
2449546 2449718 2
2450565 2450665 2
2450806 2450907 2
2451404 2451586 2
2452557 2452629 1
2453414 2453565 2
2453934 2454018 2
2454683 2455045 1
2455395 2455813 2
2456280 2456508 1
2456656 2456768 2
2456848 2457076 2
2457563 2457874 2
2458351 2458753 2
2459601 2459712 1
2459970 2460342 2
2460897 2461055 1
2462720 2462876 2
2463074 2463444 2
2464267 2464473 1
2465219 2465497 2
2466946 2467302 2
2467969 2468102 2
2468735 2468927 2
2469051 2469235 2
2469641 2469785 2
2470390 2470568 1
2470808 2470964 2
2471284 2471417 1
2471788 2472190 2
2473147 2473458 2
2473628 2473755 1
2474776 2474937 2
2475513 2475663 2
2476448 2476626 2
2479076 2479236 1
2479626 2479804 2
2480558 2480716 2
2481713 2481983 1
2482340 2482534 2
2483737 2483985 2
2484618 2484752 1
2484911 2485103 2
2485226 2485382 2
2485649 2485813 2
2486957 2487090 2
2487222 2487426 2
2488291 2488430 2
2488834 2488992 2
2490486 2490611 1
2492920 2493082 1
2493834 2494006 2
2494851 2494929 2
2495895 2496018 2
2496404 2496554 1
2497619 2497775 2
2498437 2498543 1
2500180 2500286 1
2500683 2500828 2
2501420 2501581 1
2502666 2502941 2
2503451 2503790 2
2504187 2504386 2
2506003 2506167 1
2508576 2508798 2
2510348 2510482 1
2510768 2510890 2
2511073 2511357 2
2512073 2512212 1
2512786 2513040 1
2513592 2513792 2
2514535 2514679 2
2515054 2515187 1
2515813 2515969 2
2516420 2516543 1
2517313 2517529 2
2518138 2518376 2
2518820 2519015 2
2519570 2519676 2
2520084 2520281 1
2523335 2523446 2
2524161 2524309 1
2526307 2526474 2
2527502 2527586 2
2529140 2529244 2
2529807 2529957 2
2530069 2530202 1
2530881 2531114 2
2531226 2531448 1
2531773 2531934 2
2532306 2532441 1
2532984 2533261 2
2533907 2534236 2
2534687 2534848 1
2535315 2535626 2
2535657 2535874 2
2537314 2537503 2
2538112 2538274 2
2538343 2538486 2
2539058 2539219 2
2539949 2540114 1
2540765 2541132 1
2541869 2541976 2
2542048 2542193 2
2544963 2545185 1
2546862 2547040 2
2548729 2549019 2
2549278 2549406 2
2552225 2552436 1
2552668 2552878 2
2555750 2555958 1
2556083 2556350 2
2556798 2557065 1
2558480 2558656 2
2559267 2559406 2
2559715 2559918 1
2560680 2560797 2
2561103 2561354 2
2563958 2564103 2
2566011 2566184 1
2566726 2566882 2
2567637 2567809 2
2569276 2569482 2
2573132 2573265 2
2574449 2574627 2
2575041 2575213 2
2576536 2576737 2
2577349 2577730 1
2578789 2578939 2
2581154 2581337 1
2581886 2582092 2
2582606 2582751 1
2583976 2584133 2
2585136 2585248 2
2586017 2586165 1
2586543 2586743 1
2587420 2587576 2
2587636 2587758 2
2588620 2588826 1
2590216 2590408 2
2591481 2591726 2
2592544 2592841 2
2593603 2593736 1
2594293 2594432 1
2595193 2595326 2
2596452 2596585 1
2598869 2598952 2
2599459 2599665 1
2603320 2603459 2
2604301 2604446 2
2604998 2605111 2
2607654 2607964 1
2608707 2608835 2
2609781 2609954 1
2611825 2612015 2
2613007 2613218 1
2614637 2614793 2
2615779 2615923 1
2616476 2616626 2
2617931 2618093 1
2618976 2619143 1
2619528 2619720 1
2619836 2620021 1
2620558 2620658 2
2621290 2621457 1
2622257 2622485 2
2623126 2623332 1
2625488 2625661 2
2626646 2626979 2
2627147 2627353 1
2629531 2629698 2
2631258 2631434 2
2631967 2632128 1
2635263 2635425 2
2635848 2635987 2
2636570 2636815 1
2636932 2637065 1
2637161 2637438 1
2638004 2638237 1
2638957 2639128 2
2639785 2640063 1
2641888 2642050 1
2643557 2643691 1
2645298 2645448 1
2645829 2645984 2
2646096 2646240 2
2646693 2646776 2
2649455 2649594 1
2649919 2650085 2
2650847 2650981 2
2651053 2651220 2
2651323 2651445 2
2651929 2652057 1
2652579 2652679 1
2653301 2653528 1
2654325 2654426 1
2654465 2654888 2
2656150 2656336 2
2656943 2657239 1
2659252 2659391 1
2659534 2659703 2
2660242 2660492 1
2662230 2662347 1
2662458 2662625 2
2663296 2663495 1
2663708 2663985 2
2665536 2665653 1
2666082 2666409 1
2667409 2667637 2
2667884 2668141 2
2668991 2669394 2
2669756 2669971 2
2670012 2670162 2
2670529 2670707 1
2670974 2671080 1
2671464 2671580 1
2672170 2672331 1
2672520 2672642 1
2674418 2674646 1
2675945 2676146 1
2676507 2676624 1
2676929 2677070 1
2677719 2677803 2
2677875 2677997 1
2678339 2678447 1
2679105 2679346 1
2679765 2679932 1
2680073 2680220 1
2681489 2681628 1
2681737 2681926 2
2682805 2683006 1
2684503 2684698 1
2685451 2685618 1
2685751 2685866 2
2686637 2686820 2
2687200 2687345 2
2688560 2688733 1
2690935 2691045 1
2691159 2691320 2
2691693 2691843 2
2695580 2695703 1
2698697 2698825 2
2699061 2699161 1
2700193 2700337 2
2701358 2701475 2
2706132 2706304 1
2707026 2707147 2
2708389 2708783 1
2709079 2709218 1
2710141 2710286 2
2710725 2710914 2
2712037 2712282 1
2713768 2714035 1
2716502 2716675 1
2717522 2717680 1
2718564 2718698 2
2719156 2719432 2
2719947 2720080 1
2721696 2721802 2
2723671 2723784 1
2724377 2724544 1
2724995 2725167 2
2725525 2725630 2
2726240 2726406 1
2726809 2726942 1
2727413 2727529 1
2728374 2728637 1
2730123 2730374 1
2731727 2731925 1
2732615 2732737 2
2733572 2733744 1
2734272 2734454 2
2735693 2735889 1
2736529 2736818 2
2738358 2738503 1
2740049 2740388 1
2740657 2740906 2
2741348 2741470 1
2744164 2744275 2
2744802 2745026 1
2746178 2746317 1
2746847 2747036 2
2748034 2748268 2
2753548 2753681 2
2754212 2754324 1
2756573 2756667 2
2757513 2757696 2
2758383 2758513 2
2759501 2759628 1
2759915 2760087 2
2760867 2761100 1
2763572 2763811 2
2764837 2765059 1
2765534 2765806 1
2766297 2766550 1
2767332 2767582 2
2768024 2768291 1
2768654 2768815 1
2769476 2769920 2
2770792 2771022 1
2771431 2771675 1
2772451 2772629 1
2774020 2774169 2
2775001 2775140 2
2775685 2775830 1
2776356 2776613 1
2777070 2777407 1
2777870 2778004 2
2778599 2778816 1
2778991 2779108 2
2779345 2779590 1
2780095 2780359 2
2781444 2781620 1
2781724 2782002 1
2782840 2782942 2
2783242 2783464 1
2785529 2785679 2
2786254 2786432 1
2786865 2786959 2
2788134 2788245 2
2789717 2789862 2
2790930 2791102 1
2792364 2792542 2
2793485 2793753 1
2793837 2794050 1
2794817 2795062 2
2795915 2796054 1
2796303 2796454 1
2797184 2797462 1
2798408 2798598 2
2799652 2799757 1
2802399 2802599 2
2804753 2805061 1
2821748 2821854 1
2822893 2823004 2
2823993 2824182 1
2824820 2825093 2
2825890 2826012 1
2826574 2826779 1
2827384 2827501 1
2827565 2827670 2
2828193 2828383 1
2829023 2829238 2
2830313 2830480 2
2830740 2830974 1
2831598 2831798 2
2832112 2832212 1
2833549 2833832 2
2834242 2834387 1
2834873 2835023 2
2835508 2835670 1
2836848 2837091 1
2837278 2837504 2
2837623 2837784 1
2838082 2838302 2
2838635 2838913 1
2839449 2839694 2
2840067 2840284 2
2841082 2841320 1
2841438 2841677 1
2841850 2841972 2
2842128 2842373 1
2842661 2843124 1
2843275 2843434 1
2843609 2844004 1
2844499 2844761 1
2845016 2845198 2
2846158 2846241 1
2847876 2847982 1
2849470 2849587 1
2851073 2851202 1
2851957 2852119 2
2852431 2852542 1
2853115 2853345 2
2854134 2854334 1
2855180 2855497 1
2856212 2856624 2
2857236 2857452 1
2857961 2858303 2
2859084 2859344 1
2859803 2859915 2
2860301 2860635 1
2860881 2861020 1
2861262 2861374 2
2861567 2861690 1
2862744 2862922 1
2863255 2863422 2
2863686 2864042 1
2865389 2865537 1
2868360 2868535 1
2868925 2869233 2
2869568 2870075 1
2870727 2870964 1
2871385 2871624 1
2873285 2873477 1
2873781 2873970 1
2874115 2874215 2
2874652 2874824 1
2875454 2875706 2
2876163 2876479 2
2877109 2877282 1
2877557 2877802 2
2878518 2878796 1
2879347 2879592 1
2880149 2880293 2
2880540 2880752 2
2880955 2881103 1
2881441 2881796 2
2882387 2882572 1
2882901 2883209 1
2883563 2883835 2
2885375 2885565 1
3230001 3230216 2
3231989 3232395 1
3232920 3233013 2
3233136 3233325 1
3233856 3234034 2
3235006 3235145 1
3235713 3235896 2
3237104 3237220 1
3237813 3238062 1
3240500 3240643 2
3242272 3242665 1
3243341 3243527 2
3244150 3244295 1
3244749 3245128 1
3246001 3246413 1
3247453 3247829 2
3248488 3248793 2
3248934 3249135 1
3249358 3249510 1
3249924 3250368 2
3250680 3250786 1
3250862 3251157 2
3251656 3251745 1
3251912 3252029 2
3252621 3252873 1
3253966 3254318 1
3255065 3255316 2
3255766 3256000 1
3256369 3256769 2
3256925 3257036 2
3257695 3257834 1
3258375 3258529 1
3259357 3259483 2
3259828 3260138 1
3263862 3263984 1
3264381 3264493 2
3265019 3265113 1
3265504 3265796 2
3267004 3267349 1
3267902 3268063 2
3269235 3269378 1
3269470 3269625 1
3270101 3270193 1
3270515 3270626 2
3272179 3272489 1
3273789 3273933 2
3274695 3274921 1
3276439 3276577 2
3277542 3277769 1
3278809 3279043 2
3279651 3279808 1
3280161 3280554 1
3280914 3281192 2
3282068 3282426 2
3283054 3283196 1
3283582 3283720 1
3284071 3284263 1
3284698 3285110 2
3285466 3285633 2
3285914 3286041 1
3286329 3286579 2
3287085 3287336 1
3288004 3288221 2
3288906 3289070 1
3289675 3289997 2
3291587 3291885 1
3292646 3292837 2
3293360 3293527 2
3293795 3293901 2
3295077 3295460 1
3295990 3296215 2
3296634 3296920 1
3297629 3297991 1
3298390 3298607 2
3299378 3299495 2
3299662 3299773 1
3300288 3300438 1
3300661 3300888 2
3300986 3301090 1
3301284 3301523 1
3302136 3302431 2
3302937 3303198 1
3303628 3303818 2
3304087 3304291 2
3305130 3305367 1
3306198 3306404 1
3307286 3307408 2
3307475 3307625 1
3308004 3308133 2
3308882 3309201 1
3309537 3309743 1
3310657 3310802 2
3310980 3311141 1
3312338 3312482 1
3312944 3313145 1
3313919 3314087 2
3314781 3314989 1
3316275 3316381 1
3317179 3317318 2
3318832 3318982 1
3319681 3319798 1
3319858 3319992 2
3321393 3321719 1
3322391 3322630 1
3323252 3323559 2
3324830 3325013 1
3325472 3325656 1
3325853 3325986 2
3326734 3326957 1
3327402 3327781 1
3328066 3328307 2
3328809 3329128 1
3329487 3329626 1
3330037 3330180 1
3330569 3330756 2
3331235 3331568 1
3332123 3332280 1
3332662 3332775 2
3333199 3333387 1
3334022 3334173 2
3335545 3335716 1
3336549 3336783 2
3337508 3337680 1
3337735 3337835 2
3339149 3339299 2
3339477 3339583 1
3339744 3339889 1
3340932 3341104 2
3341514 3341665 1
3342054 3342318 1
3343012 3343391 1
3344191 3344486 1
3345480 3345809 2
3346097 3346319 1
3346430 3346632 2
3347409 3347600 1
3348462 3348869 1
3349468 3349696 1
3350336 3350581 2
3351111 3351453 2
3352020 3352235 1
3352715 3352870 1
3353017 3353170 2
3353705 3353917 2
3354077 3354253 1
3354516 3354649 1
3355284 3355434 2
3356806 3356990 1
3358228 3358343 1
3359434 3359651 2
3360018 3360271 1
3361100 3361349 1
3361744 3362145 2
3362854 3362970 1
3363457 3363780 1
3364123 3364262 2
3364369 3364464 1
3365019 3365559 1
3366753 3367013 1
3367746 3367907 1
3369463 3369613 1
3370045 3370223 1
3371303 3371425 2
3372526 3372764 1
3374114 3374281 1
3375805 3376050 1
3376412 3376596 1
3377336 3377486 1
3377806 3377944 2
3378432 3378666 1
3379265 3379572 2
3380130 3380319 1
3381101 3381392 1
3381643 3382024 1
3382618 3383019 1
3383497 3383820 2
3384513 3384795 1
3385395 3385601 1
3386022 3386168 2
3386573 3386696 1
3387410 3387588 1
3388471 3388716 1
3389409 3389703 1
3390393 3390533 2
3391347 3391630 1
3392252 3392452 1
3392891 3393071 1
3394515 3394693 1
3395245 3395443 1
3396548 3396726 2
3397445 3397829 1
3399282 3399518 2
3400481 3400730 2
3401353 3401520 1
3402084 3402407 1
3402914 3403139 2
3403975 3404400 1
3405019 3405144 1
3407066 3407190 1
3408173 3408348 1
3408713 3408880 1
3409288 3409685 1
3411271 3411466 2
3412344 3412457 1
3413721 3413911 2
3413992 3414268 1
3414900 3415022 1
3416815 3417021 1
3417362 3417463 2
3417889 3418128 2
3418680 3419003 1
3419447 3419715 2
3420444 3420594 2
3421113 3421274 2
3421756 3421979 1
3422608 3422755 1
3423444 3423638 1
3424202 3424591 1
3424986 3425147 1
3425627 3425901 1
3426165 3426295 2
3427142 3427462 1
3427891 3428030 1
3428311 3428598 1
3428990 3429101 2
3429676 3429904 1
3430709 3430976 1
3431698 3431882 1
3432550 3432716 1
3432897 3433443 2
3434060 3434359 1
3434915 3435182 1
3435715 3435927 1
3436384 3436532 1
3437083 3437448 1
3437848 3438193 1
3438662 3438952 1
3439550 3439948 2
3440456 3440595 1
3440973 3441097 1
3441885 3442063 1
3442313 3442517 1
3443175 3443503 1
3443735 3443929 1
3444182 3444560 1
3445013 3445314 2
3445694 3445979 1
3446765 3446904 1
3447182 3447327 2
3447449 3447560 1
3447857 3448005 1
3448590 3448835 2
3448962 3449079 1
3449436 3449690 2
3450316 3450631 2
3451173 3451390 1
3452043 3452371 1
3452836 3452966 1
3453729 3453837 1
3454262 3454534 1
3455204 3455604 2
3456054 3456270 1
3456970 3457148 2
3457545 3457768 2
3458400 3458540 1
3459173 3459307 2
3459474 3459635 1
3460022 3460344 1
3460714 3460831 1
3461024 3461314 2
3462090 3462235 1
3462816 3463100 1
3463548 3463830 1
3464462 3464556 1
3465957 3466143 1
3466848 3466996 1
3467554 3467818 1
3468249 3468432 1
3468878 3469111 2
3470091 3470358 1
3470684 3470790 1
3471042 3471223 1
3471826 3472109 1
3472656 3473128 1
3473559 3473707 1
3474484 3474824 1
3475624 3475994 1
3476512 3476679 1
3477268 3477590 1
3478182 3478404 1
3478925 3479003 2
3479153 3479298 2
3479492 3479837 1
3480118 3480274 2
3480891 3481047 2
3481568 3481785 2
3482280 3482492 1
3482598 3482815 2
3483029 3483151 1
3483327 3483470 1
3484106 3484585 2
3485163 3485408 2
3486393 3486637 2
3486946 3487069 1
3488459 3488577 1
3490482 3490620 1
3490689 3490794 2
3491709 3491909 1
3492223 3492730 1
3493300 3493462 2
3493863 3494314 1
3495009 3495221 2
3495802 3496130 1
3497204 3497393 1
3497876 3498121 2
3498917 3499034 1
3499437 3499802 1
3500314 3500659 1
3501180 3501447 2
3501883 3502106 2
3502482 3502618 2
3503052 3503464 2
3504162 3504324 1
3506719 3506978 2
3507514 3507855 1
3508363 3508575 2
3509158 3509369 1
3510741 3510863 1
3511141 3511274 1
3511598 3511764 1
3512325 3512559 1
3513663 3513952 1
3514441 3514694 1
3515520 3515889 1
3516304 3516516 2
3517340 3517598 1
3518709 3519098 2
3519409 3519994 1
3520604 3520776 2
3521637 3521787 1
3522795 3522995 1
3523948 3524235 1
3525008 3525207 1
3525755 3525968 1
3526625 3526803 2
3527510 3527631 2
3528230 3528393 2
3528777 3529028 1
3529852 3530102 1
3530739 3531033 1
3531827 3531968 2
3532383 3532583 1
3533030 3533214 1
3533896 3534285 1
3534491 3534641 2
3534965 3535126 1
3535282 3535390 2
3536041 3536264 1
3536720 3536904 1
3537248 3537426 1
3538056 3538200 2
3538724 3538827 1
3540470 3540746 1
3542426 3542542 2
3543543 3543648 1
3544257 3544504 1
3545215 3545448 1
3546051 3546297 1
3546550 3546761 1
3547010 3547200 2
3547291 3547431 2
3548033 3548215 1
3548737 3548931 2
3549637 3549776 2
3549854 3549926 1
3551761 3551924 1
3553250 3553350 1
3553358 3553508 2
3554055 3554399 1
3554965 3555098 2
3555602 3555846 1
3556473 3556724 1
3557439 3557692 1
3557973 3558129 1
3558422 3558562 2
3558746 3558874 1
3559297 3559402 1
3559754 3559843 1
3560592 3560815 1
3561310 3561460 2
3561674 3561802 1
3562291 3562535 2
3563685 3563867 1
3563945 3564133 1
3564652 3565068 1
3565488 3565625 1
3566453 3566698 1
3567285 3567401 1
3567707 3567863 1
3568306 3568585 1
3569298 3569426 1
3570362 3570529 1
3571054 3571198 1
3571614 3571764 1
3572181 3572499 1
3573070 3573528 1
3573932 3574026 1
3574468 3574679 1
3575273 3575588 2
3576317 3576448 1
3577082 3577313 1
3577876 3578220 2
3579548 3579732 1
3580067 3580195 2
3580437 3580559 2
3580948 3581115 1
3581417 3581909 2
3582635 3582791 1
3583204 3583476 2
3584303 3584409 1
3584693 3584820 2
3585419 3585542 1
3586017 3586237 1
3586804 3587132 1
3587957 3588085 2
3588677 3588831 1
3590493 3590704 1
3591399 3591638 1
3592281 3592652 1
3593261 3593362 1
3593948 3594243 2
3595472 3595657 1
3597195 3597398 1
3598035 3598163 1
3599717 3599901 1
3600448 3600624 1
3602901 3603007 2
3603201 3603290 2
3603889 3604080 1
3604209 3604461 2
3604620 3604865 1
3605459 3605570 1
3605849 3605970 1
3606098 3606207 2
3606963 3607158 1
3607330 3607430 2
3607763 3607891 2
3608130 3608366 1
3609015 3609288 1
3609978 3610156 2
3610739 3611088 1
3611679 3611925 1
3612427 3612549 1
3612607 3612730 1
3613008 3613130 1
3614058 3614158 2
3615085 3615239 1
3615789 3615983 1
3616440 3616657 1
3616958 3617109 2
3617656 3617890 2
3618567 3618791 2
3619497 3619803 1
3620415 3620626 1
3621894 3622056 1
3622132 3622220 1
3622686 3622803 1
3623337 3623531 2
3624021 3624288 1
3625851 3625976 1
3626465 3626615 1
3627465 3627587 1
3628358 3628486 1
3629470 3629715 1
3630071 3630271 1
3630766 3630995 1
3631790 3632019 2
3632822 3633025 1
3634860 3635276 2
3635818 3636112 2
3636793 3636893 1
3637530 3637693 1
3638246 3638497 1
3638887 3639048 2
3639212 3639357 2
3639747 3639975 2
3640029 3640174 2
3640236 3640369 1
3640926 3641070 2
3641570 3641754 2
3643270 3643559 2
3643848 3644076 1
3644513 3644780 1
3645399 3645698 2
3646156 3646518 1
3647175 3647520 1
3647971 3648167 1
3648815 3649076 2
3649522 3649875 1
3650798 3650965 1
3651699 3651837 1
3652028 3652223 2
3652362 3652590 2
3652976 3653226 1
3653910 3654077 2
3654513 3654618 1
3655158 3655502 2
3656397 3656536 2
3657459 3657615 2
3665114 3665209 1
3665545 3665634 2
3665838 3666037 2
3666465 3666692 1
3667188 3667505 2
3667881 3668221 1
3668670 3668920 1
3669380 3669589 2
3670309 3670795 1
3671809 3672059 1
3672611 3672961 2
3673330 3673447 1
3674346 3674624 1
3675210 3675478 1
3676670 3677059 2
3677754 3677915 2
3678329 3678446 1
3678765 3678920 2
3679643 3679837 1
3680676 3680804 1
3681640 3681748 2
3682490 3682635 1
3683448 3683759 1
3684121 3684343 1
3684957 3685540 2
3685906 3686072 1
3686135 3686275 2
3686623 3686784 1
3687096 3687268 1
3687559 3687947 1
3688262 3688429 2
3689320 3689387 2
3689509 3689615 1
3690909 3691020 1
3691105 3691348 1
3691558 3691664 2
3691949 3692086 1
3692228 3692384 1
3693096 3693390 1
3693876 3694012 2
3694230 3694768 1
3695087 3695332 1
3695765 3695943 1
3696535 3696646 1
3697287 3697393 2
3698926 3699283 1
3699780 3700080 1
3700847 3700947 1
3701328 3701434 2
3701899 3702133 1
3702742 3702982 1
3703522 3703837 1
3704165 3704435 1
3704897 3705013 1
3710382 3710526 1
3712713 3712877 2
3713214 3713370 1
3714299 3714455 1
3724759 3724923 2
5415843 5416044 1
5417870 5418026 1
5423638 5423767 2
5450045 5450193 1
5450884 5451023 1
5459508 5459675 1
