719161 719376 1
724722 724937 1
730454 730624 1
731221 731400 2
731565 731686 2
732780 733014 1
760025 760170 2
766607 766930 2
772400 772649 2
804359 804632 2
805748 806086 1
807396 807646 2
811303 811479 1
812058 812257 2
814546 814664 2
815308 815678 2
815739 816245 1
818130 818427 2
818999 819546 2
820942 821066 1
821445 821560 2
821869 821992 2
822799 823002 1
823493 823739 2
824299 824489 2
825616 825794 1
826542 826653 2
827342 827653 1
830708 830942 1
832261 832500 2
833845 833998 1
834795 834933 2
834998 835116 1
835401 835891 2
837265 837444 2
837506 837624 1
838143 838627 2
838777 838989 2
840582 840687 2
842051 842528 2
844412 844573 2
845666 846103 2
846303 846425 1
846632 846798 2
847878 848008 2
848926 849037 1
850779 851304 2
851559 851845 2
852974 853109 2
854275 854384 2
855664 855808 2
856149 856285 1
861013 861143 2
861933 862212 2
864609 865049 1
877713 878131 2
879048 879308 1
880155 880307 2
886234 886444 1
888060 888346 2
892592 892751 2
894371 894482 1
898594 898725 2
899917 900069 1
901084 901256 1
902120 902245 2
906618 906718 1
922536 922719 2
923964 924132 2
924608 924728 1
928793 929117 1
937362 937541 2
938522 938722 2
939485 939740 2
940224 940456 1
943206 943290 2
945279 945469 1
946286 946503 2
947148 947514 2
949957 950109 1
950259 950439 1
951476 951754 1
952186 952462 2
957298 957429 2
960586 960708 1
963117 963249 2
968686 968877 1
970156 970390 2
973351 973634 2
974361 974604 1
975558 975880 2
978534 978697 2
979329 979416 2
983707 983839 1
984356 984592 1
985476 985610 2
989388 989565 1
991862 991977 2
1024802 1025129 2
1033544 1033644 1
1041214 1041397 2
1053448 1053558 2
1066215 1066505 2
1069454 1069565 1
1095005 1095145 1
1098059 1098168 1
1110933 1111039 1
1117055 1117207 1
1117989 1118147 1
1118482 1118639 2
1119378 1119541 2
1119798 1119881 1
1127284 1127454 2
1128127 1128312 1
1131238 1131349 2
1132465 1132590 1
1135671 1135852 1
1167381 1167820 1
1178739 1178867 1
1181564 1181981 2
1184942 1185084 2
1186989 1187058 2
1233608 1233681 2
1242705 1243009 1
1244575 1244692 2
1266403 1266499 1
1266956 1267072 1
1282162 1282256 1
1294916 1295015 2
1336124 1336298 2
1350490 1350646 2
1385559 1385658 1
1387195 1387542 1
1392537 1392626 1
1398224 1398512 1
1401850 1401984 1
1404091 1404202 1
1404977 1405095 1
1405411 1405581 2
1407723 1407842 2
1414262 1414377 1
1414831 1414993 2
1418950 1419065 1
1419873 1420017 2
1420081 1420211 1
1421165 1421309 2
1433884 1434026 1
1437189 1437461 1
1438194 1438308 1
1439294 1439539 1
1440049 1440163 1
1443444 1443565 1
1444509 1444622 2
1445604 1445757 2
1446299 1446447 1
1446679 1446927 2
1448279 1448459 1
1455840 1456090 2
1456431 1456568 2
1457246 1457360 1
1463299 1463600 1
1464247 1464325 2
1465785 1465971 2
1466662 1466776 2
1469402 1469637 2
1471702 1471952 1
1481871 1481985 2
1483070 1483180 1
1491386 1491480 1
1492251 1492358 1
1494126 1494366 1
1496442 1496570 1
1505406 1505629 2
1508959 1509111 2
1514887 1515013 1
1515183 1515516 1
1516017 1516181 2
1516671 1516761 1
1517105 1517286 1
1519967 1520259 1
1523632 1523737 1
1524334 1524487 1
1526161 1526291 1
1527546 1527809 1
1533537 1533639 1
1538776 1539018 2
1542129 1542263 2
1545506 1545610 2
1557164 1557269 1
1558675 1558857 2
1565156 1565374 2
1575359 1575548 1
1575765 1575869 1
1576055 1576152 2
1576353 1576490 2
1577811 1578080 1
1578607 1578930 1
1578994 1579097 1
1581065 1581374 1
1582553 1582662 1
1585055 1585303 1
1585601 1585807 1
1588220 1588358 2
1588568 1588726 1
1590072 1590211 2
1590522 1590784 1
1593985 1594162 1
1601026 1601225 2
1601680 1601869 1
1602044 1602196 2
1603535 1603721 1
1603860 1603960 1
1605770 1606293 2
1606696 1606973 1
1607464 1607657 1
1608517 1608684 1
1609262 1609495 2
1610526 1610733 1
1611439 1611621 1
1612261 1612364 1
1612800 1612962 2
1613197 1613421 1
1618473 1618612 2
1619195 1619327 1
1620218 1620381 1
1620541 1620655 1
1620987 1621128 1
1621601 1621829 1
1622197 1622317 2
1622581 1622731 2
1623282 1623427 1
1623906 1624251 2
1624863 1625068 1
1625364 1625503 1
1626043 1626199 2
1627914 1628158 2
1628712 1628851 2
1628943 1629332 2
1629912 1630290 2
1631638 1631959 1
1632689 1632961 1
1633340 1633573 1
1634458 1634581 2
1634748 1634820 2
1635070 1635332 2
1636267 1636484 1
1637299 1637468 1
1637881 1638076 2
1638763 1638880 1
1639930 1640108 2
1640588 1640795 1
1641319 1641655 2
1641986 1642490 2
1642934 1643063 1
1644178 1644418 1
1644910 1645196 2
1645748 1646157 2
1647140 1647455 1
1647939 1648117 2
1648218 1648310 1
1648392 1648731 2
1649031 1649192 2
1649539 1649726 2
1649953 1650220 1
1650813 1651055 1
1651118 1651253 2
1652270 1652388 2
1652776 1652891 1
1653073 1653377 2
1655190 1655409 1
1655598 1655841 2
1656510 1656777 2
1657585 1657809 1
1659345 1659485 1
1660248 1660589 1
1661912 1662014 1
1662260 1662510 2
1663026 1663156 2
1663223 1663387 2
1664055 1664164 2
1664234 1664371 2
1664933 1665133 1
1665811 1666028 2
1666173 1666673 2
1666870 1667062 1
1667970 1668090 1
1668568 1668757 1
1669520 1669843 2
1671163 1671490 2
1672217 1672662 1
1673341 1673564 2
1674154 1674445 2
1675095 1675306 1
1676225 1676403 2
1676675 1677037 2
1677272 1677622 1
1678123 1678262 2
1679136 1679369 2
1680202 1680442 1
1681111 1681440 1
1681890 1682146 1
1682487 1682772 2
1683204 1683455 2
1683805 1684126 2
1685508 1685870 2
1687125 1687581 1
1688270 1688754 2
1689800 1690050 2
1690996 1691297 1
1691371 1691787 1
1692199 1692338 2
1692899 1693258 1
1693631 1694035 1
1695034 1695440 2
1695839 1696050 2
1697453 1697596 1
1698486 1698705 2
1698922 1699162 2
1699340 1699579 2
1699824 1699928 1
1700197 1700320 2
1700920 1701331 2
1702475 1702622 1
1703283 1703440 2
1703523 1703692 2
1704376 1704747 2
1704900 1705017 2
1705697 1706064 1
1706709 1706900 2
1707076 1707242 2
1707746 1708070 1
1708386 1708636 2
1709525 1709753 2
1710510 1710839 1
1711727 1712084 2
1713032 1713382 1
1714028 1714273 2
1715120 1715444 1
1716677 1716977 1
1717086 1717308 2
1717885 1718088 2
1719958 1720090 1
1721319 1721731 1
1723796 1724013 2
1725357 1725452 1
1726817 1726974 2
1727726 1727870 2
1728357 1728468 2
1728668 1728780 1
1730595 1730791 2
1730878 1731164 2
1731454 1731527 2
1732065 1732142 1
1733047 1733213 1
1733832 1734311 1
1735429 1735607 2
1736024 1736180 2
1736815 1737149 2
1737296 1737403 1
1738090 1738266 2
1739247 1739419 1
1739989 1740133 1
1740391 1740641 2
1741184 1741518 1
1741830 1741949 2
1742152 1742436 1
1743290 1743427 1
1743750 1743861 2
1744256 1744807 2
1744935 1745135 2
1746324 1746545 2
1746871 1747101 1
1747331 1747615 2
1750863 1751169 2
1751865 1752093 1
1752327 1752544 2
1752637 1753011 2
1754445 1754828 2
1757027 1757286 2
1757379 1757655 2
1758599 1758872 1
1759182 1759330 2
1759707 1759835 2
1760180 1760392 1
1761510 1761839 2
1761914 1762048 2
1762534 1762688 2
1768239 1768479 1
1770897 1771207 1
1771424 1771587 2
1772416 1772560 2
1773003 1773103 1
1773961 1774045 2
1774301 1774437 1
1775097 1775213 2
1775940 1776114 2
1776419 1776543 2
1777093 1777391 2
1778225 1778414 2
1780245 1780534 1
1781469 1781582 2
1785466 1785655 2
1787108 1787286 2
1788769 1788991 1
1791840 1792216 1
1792310 1792469 1
1793499 1793676 1
1794317 1794483 2
1795059 1795512 2
1795931 1796341 1
1798571 1798927 1
1800900 1801008 2
1802814 1803020 2
1803584 1803820 1
1805609 1805896 2
1806801 1806937 1
1809192 1809297 2
1814763 1814935 2
1815199 1815289 2
1815545 1815783 2
1817226 1817479 1
1818488 1818783 2
1819994 1820135 2
1820452 1820655 1
1821091 1821194 2
1821841 1822036 2
1823710 1823821 1
1824021 1824164 2
1824811 1824962 2
1826206 1826424 1
1827166 1827501 2
1831526 1831641 2
1840793 1840954 1
1841574 1841889 1
1842835 1842959 1
1843985 1844201 2
1846743 1846932 2
1852364 1852623 1
1854109 1854322 2
1855449 1855608 1
1856350 1856526 2
1857176 1857410 2
1857523 1857622 1
1861847 1861998 2
1863582 1863910 2
1873100 1873424 2
1873561 1873726 1
1875407 1875521 2
1881320 1881501 1
1885188 1885569 2
1887756 1887879 2
1888799 1888930 2
1890108 1890435 1
1891745 1891913 1
1892847 1893061 2
1894629 1894730 1
1904187 1904310 2
1916717 1916837 2
1926903 1927130 2
1931369 1931488 2
1938266 1938358 2
1939854 1939989 1
1940590 1940706 2
1941057 1941168 1
1941858 1942112 2
2002837 2002931 1
2226399 2226541 2
2252240 2252369 1
2256147 2256246 2
2257117 2257286 1
2276858 2276971 1
2322146 2322303 1
2330110 2330249 2
2341433 2341516 1
2359704 2359975 1
2360384 2360513 2
2360759 2360853 2
2360972 2361088 2
2361837 2361948 2
2381834 2381943 1
2382652 2382757 1
2385829 2385933 2
2388392 2388545 1
2388694 2388779 2
2389692 2389835 2
2390445 2390558 1
2407845 2407973 2
2412733 2412907 1
2413521 2413756 1
2420133 2420287 2
2423596 2423697 1
2425924 2426042 1
2426850 2427035 2
2435795 2435900 2
2480392 2480681 1
2482355 2482457 1
2483102 2483273 2
2484345 2484538 2
2495044 2495285 2
2496048 2496150 1
2496240 2496499 2
2497339 2497429 1
2497613 2497777 2
2504652 2504814 2
2509461 2509618 2
2511521 2511743 1
2520553 2520989 2
2775146 2775352 1
2776881 2777156 2
2780273 2780604 2
2786442 2786547 1
2799725 2800007 2
2804565 2804731 1
2806891 2807095 2
2808067 2808313 2
2808833 2809037 2
2812327 2812520 2
2812630 2812753 2
2816940 2817140 1
2819658 2819768 2
2835012 2835210 2
2835998 2836137 1
2838337 2838474 1
2839127 2839340 2
2842479 2842713 2
2844567 2844803 2
2845447 2845700 1
2846410 2846554 1
2854819 2854942 2
2857407 2857556 2
2862533 2862661 1
2863478 2863653 2
2865608 2865759 2
2872773 2872910 1
2874634 2874871 1
2875468 2875746 2
2876350 2876544 1
2877276 2877391 2
2877982 2878123 1
2878188 2878429 1
2879026 2879174 1
2879674 2880063 2
2881456 2881602 2
2882441 2882580 2
2885252 2885642 1
2887739 2887883 2
2889178 2889641 1
2890213 2890388 1
2891220 2891438 2
2891779 2891913 1
2892119 2892310 1
2893607 2893753 1
2893874 2894069 1
2897038 2897313 2
2898105 2898275 1
2899609 2899799 1
2900702 2900830 1
2902362 2902484 1
2903475 2903657 2
2904676 2904978 1
2906658 2906980 2
2907688 2907850 1
2908588 2908708 2
2908930 2909202 2
2910359 2910668 2
2911819 2911947 1
2913073 2913273 2
2914645 2914827 2
2915973 2916152 1
2917243 2917470 2
2918442 2918608 1
2919549 2919805 1
2920763 2920946 2
2921961 2922114 2
2922689 2922819 2
2923549 2923725 1
2923878 2924128 1
2924751 2925040 1
2926008 2926375 1
2926451 2926619 2
2927418 2927846 2
2928535 2928715 1
2929526 2929751 2
2931277 2931630 1
2932548 2932665 2
2933343 2933421 2
2933613 2933733 1
2934287 2934371 1
2934797 2935057 1
2937235 2937464 1
2938324 2938428 1
2938552 2938776 2
2939805 2939915 2
2940885 2941089 2
2942183 2942507 1
2954241 2954417 2
2956375 2956536 2
2959957 2960180 1
2960772 2960999 2
2961570 2961785 2
2963445 2963534 1
2963998 2964187 2
2964776 2964885 1
2965000 2965173 2
2965947 2966123 1
2967572 2967873 1
2968056 2968195 2
2969247 2969392 2
2972229 2972487 1
2974412 2974690 1
2974836 2974998 2
2975660 2975868 2
2977947 2978260 2
2978987 2979193 2
2979804 2980083 1
2980565 2980806 1
2981617 2981726 1
2983106 2983273 1
2984194 2984354 2
2985611 2985800 1
2987632 2987776 2
2989444 2989571 1
2990019 2990197 1
2990291 2990416 1
2991428 2991591 1
2992195 2992440 2
2993916 2994048 2
2994790 2994908 2
2995551 2995779 2
2997382 2997533 2
2998757 2998956 1
3001668 3001885 2
3003607 3003832 2
3004439 3004648 2
3005621 3005860 1
3006247 3006534 2
3009114 3009370 2
3010066 3010194 1
3010901 3010993 1
3012821 3013117 2
3013905 3014175 1
3014893 3015149 2
3015244 3015449 2
3015933 3016100 2
3016835 3017069 1
3017757 3017998 1
3018961 3019139 1
3021221 3021420 1
3021486 3021623 2
3022824 3023078 2
3027006 3027155 1
3028386 3028540 2
3028885 3029030 2
3030096 3030207 2
3031630 3032094 2
3032822 3033049 2
3033962 3034085 2
3034917 3035089 2
3035738 3035868 1
3036415 3036529 1
3037307 3037413 1
3041415 3041685 1
3042202 3042335 1
3043095 3043373 1
3044002 3044163 2
3045668 3045805 2
3047152 3047373 1
3048794 3049219 2
3049890 3050135 1
3050972 3051143 1
3051716 3051900 1
3052325 3052485 2
3052933 3053104 1
3053414 3053547 1
3057861 3058019 2
3058293 3058492 1
3059173 3059282 2
3060470 3060833 2
3061807 3062020 1
3062887 3063141 2
3065554 3065671 2
3068230 3068731 2
3071461 3071831 1
3072366 3072513 2
3073494 3073790 2
3074241 3074369 2
3075115 3075272 1
3075765 3075937 2
3076355 3076468 2
3077719 3077986 1
3079095 3079340 1
3080717 3080780 2
3082383 3082482 1
3084154 3084310 2
3084469 3084626 2
3085115 3085323 2
3085782 3085897 1
3086375 3086531 1
3087126 3087254 2
3088100 3088239 1
3088390 3088643 2
3089693 3089871 2
3090947 3091220 2
3091833 3092063 2
3092678 3092833 1
3093983 3094236 1
3095095 3095275 2
3096078 3096223 1
3096294 3096527 2
3097088 3097196 1
3098275 3098414 2
3099265 3099366 2
3100447 3100646 1
3102170 3102307 2
3103021 3103160 2
3105294 3105520 1
3106210 3106475 2
3107906 3108170 2
3109590 3109757 2
3110116 3110283 1
3110651 3110734 2
3110847 3110951 1
3111048 3111206 1
3111571 3111747 1
3112637 3112837 1
3113453 3113714 1
3114956 3115173 1
3115960 3116074 1
3116409 3116518 2
3116594 3116683 1
3119185 3119594 2
3120849 3121069 2
3121285 3121433 2
3121551 3121724 2
3122069 3122303 1
3123822 3123956 2
3124551 3124914 2
3126232 3126332 1
3126560 3126959 1
3127969 3128175 1
3129100 3129244 2
3129327 3129457 2
3129779 3129907 1
3131345 3131513 2
3132481 3132698 2
3134067 3134218 1
3138489 3138681 2
3143036 3143410 1
3146253 3146393 2
3148374 3148495 2
3148952 3149143 2
3149709 3149867 2
3151547 3151670 2
3153574 3153729 1
3154257 3154475 2
3154989 3155254 2
3156081 3156294 2
3161037 3161212 1
3162257 3162479 1
3162989 3163257 1
3164508 3164742 1
3165555 3165823 2
3166600 3166739 1
3167545 3167665 2
3168572 3168831 2
3170247 3170553 1
3171143 3171265 1
3171375 3171568 1
3171743 3171916 1
3172349 3172506 1
3174319 3174470 1
3174945 3175289 1
3175740 3175876 1
3177210 3177362 2
3178434 3178589 2
3179206 3179485 1
3180355 3180513 2
3184628 3184826 2
3185749 3186072 1
3186456 3186652 2
3187417 3187685 1
3188771 3189081 2
3189416 3189755 1
3191486 3191717 2
3192317 3192435 2
3193708 3193825 2
3194803 3194906 1
3194998 3195112 1
3195409 3195575 1
3198734 3199090 1
3199789 3200026 1
3200652 3200876 2
3201364 3201794 2
3203359 3203475 2
3203952 3204396 2
3205149 3205321 2
3208505 3208702 1
3210476 3210591 1
3211113 3211220 1
3211579 3211696 1
3212711 3212868 2
3213082 3213249 1
3214512 3214651 2
3218721 3218882 1
3221055 3221487 2
3222703 3222840 2
3222989 3223205 2
3223885 3224252 1
3225681 3225905 1
3226897 3227072 2
3227753 3227847 1
3229862 3229987 2
3230720 3230931 2
3231354 3231574 1
3232166 3232346 1
3232416 3232575 1
3232980 3233060 1
3240671 3240812 2
3243477 3243755 2
3247017 3247100 1
3250405 3250507 2
3251875 3252302 1
3252967 3253267 1
3254285 3254535 1
3254911 3255031 1
3257047 3257230 1
3258941 3259111 1
3260731 3260982 1
3261419 3261724 2
3261872 3262006 1
3270008 3270210 1
3270283 3270448 1
3271141 3271273 1
3272598 3272731 2
3274946 3275119 2
3277315 3277423 2
3284397 3284553 1
3285293 3285441 2
3286021 3286294 2
3290993 3291210 1
3292019 3292125 2
3318444 3318766 2
3319364 3319568 1
3320341 3320481 1
3321349 3321649 1
3322545 3322719 2
3322807 3323022 1
3323402 3323705 1
3325076 3325299 2
3327707 3327868 1
3329006 3329350 1
3329708 3329887 1
3330995 3331302 1
3332509 3332749 2
3336624 3336773 1
3337694 3338006 2
3340437 3340606 1
3341465 3341720 1
3345088 3345266 1
3345807 3346011 1
3351637 3351808 1
3351882 3352024 1
3352192 3352396 1
3354109 3354263 2
3359022 3359315 2
3363435 3363620 2
3364535 3364839 1
3366191 3366536 1
3367148 3367452 2
3368909 3369048 2
3369974 3370087 1
3370765 3370940 1
3371545 3372008 2
3372386 3372681 2
3373230 3373466 1
3375004 3375110 2
3375321 3375499 2
3376195 3376303 2
3377199 3377370 1
3379053 3379257 2
3382512 3382713 2
3383563 3383735 1
3384791 3385092 2
3398627 3398759 1
3401068 3401319 2
3402831 3402968 2
3403518 3403627 2
3404097 3404264 2
3405540 3405693 2
3406635 3406729 2
3407439 3407665 1
3409654 3409846 2
3410745 3410857 2
3411896 3412006 2
3416653 3416865 1
3417605 3417855 2
3418748 3418901 1
3421081 3421433 1
3423967 3424134 2
3425113 3425320 2
3426132 3426282 1
3427384 3427540 1
3429098 3429291 2
3429489 3429683 2
3430137 3430403 1
3431335 3431572 2
3432822 3432992 1
3433407 3433513 1
3434498 3434593 1
3434675 3434881 1
3435520 3435676 1
3437812 3438227 1
3438862 3439001 2
3439645 3439795 2
3441609 3441739 2
3442713 3442952 2
3443767 3443892 2
3444744 3444917 2
3445560 3445731 1
3446388 3446677 2
3447348 3447471 1
3448239 3448395 2
3449576 3449680 2
3450369 3450679 2
3451110 3451274 1
3452029 3452179 1
3454183 3454391 1
3456617 3456802 1
3457017 3457178 1
3457724 3457946 2
3458919 3459387 2
3459855 3460022 1
3461683 3461910 1
3462253 3462381 2
3462796 3463083 1
3463714 3463864 2
3464453 3464567 1
3465428 3465568 2
3468677 3468931 2
3472020 3472206 1
3473989 3474386 2
3474837 3474944 1
3475791 3475919 2
3476645 3476748 1
3477622 3477833 2
3480065 3480390 2
3481428 3481553 1
3482531 3482846 1
3484278 3484474 2
3485051 3485535 2
3486245 3486410 2
3487089 3487329 2
3489521 3489686 1
3490047 3490448 1
3491313 3491387 1
3492038 3492219 1
3492534 3492696 2
3495705 3495894 2
3498122 3498224 2
3498972 3499184 1
3499827 3499976 1
3500762 3501057 2
3501527 3501718 1
3503166 3503443 1
3503827 3504079 1
3505818 3505962 1
3506421 3506579 2
3508309 3508533 2
3509631 3509845 1
3511868 3512169 1
3512694 3512848 1
3516340 3516677 2
3518703 3518930 1
3520607 3520757 2
3529692 3529941 2
3531856 3531957 1
3533966 3534072 1
3537254 3537405 2
3538753 3538860 2
3539557 3539771 1
3540362 3540511 2
3542583 3542707 1
3548350 3548567 2
3550022 3550206 2
3551225 3551382 1
3551998 3552098 1
5045566 5045732 2
5056044 5056161 1
5056656 5056965 2
5058873 5059009 2
5061803 5062010 2
5063939 5064230 1
5064674 5064985 2
5069417 5069561 1
5075043 5075249 2
5075920 5076098 2
5076241 5076480 1
5077510 5077663 1
5081874 5082041 2
5084392 5084586 1
5085330 5085569 2
5086288 5086514 1
5087253 5087733 2
5088705 5088822 1
5089664 5090081 1
5091648 5091771 1
5095018 5095173 2
5095735 5095918 2
5097414 5097641 1
5098336 5098477 2
5099001 5099122 2
5100583 5100705 1
5101565 5101747 1
5104227 5104483 1
5106720 5106928 2
5107859 5107983 2
5109063 5109240 1
5109763 5109904 2
5110915 5111040 2
5111369 5111640 2
5112214 5112358 2
5114249 5114366 1
5116852 5117138 2
5117508 5117642 2
5119334 5119752 1
5121384 5121671 1
5122457 5122603 1
5122783 5122922 2
5123006 5123153 2
5123578 5123791 2
5125106 5125301 1
5125997 5126237 1
5126880 5127087 2
5127482 5127694 2
5128841 5129116 2
5129887 5130031 1
5131579 5131790 1
5132052 5132164 2
5135410 5135547 1
5135801 5135924 2
5138152 5138444 2
5139043 5139238 1
5140178 5140332 1
5140796 5141098 2
5143803 5143998 2
5144514 5144809 1
5145702 5146035 1
5146540 5146857 1
5147146 5147502 2
5148831 5149026 1
5150349 5150553 1
5151294 5151526 1
5152976 5153099 1
5154911 5155089 1
5159654 5159815 2
5160318 5160459 2
5167663 5167881 2
5168798 5168931 1
5169368 5169757 1
5170162 5170461 2
5170624 5170735 2
5183489 5183886 2
5184861 5184954 2
5185980 5186076 1
5186190 5186297 1
5186732 5186914 2
5187006 5187291 1
5188162 5188423 2
5189246 5189563 2
5193689 5193792 2
5194791 5194961 1
5196196 5196330 1
5197696 5198000 2
5200009 5200275 2
5201752 5201995 2
5203078 5203278 2
5204631 5204859 1
5205622 5205800 1
5207510 5207592 2
5207770 5207970 2
5208721 5208865 2
5209045 5209150 1
5210277 5210432 2
5210850 5211100 2
5214749 5214873 1
5215739 5215848 2
5217182 5217466 2
5217744 5217936 1
5218331 5218575 2
5220243 5220488 1
5220750 5220924 2
5222673 5223021 1
5224202 5224318 2
5224970 5225119 1
5225455 5225602 1
5227112 5227216 1
5228526 5228681 2
5229319 5229478 1
5231242 5231479 1
5231554 5231661 2
5232268 5232371 2
5233691 5233834 2
5234641 5234716 1
5234834 5234965 2
5244299 5244427 1
5244872 5245134 2
5247423 5247550 1
5248822 5249069 1
5249774 5250299 2
5254237 5254351 1
5255032 5255197 2
5255777 5256000 2
5256932 5257100 1
5257846 5257992 1
5259168 5259610 1
5261894 5262050 2
5269682 5269844 1
5271188 5271371 2
5272540 5272679 2
5273102 5273287 1
5273772 5274017 2
5276134 5276329 1
5277188 5277366 1
5277599 5277800 2
5278554 5278655 1
5279077 5279426 2
5282494 5282679 2
5284550 5284721 2
5285124 5285429 1
5286008 5286132 1
5291220 5291475 1
5293815 5294002 1
5295285 5295453 1
5296265 5296367 1
5305728 5305970 1
5307360 5307588 1
5308582 5308809 2
5309979 5310407 2
5319377 5319598 2
5328516 5328694 1
5330082 5330234 2
5330970 5331143 1
5333560 5333655 1
5339259 5339411 1
5341741 5341947 2
5343289 5343398 1
5349199 5349353 2
5349674 5349946 2
5356525 5356634 1
5360253 5360417 1
5361138 5361256 1
5362077 5362308 1
5366011 5366137 1
5366929 5367044 1
5369671 5369808 1
5372535 5372681 1
5376923 5377159 2
5388286 5388443 2
5392206 5392365 2
5405018 5405312 2
5407206 5407402 1
5408402 5408684 2
5414994 5415142 2
5417833 5417947 2
5419145 5419277 1
5420148 5420360 2
5431377 5431695 1
5432272 5432480 1
5432949 5433345 2
5444873 5444980 2
5447839 5448009 1
5451096 5451277 2
5454416 5454554 2
5461762 5461949 1
5469410 5469539 2
5483522 5483611 1
5485083 5485359 2
5491331 5491467 1
5494451 5494597 2
5498355 5498428 2
5499500 5499672 2
5501286 5501358 1
5502466 5502724 2
5515593 5515714 2
5520942 5521025 1
5532754 5532891 1
5533863 5533943 1
5534039 5534206 1
5536398 5536480 2
5536639 5536747 1
5544875 5544937 2
5545372 5545450 1
5551042 5551153 2
5562429 5562554 2
5566977 5567116 2
5571211 5571346 1
5574420 5574540 2
5582575 5582653 2
5583959 5584105 2
5584212 5584306 1
5585494 5585588 2
5588600 5588871 1
5598995 5599147 2
5601950 5602050 1
5605208 5605368 2
5605811 5605916 2
6173010 6173164 2
6177824 6178031 1
6178216 6178358 2
6184637 6184739 2
6200281 6200542 1
6201175 6201317 2
6206374 6206525 1
6209236 6209375 2
6210232 6210667 2
6211337 6211458 1
6211577 6211693 1
6215692 6215994 1
6216107 6216225 2
6216421 6216694 2
6220964 6221117 1
6224586 6224765 2
6225131 6225242 2
6230961 6231233 2
6232346 6232494 2
6235239 6235418 1
6240327 6240505 1
6244362 6244499 2
6246162 6246310 1
6247284 6247700 2
6248971 6249119 2
6254670 6254843 2
6256517 6256892 2
6257938 6258160 2
6261059 6261193 1
6265276 6265447 1
6265976 6266156 1
6266601 6266847 2
6274630 6274896 1
6275457 6275874 2
6276312 6276448 2
6278029 6278520 2
6280239 6280590 1
6282021 6282226 2
6285662 6286005 1
6291319 6291725 2
6292845 6293021 2
6293492 6293643 2
6294394 6294602 1
6294802 6294918 2
6295244 6295384 1
6295641 6295786 2
6298434 6298724 1
6299216 6299311 2
6300437 6300577 2
6302230 6302503 1
6304760 6304892 1
6305554 6305679 2
6308784 6308955 2
6309654 6309788 1
6311239 6311421 2
6313055 6313192 1
6316498 6316618 1
6316761 6316889 2
6320181 6320390 2
6321433 6321813 2
6323270 6323372 1
6324713 6324810 1
6325538 6325641 2
6325816 6325994 2
6326798 6326947 1
6327226 6327343 2
6328167 6328290 1
6329067 6329481 1
6329937 6330183 2
6330354 6330485 1
6332476 6332823 1
6333533 6333759 1
6334402 6334599 2
6337674 6337896 2
6338928 6339298 2
6340107 6340374 1
6341376 6341596 2
6342046 6342192 2
6343303 6343447 1
6344638 6344771 2
6346048 6346260 2
6346845 6346984 1
6347055 6347160 2
6348149 6348343 1
6352548 6352674 2
6354121 6354263 2
6354776 6354920 1
6355633 6355721 2
6356438 6356591 1
6357579 6357679 1
6359408 6359559 2
6360239 6360421 2
6360871 6361090 2
6361294 6361602 2
6361802 6361988 1
6362157 6362268 1
6366270 6366640 1
6378276 6378399 2
6380841 6380992 1
6383048 6383155 2
6384744 6384948 1
6387520 6387634 1
6388648 6388807 2
6389759 6389957 2
6393297 6393435 1
6395013 6395175 1
6396436 6396731 2
6398423 6398570 2
6401167 6401318 2
6403239 6403397 1
6404726 6404982 2
6409479 6409752 1
6411434 6411610 1
6412083 6412347 2
6414657 6414760 1
6416476 6416674 2
6416984 6417126 1
6417577 6417702 2
6427674 6427846 1
6430349 6430443 2
6431819 6432090 1
6432336 6432458 1
6435189 6435285 2
6448477 6448697 1
6450755 6451312 2
6451580 6451776 2
6452544 6452841 2
6453738 6453872 2
6454753 6454994 1
6456345 6456523 2
6458272 6458413 1
6459281 6459443 2
6460873 6460998 1
6462648 6463216 1
6467144 6467325 1
6469204 6469347 2
6471196 6471426 2
6474480 6474869 1
6475200 6475332 2
6475717 6475963 2
6476163 6476252 1
6476331 6476460 2
6476996 6477213 2
6478902 6479128 1
6480535 6480647 1
6481930 6482130 1
6483215 6483434 1
6483861 6483999 1
6484303 6484457 1
6490662 6491085 1
6493458 6493918 2
6496408 6496578 1
6498572 6498691 2
6502536 6502816 2
6503381 6503720 1
6512991 6513090 2
6520057 6520328 2
6525259 6525385 2
