1 719161 719376
1 724722 724937
1 730454 730624
1 731221 731400
1 731565 731686
1 732780 733014
1 760025 760170
1 766607 766930
1 772400 772649
1 804359 804632
1 805748 806086
1 807396 807646
1 811303 811479
1 812058 812257
1 814546 814664
1 815308 815678
1 815739 816245
1 818130 818427
1 818999 819546
1 820942 821066
1 821445 821560
1 821869 821992
1 822799 823002
1 823493 823739
1 824299 824489
1 825616 825794
1 826542 826653
1 827342 827653
1 830708 830942
1 832261 832500
1 833845 833998
1 834795 834933
1 834998 835116
1 835401 835891
1 837265 837444
1 837506 837624
1 838143 838627
1 838777 838989
1 840582 840687
1 842051 842528
1 844412 844573
1 845666 846103
1 846303 846425
1 846632 846798
1 847878 848008
1 848926 849037
1 850779 851304
1 851559 851845
2 1387195 1387542
2 1392537 1392626
2 1398224 1398512
2 1401850 1401984
2 1404091 1404202
2 1404977 1405095
2 1405411 1405581
2 1407723 1407842
2 1414262 1414377
2 1414831 1414993
2 1418950 1419065
2 1419873 1420017
2 1420081 1420211
2 1421165 1421309
2 1433884 1434026
2 1437189 1437461
2 1438194 1438308
2 1439294 1439539
2 1440049 1440163
2 1443444 1443565
2 1444509 1444622
2 1445604 1445757
2 1446299 1446447
2 1446679 1446927
2 1448279 1448459
2 1455840 1456090
2 1456431 1456568
2 1457246 1457360
2 1463299 1463600
2 1464247 1464325
2 1465785 1465971
2 1466662 1466776
2 1469402 1469637
2 1471702 1471952
2 1481871 1481985
2 1483070 1483180
2 1491386 1491480
2 1492251 1492358
2 1494126 1494366
2 1496442 1496570
2 1505406 1505629
2 1508959 1509111
2 1514887 1515013
2 1515183 1515516
2 1516017 1516181
2 1516671 1516761
2 1517105 1517286
2 1519967 1520259
2 1523632 1523737
2 1524334 1524487
2 1526161 1526291
2 1527546 1527809
2 1533537 1533639
2 1538776 1539018
2 1542129 1542263
2 1545506 1545610
2 1557164 1557269
2 1558675 1558857
2 1565156 1565374
2 1575359 1575548
2 1575765 1575869
2 1576055 1576152
2 1576353 1576490
2 1577811 1578080
2 1578607 1578930
2 1578994 1579097
2 1581065 1581374
2 1582553 1582662
2 1585055 1585303
2 1585601 1585807
2 1588220 1588358
2 1588568 1588726
2 1590072 1590211
2 1590522 1590784
2 1593985 1594162
2 1601026 1601225
2 1601680 1601869
2 1602044 1602196
2 1603535 1603721
2 1603860 1603960
2 1605770 1606293
2 1606696 1606973
2 1607464 1607657
2 1608517 1608684
2 1609262 1609495
2 1610526 1610733
2 1611439 1611621
2 1612261 1612364
2 1612800 1612962
2 1613197 1613421
2 1618473 1618612
2 1619195 1619327
2 1620218 1620381
2 1620541 1620655
2 1620987 1621128
2 1621601 1621829
2 1622197 1622317
2 1622581 1622731
2 1623282 1623427
2 1623906 1624251
2 1624863 1625068
2 1625364 1625503
2 1626043 1626199
2 1627914 1628158
2 1628712 1628851
2 1628943 1629332
2 1629912 1630290
2 1631638 1631959
2 1632689 1632961
2 1633340 1633573
2 1634458 1634581
2 1634748 1634820
2 1635070 1635332
2 1636267 1636484
2 1637299 1637468
2 1637881 1638076
2 1638763 1638880
2 1639930 1640108
2 1640588 1640795
2 1641319 1641655
2 1641986 1642490
2 1642934 1643063
2 1644178 1644418
2 1644910 1645196
2 1645748 1646157
2 1647140 1647455
2 1647939 1648117
2 1648218 1648310
2 1648392 1648731
2 1649031 1649192
2 1649539 1649726
2 1649953 1650220
2 1650813 1651055
2 1651118 1651253
2 1652270 1652388
2 1652776 1652891
2 1653073 1653377
2 1655190 1655409
2 1655598 1655841
2 1656510 1656777
2 1657585 1657809
2 1659345 1659485
2 1660248 1660589
2 1661912 1662014
2 1662260 1662510
2 1663026 1663156
2 1663223 1663387
2 1664055 1664164
2 1664234 1664371
2 1664933 1665133
2 1665811 1666028
2 1666173 1666673
2 1666870 1667062
2 1667970 1668090
2 1668568 1668757
2 1669520 1669843
2 1671163 1671490
2 1672217 1672662
2 1673341 1673564
2 1674154 1674445
2 1675095 1675306
2 1676225 1676403
2 1676675 1677037
2 1677272 1677622
2 1678123 1678262
2 1679136 1679369
2 1680202 1680442
2 1681111 1681440
2 1681890 1682146
2 1682487 1682772
2 1683204 1683455
2 1683805 1684126
2 1685508 1685870
2 1687125 1687581
2 1688270 1688754
2 1689800 1690050
2 1690996 1691297
2 1691371 1691787
2 1692199 1692338
2 1692899 1693258
2 1693631 1694035
2 1695034 1695440
2 1695839 1696050
2 1697453 1697596
2 1698486 1698705
2 1698922 1699162
2 1699340 1699579
2 1699824 1699928
2 1700197 1700320
2 1700920 1701331
2 1702475 1702622
2 1703283 1703440
2 1703523 1703692
2 1704376 1704747
2 1704900 1705017
2 1705697 1706064
2 1706709 1706900
2 1707076 1707242
2 1707746 1708070
2 1708386 1708636
2 1709525 1709753
2 1710510 1710839
2 1711727 1712084
2 1713032 1713382
2 1714028 1714273
2 1715120 1715444
2 1716677 1716977
2 1717086 1717308
2 1717885 1718088
2 1719958 1720090
2 1721319 1721731
2 1723796 1724013
2 1725357 1725452
2 1726817 1726974
2 1727726 1727870
2 1728357 1728468
2 1728668 1728780
2 1730595 1730791
2 1730878 1731164
2 1731454 1731527
2 1732065 1732142
2 1733047 1733213
2 1733832 1734311
2 1735429 1735607
2 1736024 1736180
2 1736815 1737149
2 1737296 1737403
2 1738090 1738266
2 1739247 1739419
2 1739989 1740133
2 1740391 1740641
2 1741184 1741518
2 1741830 1741949
2 1742152 1742436
2 1743290 1743427
2 1743750 1743861
2 1744256 1744807
2 1744935 1745135
2 1746324 1746545
2 1746871 1747101
2 1747331 1747615
2 1750863 1751169
2 1751865 1752093
2 1752327 1752544
2 1752637 1753011
2 1754445 1754828
2 1757027 1757286
2 1757379 1757655
2 1758599 1758872
2 1759182 1759330
2 1759707 1759835
2 1760180 1760392
2 1761510 1761839
2 1761914 1762048
2 1762534 1762688
2 1768239 1768479
2 1770897 1771207
2 1771424 1771587
2 1772416 1772560
2 1773003 1773103
2 1773961 1774045
2 1774301 1774437
2 1775097 1775213
2 1775940 1776114
2 1776419 1776543
2 1777093 1777391
2 1778225 1778414
2 1780245 1780534
2 1781469 1781582
2 1785466 1785655
2 1787108 1787286
2 1788769 1788991
2 1791840 1792216
2 1792310 1792469
2 1793499 1793676
2 1794317 1794483
2 1795059 1795512
2 1795931 1796341
2 1798571 1798927
2 1800900 1801008
2 1802814 1803020
2 1803584 1803820
2 1805609 1805896
3 2381834 2381943
3 2382652 2382757
3 2385829 2385933
3 2388392 2388545
3 2388694 2388779
3 2389692 2389835
3 2390445 2390558
3 2407845 2407973
3 2412733 2412907
3 2413521 2413756
3 2420133 2420287
3 2423596 2423697
3 2425924 2426042
3 2426850 2427035
4 2480392 2480681
4 2482355 2482457
4 2483102 2483273
4 2484345 2484538
4 2495044 2495285
4 2496048 2496150
4 2496240 2496499
4 2497339 2497429
4 2497613 2497777
4 2504652 2504814
4 2509461 2509618
4 2511521 2511743
4 2520553 2520989
5 2775146 2775352
5 2776881 2777156
5 2780273 2780604
5 2786442 2786547
5 2799725 2800007
5 2804565 2804731
5 2806891 2807095
5 2808067 2808313
5 2808833 2809037
5 2812327 2812520
5 2812630 2812753
5 2816940 2817140
5 2819658 2819768
5 2835012 2835210
5 2835998 2836137
5 2838337 2838474
5 2839127 2839340
5 2842479 2842713
5 2844567 2844803
5 2845447 2845700
5 2846410 2846554
5 2854819 2854942
5 2857407 2857556
5 2862533 2862661
5 2863478 2863653
5 2865608 2865759
5 2872773 2872910
5 2874634 2874871
5 2875468 2875746
5 2876350 2876544
5 2877276 2877391
5 2877982 2878123
5 2878188 2878429
5 2879026 2879174
5 2879674 2880063
5 2881456 2881602
5 2882441 2882580
5 2885252 2885642
5 2887739 2887883
5 2889178 2889641
5 2890213 2890388
5 2891220 2891438
5 2891779 2891913
5 2892119 2892310
5 2893607 2893753
5 2893874 2894069
5 2897038 2897313
5 2898105 2898275
5 2899609 2899799
5 2900702 2900830
5 2902362 2902484
5 2903475 2903657
5 2904676 2904978
5 2906658 2906980
5 2907688 2907850
5 2908588 2908708
5 2908930 2909202
5 2910359 2910668
5 2911819 2911947
5 2913073 2913273
5 2914645 2914827
5 2915973 2916152
5 2917243 2917470
5 2918442 2918608
5 2919549 2919805
5 2920763 2920946
5 2921961 2922114
5 2922689 2922819
5 2923549 2923725
5 2923878 2924128
5 2924751 2925040
5 2926008 2926375
5 2926451 2926619
5 2927418 2927846
5 2928535 2928715
5 2929526 2929751
5 2931277 2931630
5 2932548 2932665
5 2933343 2933421
5 2933613 2933733
5 2934287 2934371
5 2934797 2935057
5 2937235 2937464
5 2938324 2938428
5 2938552 2938776
5 2939805 2939915
5 2940885 2941089
5 2942183 2942507
5 2954241 2954417
5 2956375 2956536
5 2959957 2960180
5 2960772 2960999
5 2961570 2961785
5 2963445 2963534
5 2963998 2964187
5 2964776 2964885
5 2965000 2965173
5 2965947 2966123
5 2967572 2967873
5 2968056 2968195
5 2969247 2969392
5 2972229 2972487
5 2974412 2974690
5 2974836 2974998
5 2975660 2975868
5 2977947 2978260
5 2978987 2979193
5 2979804 2980083
5 2980565 2980806
5 2981617 2981726
5 2983106 2983273
5 2984194 2984354
5 2985611 2985800
5 2987632 2987776
5 2989444 2989571
5 2990019 2990197
5 2990291 2990416
5 2991428 2991591
5 2992195 2992440
5 2993916 2994048
5 2994790 2994908
5 2995551 2995779
5 2997382 2997533
5 2998757 2998956
5 3001668 3001885
5 3003607 3003832
5 3004439 3004648
5 3005621 3005860
5 3006247 3006534
5 3009114 3009370
5 3010066 3010194
5 3010901 3010993
5 3012821 3013117
5 3013905 3014175
5 3014893 3015149
5 3015244 3015449
5 3015933 3016100
5 3016835 3017069
5 3017757 3017998
5 3018961 3019139
5 3021221 3021420
5 3021486 3021623
5 3022824 3023078
5 3027006 3027155
5 3028386 3028540
5 3028885 3029030
5 3030096 3030207
5 3031630 3032094
5 3032822 3033049
5 3033962 3034085
5 3034917 3035089
5 3035738 3035868
5 3036415 3036529
5 3037307 3037413
5 3041415 3041685
5 3042202 3042335
5 3043095 3043373
5 3044002 3044163
5 3045668 3045805
5 3047152 3047373
5 3048794 3049219
5 3049890 3050135
5 3050972 3051143
5 3051716 3051900
5 3052325 3052485
5 3052933 3053104
5 3053414 3053547
5 3057861 3058019
5 3058293 3058492
5 3059173 3059282
5 3060470 3060833
5 3061807 3062020
5 3062887 3063141
5 3065554 3065671
5 3068230 3068731
5 3071461 3071831
5 3072366 3072513
5 3073494 3073790
5 3074241 3074369
5 3075115 3075272
5 3075765 3075937
5 3076355 3076468
5 3077719 3077986
5 3079095 3079340
5 3080717 3080780
5 3082383 3082482
5 3084154 3084310
5 3084469 3084626
5 3085115 3085323
5 3085782 3085897
5 3086375 3086531
5 3087126 3087254
5 3088100 3088239
5 3088390 3088643
5 3089693 3089871
5 3090947 3091220
5 3091833 3092063
5 3092678 3092833
5 3093983 3094236
5 3095095 3095275
5 3096078 3096223
5 3096294 3096527
5 3097088 3097196
5 3098275 3098414
5 3099265 3099366
5 3100447 3100646
5 3102170 3102307
5 3103021 3103160
5 3105294 3105520
5 3106210 3106475
5 3107906 3108170
5 3109590 3109757
5 3110116 3110283
5 3110651 3110734
5 3110847 3110951
5 3111048 3111206
5 3111571 3111747
5 3112637 3112837
5 3113453 3113714
5 3114956 3115173
5 3115960 3116074
5 3116409 3116518
5 3116594 3116683
5 3119185 3119594
5 3120849 3121069
5 3121285 3121433
5 3121551 3121724
5 3122069 3122303
5 3123822 3123956
5 3124551 3124914
5 3126232 3126332
5 3126560 3126959
5 3127969 3128175
5 3129100 3129244
5 3129327 3129457
5 3129779 3129907
5 3131345 3131513
5 3132481 3132698
5 3134067 3134218
5 3138489 3138681
5 3143036 3143410
5 3146253 3146393
5 3148374 3148495
5 3148952 3149143
5 3149709 3149867
5 3151547 3151670
5 3153574 3153729
5 3154257 3154475
5 3154989 3155254
5 3156081 3156294
5 3161037 3161212
5 3162257 3162479
5 3162989 3163257
5 3164508 3164742
5 3165555 3165823
5 3166600 3166739
5 3167545 3167665
5 3168572 3168831
5 3170247 3170553
5 3171143 3171265
5 3171375 3171568
5 3171743 3171916
5 3172349 3172506
5 3174319 3174470
5 3174945 3175289
5 3175740 3175876
5 3177210 3177362
5 3178434 3178589
5 3179206 3179485
5 3180355 3180513
5 3184628 3184826
5 3185749 3186072
5 3186456 3186652
5 3187417 3187685
5 3188771 3189081
5 3189416 3189755
5 3191486 3191717
5 3192317 3192435
5 3193708 3193825
5 3194803 3194906
5 3194998 3195112
5 3195409 3195575
5 3198734 3199090
5 3199789 3200026
5 3200652 3200876
5 3201364 3201794
5 3203359 3203475
5 3203952 3204396
5 3205149 3205321
5 3208505 3208702
5 3210476 3210591
5 3211113 3211220
5 3211579 3211696
5 3212711 3212868
5 3213082 3213249
5 3214512 3214651
5 3218721 3218882
5 3221055 3221487
5 3222703 3222840
5 3222989 3223205
5 3223885 3224252
5 3225681 3225905
5 3226897 3227072
5 3227753 3227847
5 3229862 3229987
5 3230720 3230931
5 3231354 3231574
5 3232166 3232346
5 3232416 3232575
5 3232980 3233060
5 3240671 3240812
5 3243477 3243755
5 3247017 3247100
5 3250405 3250507
5 3251875 3252302
5 3252967 3253267
5 3254285 3254535
5 3254911 3255031
5 3257047 3257230
5 3258941 3259111
5 3260731 3260982
5 3261419 3261724
5 3261872 3262006
5 3270008 3270210
5 3270283 3270448
5 3271141 3271273
5 3272598 3272731
5 3274946 3275119
5 3277315 3277423
5 3284397 3284553
5 3285293 3285441
5 3286021 3286294
5 3290993 3291210
5 3292019 3292125
5 3318444 3318766
5 3319364 3319568
5 3320341 3320481
5 3321349 3321649
5 3322545 3322719
5 3322807 3323022
5 3323402 3323705
5 3325076 3325299
5 3327707 3327868
5 3329006 3329350
5 3329708 3329887
5 3330995 3331302
5 3332509 3332749
5 3336624 3336773
5 3337694 3338006
5 3340437 3340606
5 3341465 3341720
5 3345088 3345266
5 3345807 3346011
5 3351637 3351808
5 3351882 3352024
5 3352192 3352396
5 3354109 3354263
5 3359022 3359315
5 3363435 3363620
5 3364535 3364839
5 3366191 3366536
5 3367148 3367452
5 3368909 3369048
5 3369974 3370087
5 3370765 3370940
5 3371545 3372008
5 3372386 3372681
5 3373230 3373466
5 3375004 3375110
5 3375321 3375499
5 3376195 3376303
5 3377199 3377370
5 3379053 3379257
5 3382512 3382713
5 3383563 3383735
5 3384791 3385092
5 3398627 3398759
5 3401068 3401319
5 3402831 3402968
5 3403518 3403627
5 3404097 3404264
5 3405540 3405693
5 3406635 3406729
5 3407439 3407665
5 3409654 3409846
5 3410745 3410857
5 3411896 3412006
5 3416653 3416865
5 3417605 3417855
5 3418748 3418901
5 3421081 3421433
5 3423967 3424134
5 3425113 3425320
5 3426132 3426282
5 3427384 3427540
5 3429098 3429291
5 3429489 3429683
5 3430137 3430403
5 3431335 3431572
5 3432822 3432992
5 3433407 3433513
5 3434498 3434593
5 3434675 3434881
5 3435520 3435676
5 3437812 3438227
5 3438862 3439001
5 3439645 3439795
5 3441609 3441739
5 3442713 3442952
5 3443767 3443892
5 3444744 3444917
5 3445560 3445731
5 3446388 3446677
5 3447348 3447471
5 3448239 3448395
5 3449576 3449680
5 3450369 3450679
5 3451110 3451274
5 3452029 3452179
5 3454183 3454391
5 3456617 3456802
5 3457017 3457178
5 3457724 3457946
5 3458919 3459387
5 3459855 3460022
5 3461683 3461910
5 3462253 3462381
5 3462796 3463083
5 3463714 3463864
5 3464453 3464567
5 3465428 3465568
5 3468677 3468931
5 3472020 3472206
5 3473989 3474386
5 3474837 3474944
5 3475791 3475919
5 3476645 3476748
5 3477622 3477833
5 3480065 3480390
5 3481428 3481553
5 3482531 3482846
5 3484278 3484474
5 3485051 3485535
5 3486245 3486410
5 3487089 3487329
5 3489521 3489686
5 3490047 3490448
5 3491313 3491387
5 3492038 3492219
5 3492534 3492696
5 3495705 3495894
5 3498122 3498224
5 3498972 3499184
5 3499827 3499976
5 3500762 3501057
5 3501527 3501718
5 3503166 3503443
5 3503827 3504079
5 3505818 3505962
5 3506421 3506579
5 3508309 3508533
5 3509631 3509845
5 3511868 3512169
5 3512694 3512848
5 3516340 3516677
5 3518703 3518930
5 3520607 3520757
5 3529692 3529941
5 3531856 3531957
5 3533966 3534072
5 3537254 3537405
5 3538753 3538860
5 3539557 3539771
5 3540362 3540511
5 3542583 3542707
5 3548350 3548567
5 3550022 3550206
5 3551225 3551382
5 3551998 3552098
6 5045566 5045732
6 5056044 5056161
6 5056656 5056965
6 5058873 5059009
6 5061803 5062010
6 5063939 5064230
6 5064674 5064985
6 5069417 5069561
6 5075043 5075249
6 5075920 5076098
6 5076241 5076480
6 5077510 5077663
6 5081874 5082041
6 5084392 5084586
6 5085330 5085569
6 5086288 5086514
6 5087253 5087733
6 5088705 5088822
6 5089664 5090081
6 5091648 5091771
6 5095018 5095173
6 5095735 5095918
6 5097414 5097641
6 5098336 5098477
6 5099001 5099122
6 5100583 5100705
6 5101565 5101747
6 5104227 5104483
6 5106720 5106928
6 5107859 5107983
6 5109063 5109240
6 5109763 5109904
6 5110915 5111040
6 5111369 5111640
6 5112214 5112358
6 5114249 5114366
6 5116852 5117138
6 5117508 5117642
6 5119334 5119752
6 5121384 5121671
6 5122457 5122603
6 5122783 5122922
6 5123006 5123153
6 5123578 5123791
6 5125106 5125301
6 5125997 5126237
6 5126880 5127087
6 5127482 5127694
6 5128841 5129116
6 5129887 5130031
6 5131579 5131790
6 5132052 5132164
6 5135410 5135547
6 5135801 5135924
6 5138152 5138444
6 5139043 5139238
6 5140178 5140332
6 5140796 5141098
6 5143803 5143998
6 5144514 5144809
6 5145702 5146035
6 5146540 5146857
6 5147146 5147502
6 5148831 5149026
6 5150349 5150553
6 5151294 5151526
6 5152976 5153099
6 5154911 5155089
6 5159654 5159815
6 5160318 5160459
6 5167663 5167881
6 5168798 5168931
6 5169368 5169757
6 5170162 5170461
6 5170624 5170735
6 5183489 5183886
6 5184861 5184954
6 5185980 5186076
6 5186190 5186297
6 5186732 5186914
6 5187006 5187291
6 5188162 5188423
6 5189246 5189563
6 5193689 5193792
6 5194791 5194961
6 5196196 5196330
6 5197696 5198000
6 5200009 5200275
6 5201752 5201995
6 5203078 5203278
6 5204631 5204859
6 5205622 5205800
6 5207510 5207592
6 5207770 5207970
6 5208721 5208865
6 5209045 5209150
6 5210277 5210432
6 5210850 5211100
6 5214749 5214873
6 5215739 5215848
6 5217182 5217466
6 5217744 5217936
6 5218331 5218575
6 5220243 5220488
6 5220750 5220924
6 5222673 5223021
6 5224202 5224318
6 5224970 5225119
6 5225455 5225602
6 5227112 5227216
6 5228526 5228681
6 5229319 5229478
6 5231242 5231479
6 5231554 5231661
 8 6173010 6173164
8 6177824 6178031
8 6178216 6178358
8 6184637 6184739
8 6200281 6200542
8 6201175 6201317
8 6206374 6206525
8 6209236 6209375
8 6210232 6210667
8 6211337 6211458
8 6211577 6211693
8 6215692 6215994
8 6216107 6216225
8 6216421 6216694
8 6220964 6221117
8 6224586 6224765
8 6225131 6225242
8 6230961 6231233
8 6232346 6232494
8 6235239 6235418
8 6240327 6240505
8 6244362 6244499
8 6246162 6246310
8 6247284 6247700
8 6248971 6249119
8 6254670 6254843
8 6256517 6256892
8 6257938 6258160
8 6261059 6261193
8 6265276 6265447
8 6265976 6266156
8 6266601 6266847
8 6274630 6274896
8 6275457 6275874
8 6276312 6276448
8 6278029 6278520
8 6280239 6280590
8 6282021 6282226
8 6285662 6286005
8 6291319 6291725
8 6292845 6293021
8 6293492 6293643
8 6294394 6294602
8 6294802 6294918
8 6295244 6295384
8 6295641 6295786
8 6298434 6298724
8 6299216 6299311
8 6300437 6300577
8 6302230 6302503
8 6304760 6304892
8 6305554 6305679
8 6308784 6308955
8 6309654 6309788
8 6311239 6311421
8 6313055 6313192
8 6316498 6316618
8 6316761 6316889
8 6320181 6320390
8 6321433 6321813
8 6323270 6323372
8 6324713 6324810
8 6325538 6325641
8 6325816 6325994
8 6326798 6326947
8 6327226 6327343
8 6328167 6328290
8 6329067 6329481
8 6329937 6330183
8 6330354 6330485
8 6332476 6332823
8 6333533 6333759
8 6334402 6334599
8 6337674 6337896
8 6338928 6339298
8 6340107 6340374
8 6341376 6341596
8 6342046 6342192
8 6343303 6343447
8 6344638 6344771
8 6346048 6346260
8 6346845 6346984
8 6347055 6347160
8 6348149 6348343
8 6352548 6352674
8 6354121 6354263
8 6354776 6354920
8 6355633 6355721
8 6356438 6356591
8 6357579 6357679
8 6359408 6359559
8 6360239 6360421
8 6360871 6361090
8 6361294 6361602
8 6361802 6361988
8 6362157 6362268
8 6366270 6366640
8 6378276 6378399
8 6380841 6380992
8 6383048 6383155
8 6384744 6384948
8 6387520 6387634
8 6388648 6388807
8 6389759 6389957
8 6393297 6393435
8 6395013 6395175
8 6396436 6396731
8 6398423 6398570
8 6401167 6401318
8 6403239 6403397
8 6404726 6404982
8 6409479 6409752
8 6411434 6411610
8 6412083 6412347
8 6414657 6414760
8 6416476 6416674
8 6416984 6417126
8 6417577 6417702
8 6427674 6427846
8 6430349 6430443
8 6431819 6432090
8 6432336 6432458
8 6435189 6435285
8 6448477 6448697
8 6450755 6451312
8 6451580 6451776
8 6452544 6452841
8 6453738 6453872
8 6454753 6454994
8 6456345 6456523
8 6458272 6458413
8 6459281 6459443
8 6460873 6460998
8 6462648 6463216
8 6467144 6467325
8 6469204 6469347
8 6471196 6471426
8 6474480 6474869
8 6475200 6475332
8 6475717 6475963
8 6476163 6476252
8 6476331 6476460
8 6476996 6477213
8 6478902 6479128
8 6480535 6480647
8 6481930 6482130
8 6483215 6483434
8 6483861 6483999
8 6484303 6484457
8 6490662 6491085
8 6493458 6493918
8 6496408 6496578
8 6498572 6498691
8 6502536 6502816
8 6503381 6503720
8 6512991 6513090
8 6520057 6520328
8 6525259 6525385
