504 848 -50 -50 1 1
2037 2248 -50 -50 1 1
3532 3676 -50 -50 2 1
6282 6404 -50 -50 1 1
6976 7359 -50 -50 1 1
7827 7994 -50 -50 1 1
8639 8869 -50 -50 2 1
11381 11480 -50 -50 1 1
11922 12194 -50 -50 1 1
15331 15583 -50 -50 2 1
17802 17902 -50 -50 1 1
19387 19509 -50 -50 1 1
20448 20693 -50 -50 2 1
22964 23094 -50 -50 3 1
23920 24320 -50 -50 3 1
25876 26154 -50 -50 2 1
26397 26568 -50 -50 2 1
26665 26993 -50 -50 2 1
27610 27771 -50 -50 1 1
27904 28109 -50 -50 1 1
29012 29171 -50 -50 2 1
29337 29432 -50 -50 1 1
31070 31443 -50 -50 1 1
32154 32498 -50 -50 1 1
33465 33643 -50 -50 1 1
33976 34132 -50 -50 1 1
36076 36176 -50 -50 1 1
36493 36787 -50 -50 1 1
38082 38332 -50 -50 1 1
39067 39213 -50 -50 1 1
40759 40874 -50 -50 1 1
41870 42037 -50 -50 1 1
42432 42669 -50 -50 1 1
43426 43765 -50 -50 1 1
44287 44509 -50 -50 1 1
45682 46176 -50 -50 1 1
47426 47632 -50 -50 1 1
48202 48383 -50 -50 1 1
49109 49209 -50 -50 2 1
50993 51215 -50 -50 2 1
51909 52220 -50 -50 2 1
52587 52721 -50 -50 2 1
53726 54032 -50 -50 2 1
54648 54782 -50 -50 2 1
55504 55726 -50 -50 2 1
56826 56982 -50 -50 1 1
57443 57854 -50 -50 2 1
58493 58609 -50 -50 3 1
59545 60138 -50 -50 3 1
60554 60709 -50 -50 3 1
61265 61620 -50 -50 3 1
62533 62689 -50 -50 2 1
64513 64767 -50 -50 2 1
66487 66604 -50 -50 2 1
68054 68420 -50 -50 2 1
69193 69415 -50 -50 2 1
71120 71520 -50 -50 3 1
72830 73420 -50 -50 3 1
75098 75443 -50 -50 2 1
76426 76720 -50 -50 2 1
77493 77859 -50 -50 2 1
78326 78582 -50 -50 2 1
79576 79759 -50 -50 1 1
80265 80582 -50 -50 1 1
81476 81548 -50 -50 2 1
82198 82554 -50 -50 3 1
83800 84720 -50 -50 3 1
85032 85343 -50 -50 3 1
86526 86948 -50 -50 1 1
87520 87820 -50 -50 2 1
88393 88654 -50 -50 1 1
89504 89776 -50 -50 1 1
90537 90787 -50 -50 1 1
91432 91637 -50 -50 1 1
97531 97665 -50 -50 1 1
353975 354125 -50 -50 2 1
354982 355209 -50 -50 2 1
355659 355982 -50 -50 2 1
356684 356779 -50 -50 1 1
363120 363440 -50 -50 3 1
363932 364193 -50 -50 3 1
366754 368052 -50 -50 3 1
369020 369600 -50 -50 3 1
370059 370346 -50 -50 3 1
370656 371050 -50 -50 3 1
374587 374932 -50 -50 2 1
375859 376304 -50 -50 2 1
377332 377494 -50 -50 1 1
378337 378959 -50 -50 2 1
380087 380715 -50 -50 3 1
380952 381415 -50 -50 3 1
381750 382600 -50 -50 3 1
382880 383300 -50 -50 3 1
383500 383800 -50 -50 3 1
384500 385180 -50 -50 3 1
385480 385860 -50 -50 3 1
386003 386309 -50 -50 2 1
386770 387070 -50 -50 2 1
388787 389409 -50 -50 2 1
389995 390149 -50 -50 1 1
391032 391254 -50 -50 2 1
391548 391715 -50 -50 2 1
391962 392119 -50 -50 2 1
392682 392843 -50 -50 2 1
395000 395194 -50 -50 2 1
395977 396206 -50 -50 2 1
396268 396398 -50 -50 2 1
396545 396726 -50 -50 2 1
397670 397892 -50 -50 2 1
401348 401576 -50 -50 2 1
402976 403526 -50 -50 2 1
404022 404267 -50 -50 2 1
405122 405611 -50 -50 1 1
406526 406698 -50 -50 1 1
408882 409204 -50 -50 1 1
410843 411076 -50 -50 1 1
413743 414070 -50 -50 2 1
415408 415593 -50 -50 2 1
416237 416487 -50 -50 2 1
418520 418859 -50 -50 2 1
419832 420354 -50 -50 1 1
421684 421876 -50 -50 2 1
423004 423420 -50 -50 2 1
424013 424286 -50 -50 3 1
425220 425580 -50 -50 3 1
426218 426344 -50 -50 3 1
427379 427824 -50 -50 3 1
428243 428487 -50 -50 2 1
428998 429237 -50 -50 2 1
430816 430900 -50 -50 1 1
431346 431614 -50 -50 2 1
434737 435115 -50 -50 2 1
435767 435971 -50 -50 2 1
436200 436480 -50 -50 3 1
436993 437232 -50 -50 3 1
437520 437839 -50 -50 3 1
438439 438720 -50 -50 3 1
439066 439458 -50 -50 3 1
440000 440398 -50 -50 2 1
443303 443512 -50 -50 1 1
444255 444652 -50 -50 1 1
444965 445182 -50 -50 1 1
446898 447118 -50 -50 2 1
447493 447659 -50 -50 2 1
448160 448525 -50 -50 1 1
449454 449704 -50 -50 1 1
450000 450407 -50 -50 1 1
452847 453278 -50 -50 1 1
453864 454026 -50 -50 1 1
454865 454982 -50 -50 1 1
456320 456504 -50 -50 1 1
457720 458165 -50 -50 2 1
459132 459559 -50 -50 1 1
459791 459943 -50 -50 1 1
461070 461432 -50 -50 1 1
462155 462433 -50 -50 1 1
463498 463832 -50 -50 1 1
465109 465293 -50 -50 3 1
465689 466369 -50 -50 3 1
467876 468015 -50 -50 2 1
471070 471420 -50 -50 2 1
471515 471726 -50 -50 2 1
472497 472659 -50 -50 1 1
473565 473954 -50 -50 2 1
474718 474911 -50 -50 2 1
475348 475970 -50 -50 2 1
476737 476852 -50 -50 1 1
477675 477830 -50 -50 2 1
478638 478858 -50 -50 2 1
479748 480232 -50 -50 2 1
480350 480633 -50 -50 2 1
481077 481383 -50 -50 2 1
482070 482398 -50 -50 2 1
483519 483751 -50 -50 2 1
486587 487015 -50 -50 1 1
492795 493069 -50 -50 1 1
494143 494420 -50 -50 2 1
494826 495265 -50 -50 2 1
496148 496276 -50 -50 1 1
496993 497459 -50 -50 1 1
497976 498154 -50 -50 1 1
499313 499445 -50 -50 1 1
500304 500565 -50 -50 1 1
500798 501070 -50 -50 1 1
501513 501684 -50 -50 1 1
501943 502225 -50 -50 1 1
502365 502659 -50 -50 1 1
503420 503826 -50 -50 2 1
504315 504637 -50 -50 2 1
505048 505187 -50 -50 1 1
505766 506080 -50 -50 1 1
506887 507087 -50 -50 2 1
507793 508082 -50 -50 2 1
508909 509154 -50 -50 2 1
509276 509498 -50 -50 2 1
510115 510570 -50 -50 2 1
511237 511626 -50 -50 2 1
512393 512732 -50 -50 1 1
513348 513537 -50 -50 2 1
515048 515437 -50 -50 2 1
515993 516193 -50 -50 1 1
519326 519637 -50 -50 2 1
521454 521793 -50 -50 2 1
525901 526288 -50 -50 1 1
529128 529346 -50 -50 2 1
530248 530570 -50 -50 2 1
532765 532954 -50 -50 2 1
533104 533593 -50 -50 2 1
533908 534400 -50 -50 3 1
534615 534820 -50 -50 3 1
535132 535287 -50 -50 3 1
535787 537184 -50 -50 3 1
537350 537920 -50 -50 3 1
539043 539198 -50 -50 2 1
544020 544237 -50 -50 3 1
545600 546000 -50 -50 3 1
547250 547840 -50 -50 3 1
549365 549532 -50 -50 1 1
551559 552032 -50 -50 2 1
553148 553432 -50 -50 2 1
554932 555143 -50 -50 1 1
557682 557920 -50 -50 2 1
558566 558701 -50 -50 2 1
559882 560232 -50 -50 2 1
561328 561490 -50 -50 1 1
563137 563282 -50 -50 2 1
564598 564809 -50 -50 2 1
565398 565570 -50 -50 1 1
565693 565865 -50 -50 1 1
566348 566582 -50 -50 2 1
567915 568265 -50 -50 1 1
569565 569948 -50 -50 1 1
571570 571870 -50 -50 1 1
573154 573398 -50 -50 1 1
574165 574448 -50 -50 1 1
575493 575804 -50 -50 1 1
576959 577276 -50 -50 1 1
578588 578996 -50 -50 1 1
583120 583304 -50 -50 2 1
583909 584287 -50 -50 2 1
584854 585109 -50 -50 2 1
585870 586204 -50 -50 1 1
587115 587304 -50 -50 2 1
588115 588259 -50 -50 2 1
589077 589295 -50 -50 2 1
590087 590720 -50 -50 2 1
592548 592782 -50 -50 2 1
593276 593676 -50 -50 2 1
594298 594598 -50 -50 2 1
595946 596097 -50 -50 2 1
597082 597270 -50 -50 1 1
598248 598487 -50 -50 2 1
599765 600082 -50 -50 1 1
602059 602304 -50 -50 2 1
603376 603526 -50 -50 1 1
604276 604465 -50 -50 2 1
607747 607958 -50 -50 1 1
613270 613487 -50 -50 1 1
614659 614787 -50 -50 1 1
615526 615687 -50 -50 1 1
616943 617065 -50 -50 2 1
617320 617526 -50 -50 1 1
618782 619148 -50 -50 1 1
623142 623267 -50 -50 1 1
624987 625132 -50 -50 2 1
625909 626415 -50 -50 1 1
627432 627659 -50 -50 2 1
628015 628187 -50 -50 1 1
628880 629119 -50 -50 2 1
629687 629854 -50 -50 2 1
631798 632276 -50 -50 1 1
633376 633637 -50 -50 2 1
635404 635559 -50 -50 2 1
636007 636111 -50 -50 2 1
641493 641898 -50 -50 2 1
643482 643665 -50 -50 1 1
644619 645142 -50 -50 1 1
645493 645743 -50 -50 1 1
646498 646659 -50 -50 1 1
646816 646921 -50 -50 1 1
647665 648009 -50 -50 2 1
648954 649176 -50 -50 2 1
649968 650140 -50 -50 1 1
650620 650809 -50 -50 1 1
652043 652198 -50 -50 2 1
654009 654215 -50 -50 2 1
655032 655282 -50 -50 1 1
656520 656715 -50 -50 1 1
657693 658243 -50 -50 2 1
658809 659237 -50 -50 2 1
659843 659943 -50 -50 1 1
661032 661315 -50 -50 1 1
662470 662770 -50 -50 1 1
663737 663948 -50 -50 2 1
668126 668470 -50 -50 2 1
670804 670926 -50 -50 2 1
671043 671120 -50 -50 2 1
671151 671372 -50 -50 2 1
672078 672279 -50 -50 2 1
673443 673654 -50 -50 2 1
676787 676970 -50 -50 1 1
679693 679903 -50 -50 1 1
680709 680920 -50 -50 1 1
681748 682054 -50 -50 2 1
685293 685476 -50 -50 2 1
686226 686609 -50 -50 2 1
687709 688020 -50 -50 2 1
689204 689454 -50 -50 1 1
691509 691754 -50 -50 1 1
693684 693888 -50 -50 1 1
694828 694929 -50 -50 1 1
695505 695731 -50 -50 2 1
697032 697170 -50 -50 2 1
698004 698198 -50 -50 2 1
699637 699798 -50 -50 2 1
700554 700682 -50 -50 1 1
700804 700920 -50 -50 1 1
701665 701915 -50 -50 2 1
702054 702354 -50 -50 2 1
702970 703109 -50 -50 1 1
705793 705948 -50 -50 2 1
707137 707509 -50 -50 2 1
708515 708709 -50 -50 2 1
710020 710078 -50 -50 2 1
712304 712609 -50 -50 2 1
713693 713859 -50 -50 2 1
715609 715754 -50 -50 1 1
715987 716165 -50 -50 1 1
718470 718609 -50 -50 1 1
721982 722365 -50 -50 1 1
722970 723332 -50 -50 2 1
725387 725659 -50 -50 2 1
725827 725952 -50 -50 2 1
728235 728347 -50 -50 2 1
728514 728593 -50 -50 1 1
729754 729982 -50 -50 1 1
730880 731320 -50 -50 3 1
731582 731876 -50 -50 3 1
732415 732604 -50 -50 3 1
733620 733954 -50 -50 1 1
734859 735087 -50 -50 2 1
737893 738093 -50 -50 2 1
739671 739803 -50 -50 2 1
741093 741476 -50 -50 2 1
745188 745366 -50 -50 1 1
745632 745826 -50 -50 1 1
748526 748787 -50 -50 2 1
750859 751143 -50 -50 1 1
755994 756161 -50 -50 2 1
756509 756620 -50 -50 1 1
759132 759393 -50 -50 2 1
760304 760460 -50 -50 1 1
761057 761229 -50 -50 1 1
763265 763376 -50 -50 2 1
764086 764488 -50 -50 1 1
766748 767020 -50 -50 1 1
768937 769052 -50 -50 1 1
770177 770329 -50 -50 1 1
772228 772311 -50 -50 1 1
773854 774198 -50 -50 2 1
780432 780537 -50 -50 1 1
781343 781537 -50 -50 1 1
783876 784004 -50 -50 1 1
785904 786048 -50 -50 1 1
786743 786915 -50 -50 1 1
790196 790358 -50 -50 1 1
792654 792887 -50 -50 1 1
794537 794815 -50 -50 2 1
795670 795932 -50 -50 2 1
796720 796876 -50 -50 2 1
797310 797504 -50 -50 1 1
797937 798109 -50 -50 2 1
799970 800076 -50 -50 2 1
803315 803437 -50 -50 1 1
804998 805082 -50 -50 2 1
805732 805882 -50 -50 2 1
810493 810626 -50 -50 1 1
814228 814327 -50 -50 1 1
816093 816326 -50 -50 1 1
817548 817637 -50 -50 2 1
820269 820544 -50 -50 2 1
823215 823343 -50 -50 2 1
823993 824115 -50 -50 2 1
827993 828093 -50 -50 1 1
831670 831920 -50 -50 1 1
833028 833222 -50 -50 1 1
838082 838226 -50 -50 1 1
839587 839909 -50 -50 1 1
841843 842143 -50 -50 1 1
846284 846383 -50 -50 1 1
847320 847465 -50 -50 1 1
848559 848715 -50 -50 2 1
850726 850826 -50 -50 1 1
855757 855945 -50 -50 1 1
858515 858698 -50 -50 1 1
860659 860809 -50 -50 1 1
869126 869282 -50 -50 1 1
873626 873793 -50 -50 2 1
890554 890954 -50 -50 3 1
891715 892098 -50 -50 3 1
892479 892760 -50 -50 3 1
893709 894365 -50 -50 2 1
895626 895826 -50 -50 1 1
896320 896604 -50 -50 2 1
897359 897604 -50 -50 1 1
898026 898220 -50 -50 1 1
898920 899309 -50 -50 2 1
899922 900030 -50 -50 2 1
900127 900476 -50 -50 2 1
900965 901365 -50 -50 1 1
902909 903098 -50 -50 2 1
903970 904159 -50 -50 2 1
904220 904676 -50 -50 2 1
905370 905776 -50 -50 2 1
906470 906815 -50 -50 2 1
909198 909548 -50 -50 2 1
909776 909937 -50 -50 2 1
923232 923415 -50 -50 1 1
927670 927893 -50 -50 2 1
928843 929076 -50 -50 2 1
929565 929804 -50 -50 2 1
931976 932359 -50 -50 1 1
933220 933570 -50 -50 2 1
934476 934648 -50 -50 2 1
943326 943488 -50 -50 2 1
944418 944657 -50 -50 2 1
947490 947628 -50 -50 2 1
949598 949832 -50 -50 2 1
951254 951459 -50 -50 2 1
951920 952248 -50 -50 2 1
952954 953120 -50 -50 2 1
953674 953763 -50 -50 1 1
955009 955543 -50 -50 2 1
956543 956693 -50 -50 1 1
957893 958337 -50 -50 2 1
958898 959354 -50 -50 2 1
959565 959720 -50 -50 1 1
960259 960443 -50 -50 2 1
960648 960882 -50 -50 2 1
961556 961919 -50 -50 1 1
962415 962604 -50 -50 1 1
962837 963193 -50 -50 2 1
963954 964487 -50 -50 2 1
965359 965598 -50 -50 2 1
966433 966668 -50 -50 2 1
966982 967293 -50 -50 2 1
968298 968498 -50 -50 2 1
968582 968826 -50 -50 2 1
969565 970004 -50 -50 2 1
971093 971476 -50 -50 2 1
972204 972554 -50 -50 2 1
973482 973793 -50 -50 2 1
973848 974276 -50 -50 2 1
974726 975009 -50 -50 2 1
975726 976026 -50 -50 2 1
977515 977659 -50 -50 2 1
978559 978826 -50 -50 1 1
979293 979698 -50 -50 2 1
980437 980520 -50 -50 2 1
982826 983182 -50 -50 2 1
985420 985770 -50 -50 3 1
986147 986800 -50 -50 3 1
987268 987393 -50 -50 3 1
987460 987840 -50 -50 3 1
988720 988920 -50 -50 2 1
990537 990909 -50 -50 2 1
991593 991887 -50 -50 2 1
993859 994154 -50 -50 1 1
999215 999487 -50 -50 2 1
999682 999959 -50 -50 2 1
1001448 1001604 -50 -50 1 1
1002565 1002770 -50 -50 2 1
1003790 1003942 -50 -50 2 1
1004804 1005232 -50 -50 2 1
1006198 1006448 -50 -50 2 1
1007320 1007482 -50 -50 2 1
1009609 1009843 -50 -50 2 1
1010765 1011109 -50 -50 2 1
1013009 1013709 -50 -50 2 1
1014137 1014443 -50 -50 1 1
1014887 1015059 -50 -50 1 1
1016265 1016409 -50 -50 1 1
1016933 1017436 -50 -50 2 1
1018009 1018154 -50 -50 2 1
1018909 1019470 -50 -50 2 1
1020570 1020904 -50 -50 2 1
1022532 1023015 -50 -50 2 1
1023893 1024426 -50 -50 1 1
1025350 1025606 -50 -50 1 1
1026732 1026844 -50 -50 2 1
1026904 1027426 -50 -50 2 1
1028332 1028604 -50 -50 1 1
1030020 1030359 -50 -50 1 1
1030832 1031159 -50 -50 1 1
1031837 1032170 -50 -50 2 1
1032804 1033087 -50 -50 2 1
1038713 1039107 -50 -50 1 1
1039782 1040087 -50 -50 1 1
1041432 1041726 -50 -50 1 1
1042493 1043054 -50 -50 1 1
1047265 1047569 -50 -50 1 1
1048870 1049032 -50 -50 2 1
1051076 1051443 -50 -50 2 1
1051678 1051798 -50 -50 2 1
1068432 1068670 -50 -50 1 1
1075795 1076114 -50 -50 1 1
1078309 1078904 -50 -50 1 1
1079393 1079515 -50 -50 1 1
1539773 1540089 -50 -50 1 1
1545159 1545382 -50 -50 2 1
1547693 1547932 -50 -50 1 1
1549426 1549620 -50 -50 1 1
1552403 1552534 -50 -50 1 1
1556682 1556820 -50 -50 2 1
1557604 1557926 -50 -50 2 1
1558795 1558832 -50 -50 2 1
1559109 1559326 -50 -50 2 1
1560365 1560490 -50 -50 1 1
1570770 1570970 -50 -50 1 1
1578048 1578309 -50 -50 1 1
1578593 1578987 -50 -50 1 1
1579670 1579882 -50 -50 1 1
1580337 1580687 -50 -50 1 1
1581664 1582033 -50 -50 1 1
1582848 1583215 -50 -50 1 1
1584682 1584848 -50 -50 2 1
1585943 1586532 -50 -50 2 1
1588404 1588515 -50 -50 1 1
1590276 1590732 -50 -50 2 1
1591191 1591264 -50 -50 1 1
1592870 1593054 -50 -50 2 1
1593532 1593609 -50 -50 1 1
1594932 1595148 -50 -50 1 1
1596826 1597120 -50 -50 2 1
1597701 1597809 -50 -50 2 1
1597876 1598143 -50 -50 2 1
1599198 1599604 -50 -50 1 1
1600220 1600351 -50 -50 1 1
1600454 1600748 -50 -50 1 1
1601459 1601643 -50 -50 2 1
1601943 1602115 -50 -50 1 1
1602482 1602604 -50 -50 2 1
1603068 1603283 -50 -50 1 1
1603947 1604067 -50 -50 1 1
1604565 1604682 -50 -50 2 1
1605225 1605706 -50 -50 2 1
1606043 1606198 -50 -50 1 1
1609020 1609165 -50 -50 3 1
1609254 1609543 -50 -50 3 1
1610000 1610300 -50 -50 3 1
1611704 1612087 -50 -50 1 1
1614904 1615004 -50 -50 1 1
1617696 1617849 -50 -50 2 1
1617893 1618123 -50 -50 2 1
1618804 1618937 -50 -50 2 1
1620210 1620420 -50 -50 1 1
1620920 1621159 -50 -50 1 1
1623898 1624087 -50 -50 1 1
1625120 1625426 -50 -50 1 1
1626354 1626537 -50 -50 1 1
1627787 1627926 -50 -50 2 1
1629326 1629459 -50 -50 1 1
1630987 1631337 -50 -50 2 1
1631737 1631943 -50 -50 2 1
1632593 1632698 -50 -50 2 1
1635348 1635615 -50 -50 1 1
1636270 1636520 -50 -50 1 1
1637304 1637632 -50 -50 1 1
1638182 1638298 -50 -50 1 1
1639549 1639659 -50 -50 1 1
1642854 1642976 -50 -50 1 1
1645832 1646043 -50 -50 1 1
1646665 1647009 -50 -50 1 1
1648070 1648376 -50 -50 1 1
1649398 1649570 -50 -50 1 1
1650420 1650550 -50 -50 1 1
1652412 1652705 -50 -50 1 1
1653626 1653762 -50 -50 1 1
1653854 1654026 -50 -50 1 1
1654981 1655106 -50 -50 1 1
1655437 1655854 -50 -50 1 1
1657548 1657920 -50 -50 2 1
1658709 1659009 -50 -50 1 1
1661287 1661407 -50 -50 1 1
1662193 1662498 -50 -50 1 1
1666882 1667026 -50 -50 1 1
1667659 1667726 -50 -50 1 1
1669798 1670109 -50 -50 2 1
1671167 1671519 -50 -50 2 1
1675766 1675908 -50 -50 1 1
1676096 1676248 -50 -50 1 1
1678959 1679540 -50 -50 3 1
1679759 1680220 -50 -50 3 1
1681848 1681987 -50 -50 1 1
1682115 1682276 -50 -50 1 1
1684932 1685048 -50 -50 2 1
1688740 1689040 -50 -50 3 1
1690559 1691000 -50 -50 3 1
1691159 1691350 -50 -50 3 1
1693515 1693598 -50 -50 2 1
1694337 1694554 -50 -50 2 1
1694611 1694658 -50 -50 1 1
1695459 1695715 -50 -50 2 1
1696387 1696482 -50 -50 2 1
1697698 1697771 -50 -50 1 1
1700676 1700954 -50 -50 2 1
1701597 1701775 -50 -50 1 1
1702737 1702815 -50 -50 2 1
1702876 1703009 -50 -50 2 1
1705657 1705960 -50 -50 1 1
1707943 1708109 -50 -50 1 1
1709293 1709659 -50 -50 2 1
1709849 1709970 -50 -50 1 1
1710565 1710793 -50 -50 1 1
1711637 1711898 -50 -50 2 1
1715237 1715499 -50 -50 1 1
1716315 1716448 -50 -50 1 1
1717315 1717598 -50 -50 1 1
1719515 1719643 -50 -50 2 1
1720442 1720552 -50 -50 1 1
1721148 1721426 -50 -50 2 1
1722015 1722159 -50 -50 1 1
1723126 1723415 -50 -50 2 1
1723787 1724037 -50 -50 2 1
1724576 1724698 -50 -50 1 1
1725843 1725943 -50 -50 2 1
1726793 1726926 -50 -50 2 1
1728826 1728948 -50 -50 1 1
1730226 1730354 -50 -50 1 1
1731365 1731474 -50 -50 1 1
1732509 1732765 -50 -50 2 1
1733693 1733843 -50 -50 1 1
1734637 1734854 -50 -50 2 1
1736276 1736448 -50 -50 2 1
1738415 1738587 -50 -50 1 1
1739615 1739704 -50 -50 1 1
1739787 1739893 -50 -50 1 1
1740626 1740720 -50 -50 2 1
1741033 1741165 -50 -50 2 1
1742559 1742848 -50 -50 2 1
1743516 1743665 -50 -50 2 1
1743720 1743887 -50 -50 1 1
1744032 1744198 -50 -50 2 1
1745521 1745666 -50 -50 1 1
1748242 1748494 -50 -50 1 1
1751432 1751604 -50 -50 2 1
1753348 1753576 -50 -50 2 1
1754076 1754282 -50 -50 2 1
1755298 1755443 -50 -50 1 1
1756209 1756392 -50 -50 1 1
1758626 1758726 -50 -50 1 1
1759537 1759687 -50 -50 1 1
1761367 1761540 -50 -50 1 1
1762543 1762670 -50 -50 2 1
1764859 1764998 -50 -50 1 1
1767515 1767804 -50 -50 2 1
1770061 1770255 -50 -50 1 1
1773236 1773503 -50 -50 1 1
1774000 1774136 -50 -50 1 1
1775177 1775460 -50 -50 1 1
1776737 1776854 -50 -50 1 1
1779132 1779357 -50 -50 1 1
1781493 1781604 -50 -50 1 1
1781920 1782176 -50 -50 1 1
1787179 1787295 -50 -50 2 1
1788032 1788176 -50 -50 1 1
1789109 1789215 -50 -50 2 1
1789273 1789432 -50 -50 2 1
1790020 1790182 -50 -50 1 1
1792315 1792643 -50 -50 2 1
1793320 1793420 -50 -50 1 1
1794511 1794731 -50 -50 1 1
1795487 1795765 -50 -50 1 1
1799671 1799959 -50 -50 1 1
1802337 1802498 -50 -50 2 1
1804359 1804670 -50 -50 1 1
1805354 1805459 -50 -50 2 1
1806670 1806776 -50 -50 1 1
1809387 1809593 -50 -50 1 1
1811582 1811787 -50 -50 2 1
1812376 1812509 -50 -50 2 1
1814959 1815340 -50 -50 3 1
1815600 1816000 -50 -50 3 1
1816583 1816740 -50 -50 3 1
1824520 1824720 -50 -50 1 1
1825043 1825165 -50 -50 1 1
1825959 1826093 -50 -50 1 1
1826709 1826837 -50 -50 1 1
1826915 1827043 -50 -50 1 1
1828315 1828404 -50 -50 1 1
1829637 1829765 -50 -50 2 1
1830404 1830537 -50 -50 1 1
1831432 1831620 -50 -50 1 1
1834587 1834759 -50 -50 1 1
1836737 1837004 -50 -50 1 1
1856882 1856965 -50 -50 1 1
1857569 1857668 -50 -50 1 1
1859580 1860120 -50 -50 3 1
1860200 1860959 -50 -50 3 1
1861459 1861940 -50 -50 3 1
1863291 1863631 -50 -50 1 1
1873593 1873754 -50 -50 1 1
1923476 1923815 -50 -50 1 1
1925290 1925399 -50 -50 1 1
1928537 1928620 -50 -50 2 1
1930870 1931137 -50 -50 1 1
1935426 1935554 -50 -50 1 1
1938048 1938382 -50 -50 1 1
1939432 1939893 -50 -50 1 1
1941359 1941582 -50 -50 1 1
1961137 1961304 -50 -50 2 1
1962237 1962465 -50 -50 2 1
1964924 1965063 -50 -50 1 1
1965582 1965720 -50 -50 2 1
1967798 1967943 -50 -50 2 1
1969582 1969987 -50 -50 2 1
