154070 154193 -50 -50 2 1
156615 156759 -50 -50 1 1
157054 157537 -50 -50 1 1
162343 162509 -50 -50 2 1
163209 163287 -50 -50 2 1
163998 164226 -50 -50 2 1
165076 165270 -50 -50 2 1
168032 168165 -50 -50 2 1
170020 170343 -50 -50 2 1
171165 171470 -50 -50 2 1
172743 173382 -50 -50 2 1
174154 174670 -50 -50 2 1
176254 176565 -50 -50 2 1
177154 177326 -50 -50 2 1
178039 178113 -50 -50 1 1
178948 179209 -50 -50 2 1
180015 180115 -50 -50 2 1
180143 180515 -50 -50 2 1
181393 181904 -50 -50 2 1
182282 182693 -50 -50 2 1
183576 183820 -50 -50 2 1
184932 185048 -50 -50 1 1
187776 187959 -50 -50 2 1
189332 189726 -50 -50 2 1
191987 192176 -50 -50 1 1
192526 192648 -50 -50 1 1
192965 193404 -50 -50 1 1
193987 194320 -50 -50 2 1
196487 196682 -50 -50 2 1
199793 200170 -50 -50 2 1
204598 204748 -50 -50 1 1
204838 204901 -50 -50 1 1
205398 205754 -50 -50 1 1
208370 208510 -50 -50 2 1
209343 209570 -50 -50 2 1
214426 214604 -50 -50 2 1
214943 215220 -50 -50 1 1
215398 215576 -50 -50 1 1
216120 216254 -50 -50 2 1
217084 217361 -50 -50 1 1
218870 219043 -50 -50 1 1
219209 219648 -50 -50 1 1
220876 221237 -50 -50 2 1
222999 223204 -50 -50 2 1
223670 223909 -50 -50 2 1
224287 224376 -50 -50 1 1
225324 225430 -50 -50 2 1
225508 225650 -50 -50 1 1
226137 226254 -50 -50 3 1
226380 226591 -50 -50 2 1
227787 227965 -50 -50 2 1
230048 230437 -50 -50 1 1
230737 230887 -50 -50 2 1
232470 232643 -50 -50 2 1
241143 241309 -50 -50 1 1
246116 246347 -50 -50 2 1
249526 249737 -50 -50 1 1
255165 255320 -50 -50 2 1
258154 258337 -50 -50 2 1
260320 260626 -50 -50 2 1
261526 261620 -50 -50 2 1
264793 264959 -50 -50 2 1
274009 274193 -50 -50 1 1
287404 287532 -50 -50 1 1
291958 292100 -50 -50 1 1
293067 293193 -50 -50 1 1
312737 312893 -50 -50 2 1
313290 313489 -50 -50 1 1
316461 316586 -50 -50 1 1
321176 321393 -50 -50 1 1
367458 367562 -50 -50 1 1
425437 425548 -50 -50 1 1
441681 441822 -50 -50 1 1
489692 489850 -50 -50 2 1
556997 557070 -50 -50 1 1
559104 559332 -50 -50 1 1
572800 572873 -50 -50 1 1
601921 602078 -50 -50 1 1
662009 662126 -50 -50 1 1
714609 714732 -50 -50 2 1
716567 716729 -50 -50 1 1
718548 718782 -50 -50 2 1
719882 720037 -50 -50 2 1
720487 720748 -50 -50 2 1
720843 720982 -50 -50 2 1
721359 721648 -50 -50 2 1
722214 722439 -50 -50 1 1
722881 722975 -50 -50 1 1
725329 725554 -50 -50 1 1
732120 732332 -50 -50 2 1
736176 736432 -50 -50 1 1
739267 739481 -50 -50 1 1
740443 740693 -50 -50 2 1
741970 742337 -50 -50 2 1
742840 743065 -50 -50 1 1
743185 743326 -50 -50 2 1
744843 745365 -50 -50 2 1
745859 746204 -50 -50 2 1
746329 746528 -50 -50 1 1
747332 747565 -50 -50 2 1
749576 749748 -50 -50 2 1
754226 754459 -50 -50 2 1
755643 755859 -50 -50 2 1
756087 756298 -50 -50 2 1
757770 757954 -50 -50 2 1
758132 758270 -50 -50 2 1
761515 761754 -50 -50 1 1
762370 762820 -50 -50 3 1
764666 765142 -50 -50 3 1
768120 768370 -50 -50 2 1
768492 768645 -50 -50 2 1
769270 769498 -50 -50 1 1
770104 770282 -50 -50 2 1
773298 773504 -50 -50 1 1
776348 776559 -50 -50 2 1
777693 777882 -50 -50 2 1
779893 780115 -50 -50 1 1
780970 781587 -50 -50 1 1
784076 784593 -50 -50 2 1
785274 785426 -50 -50 1 1
786382 786604 -50 -50 2 1
787698 788209 -50 -50 2 1
788921 789330 -50 -50 2 1
789486 789591 -50 -50 2 1
790920 791337 -50 -50 2 1
794059 794226 -50 -50 1 1
794698 794870 -50 -50 2 1
796493 796982 -50 -50 2 1
800509 800854 -50 -50 1 1
801265 801509 -50 -50 1 1
802115 802376 -50 -50 1 1
803137 803265 -50 -50 1 1
804154 804298 -50 -50 2 1
804865 804965 -50 -50 2 1
807087 807248 -50 -50 3 1
807289 807671 -50 -50 3 1
809004 809259 -50 -50 3 1
809917 810210 -50 -50 3 1
811100 811382 -50 -50 3 1
812768 812980 -50 -50 3 1
813748 813993 -50 -50 1 1
815432 815832 -50 -50 1 1
816587 816776 -50 -50 1 1
822009 822243 -50 -50 2 1
823304 823604 -50 -50 2 1
824070 824387 -50 -50 2 1
830682 831022 -50 -50 2 1
836015 836215 -50 -50 2 1
837665 837993 -50 -50 2 1
839120 839250 -50 -50 1 1
840720 841132 -50 -50 3 1
841759 842132 -50 -50 3 1
842650 843150 -50 -50 3 1
843626 844243 -50 -50 2 1
845802 845954 -50 -50 1 1
846421 846600 -50 -50 2 1
848616 848758 -50 -50 1 1
849458 849567 -50 -50 1 1
850826 851037 -50 -50 2 1
851437 851749 -50 -50 2 1
852598 852754 -50 -50 2 1
853193 853576 -50 -50 2 1
853948 854198 -50 -50 2 1
854537 854809 -50 -50 2 1
858616 858766 -50 -50 1 1
860600 860745 -50 -50 1 1
862870 863082 -50 -50 2 1
863849 864131 -50 -50 2 1
864520 864882 -50 -50 2 1
865993 866415 -50 -50 2 1
867276 867626 -50 -50 1 1
870365 870732 -50 -50 1 1
870786 870885 -50 -50 1 1
871904 872565 -50 -50 2 1
873159 873404 -50 -50 1 1
875204 875626 -50 -50 2 1
875754 876308 -50 -50 2 1
876582 876848 -50 -50 2 1
877620 877970 -50 -50 2 1
879320 879637 -50 -50 2 1
880011 880313 -50 -50 2 1
880532 880837 -50 -50 1 1
881765 882037 -50 -50 2 1
882104 882537 -50 -50 2 1
883370 883698 -50 -50 2 1
884637 884848 -50 -50 2 1
885948 886254 -50 -50 2 1
887082 887187 -50 -50 2 1
887648 887920 -50 -50 2 1
890365 890498 -50 -50 1 1
892543 892937 -50 -50 2 1
893565 894026 -50 -50 2 1
895137 895415 -50 -50 2 1
896120 896540 -50 -50 3 1
897856 898756 -50 -50 3 1
899227 899537 -50 -50 3 1
900926 901093 -50 -50 2 1
902229 902313 -50 -50 1 1
902846 903621 -50 -50 2 1
904015 904498 -50 -50 2 1
905393 905559 -50 -50 2 1
906437 906798 -50 -50 1 1
908632 908893 -50 -50 2 1
913132 913359 -50 -50 2 1
916035 916193 -50 -50 2 1
919003 919233 -50 -50 1 1
924420 924670 -50 -50 1 1
930743 931059 -50 -50 2 1
931509 931743 -50 -50 2 1
932665 933132 -50 -50 2 1
934448 934670 -50 -50 2 1
936284 936514 -50 -50 2 1
937620 937861 -50 -50 1 1
940454 940615 -50 -50 1 1
941970 942193 -50 -50 1 1
945948 946032 -50 -50 2 1
947270 947426 -50 -50 2 1
950072 950203 -50 -50 1 1
951293 951504 -50 -50 1 1
951626 951778 -50 -50 1 1
952337 952548 -50 -50 1 1
952976 953232 -50 -50 1 1
954818 954943 -50 -50 2 1
955432 955598 -50 -50 2 1
956459 956854 -50 -50 1 1
958819 958939 -50 -50 1 1
959932 960076 -50 -50 1 1
961493 961776 -50 -50 2 1
964887 965112 -50 -50 1 1
969748 969943 -50 -50 2 1
971443 971565 -50 -50 1 1
973882 973982 -50 -50 2 1
974582 974687 -50 -50 1 1
976398 976526 -50 -50 1 1
977565 977743 -50 -50 2 1
978629 978854 -50 -50 1 1
980537 980898 -50 -50 2 1
983204 983470 -50 -50 2 1
985250 985440 -50 -50 3 1
988314 988528 -50 -50 1 1
989415 989565 -50 -50 2 1
989759 989954 -50 -50 2 1
995815 995904 -50 -50 1 1
998303 998402 -50 -50 1 1
1003765 1003898 -50 -50 1 1
1011954 1012148 -50 -50 1 1
1014043 1014148 -50 -50 1 1
1014959 1015082 -50 -50 1 1
1016176 1016365 -50 -50 1 1
1019376 1019754 -50 -50 1 1
1025009 1025204 -50 -50 1 1
1032004 1032226 -50 -50 1 1
1035354 1035532 -50 -50 2 1
1038555 1038689 -50 -50 2 1
1048034 1048128 -50 -50 1 1
1061770 1061882 -50 -50 1 1
1062920 1063115 -50 -50 1 1
1066059 1066359 -50 -50 1 1
1067917 1068017 -50 -50 1 1
1078848 1079054 -50 -50 2 1
1080026 1080454 -50 -50 2 1
1085834 1086028 -50 -50 1 1
1086487 1086782 -50 -50 1 1
1125737 1125893 -50 -50 2 1
1127337 1127559 -50 -50 2 1
1138954 1139148 -50 -50 2 1
1140615 1140798 -50 -50 2 1
1141782 1142048 -50 -50 2 1
1142187 1142404 -50 -50 1 1
1142987 1143643 -50 -50 2 1
1157415 1157565 -50 -50 1 1
1158259 1158876 -50 -50 2 1
1161193 1161315 -50 -50 1 1
1163234 1163477 -50 -50 1 1
1431909 1432098 -50 -50 2 1
1432493 1432820 -50 -50 2 1
1442415 1442804 -50 -50 2 1
1443793 1444220 -50 -50 2 1
1445054 1445232 -50 -50 2 1
1445976 1446126 -50 -50 2 1
1463221 1463327 -50 -50 2 1
1468743 1468926 -50 -50 1 1
1470414 1470488 -50 -50 1 1
1470793 1470965 -50 -50 1 1
1471932 1472032 -50 -50 2 1
1472873 1472941 -50 -50 1 1
1474620 1474798 -50 -50 1 1
1475426 1475808 -50 -50 1 1
1778729 1778912 -50 -50 1 1
1779660 1779765 -50 -50 1 1
1801643 1801843 -50 -50 1 1
1807720 1808020 -50 -50 1 1
1808693 1808887 -50 -50 1 1
1810593 1810798 -50 -50 2 1
1812438 1812584 -50 -50 1 1
1815976 1816343 -50 -50 2 1
1816676 1816959 -50 -50 2 1
1817240 1817407 -50 -50 1 1
1817804 1818154 -50 -50 2 1
1818970 1819098 -50 -50 1 1
1820057 1820203 -50 -50 1 1
1820320 1820454 -50 -50 2 1
1820959 1821115 -50 -50 2 1
1821354 1821593 -50 -50 2 1
1821682 1822026 -50 -50 2 1
1822615 1822754 -50 -50 1 1
1824726 1825009 -50 -50 2 1
1825926 1826148 -50 -50 1 1
1826520 1826837 -50 -50 2 1
1828115 1828432 -50 -50 1 1
1829159 1829354 -50 -50 1 1
1830609 1830848 -50 -50 1 1
1833893 1834120 -50 -50 2 1
1834670 1834889 -50 -50 2 1
1836654 1836870 -50 -50 2 1
1837332 1837737 -50 -50 2 1
1838632 1838943 -50 -50 1 1
1839870 1840437 -50 -50 1 1
1840937 1841293 -50 -50 2 1
1841915 1842159 -50 -50 1 1
1843718 1843979 -50 -50 1 1
1844304 1844587 -50 -50 1 1
1846315 1846543 -50 -50 2 1
1847098 1847437 -50 -50 2 1
1848243 1848659 -50 -50 1 1
1848815 1849282 -50 -50 2 1
1849637 1850165 -50 -50 2 1
1851076 1851465 -50 -50 1 1
1853106 1853310 -50 -50 1 1
1853432 1853743 -50 -50 2 1
1854133 1854236 -50 -50 1 1
1855126 1855520 -50 -50 1 1
1856443 1856598 -50 -50 2 1
1859354 1859793 -50 -50 1 1
1860832 1861170 -50 -50 1 1
1862565 1862726 -50 -50 1 1
1862993 1863215 -50 -50 1 1
1871082 1871265 -50 -50 1 1
1872904 1873020 -50 -50 1 1
1876293 1876548 -50 -50 1 1
1876987 1877159 -50 -50 1 1
1877971 1878335 -50 -50 2 1
1879243 1879526 -50 -50 1 1
1879859 1879965 -50 -50 1 1
1880059 1880298 -50 -50 1 1
1880402 1880554 -50 -50 1 1
1881347 1881576 -50 -50 2 1
1882293 1882498 -50 -50 2 1
1883143 1883253 -50 -50 1 1
1884076 1884482 -50 -50 2 1
1886365 1886765 -50 -50 2 1
1887110 1887213 -50 -50 1 1
1887504 1887676 -50 -50 1 1
1888220 1888693 -50 -50 1 1
1889682 1889837 -50 -50 1 1
1890426 1890820 -50 -50 1 1
1892682 1892954 -50 -50 1 1
1893554 1893809 -50 -50 1 1
1894698 1894948 -50 -50 1 1
1896143 1896670 -50 -50 1 1
1897054 1897237 -50 -50 2 1
1897354 1897482 -50 -50 2 1
1897948 1898248 -50 -50 1 1
1901959 1902393 -50 -50 1 1
1903082 1903326 -50 -50 1 1
1904065 1904320 -50 -50 1 1
1905154 1905815 -50 -50 1 1
1906465 1906720 -50 -50 1 1
1907298 1907554 -50 -50 1 1
1909004 1909593 -50 -50 1 1
1909804 1910098 -50 -50 1 1
1910698 1910926 -50 -50 1 1
1912570 1912970 -50 -50 1 1
1913898 1914237 -50 -50 1 1
1914770 1915059 -50 -50 1 1
1916332 1916670 -50 -50 1 1
1917120 1917670 -50 -50 2 1
1917998 1918365 -50 -50 2 1
1918854 1919032 -50 -50 1 1
1919315 1919737 -50 -50 1 1
1919904 1920048 -50 -50 1 1
1922809 1923237 -50 -50 1 1
1923991 1924337 -50 -50 1 1
1925176 1925532 -50 -50 1 1
1926704 1927365 -50 -50 2 1
1927787 1928232 -50 -50 2 1
1929426 1929670 -50 -50 1 1
1930532 1930770 -50 -50 1 1
1930950 1931018 -50 -50 1 1
1931976 1932109 -50 -50 1 1
1932243 1932565 -50 -50 1 1
1933115 1933465 -50 -50 1 1
1933865 1934093 -50 -50 1 1
1934956 1935168 -50 -50 2 1
1936332 1936498 -50 -50 1 1
1937170 1937337 -50 -50 2 1
1939048 1939170 -50 -50 1 1
1940854 1940987 -50 -50 1 1
1943759 1943932 -50 -50 2 1
1945665 1946026 -50 -50 2 1
1947637 1947970 -50 -50 1 1
1948504 1948704 -50 -50 1 1
1949265 1949376 -50 -50 2 1
1949693 1949970 -50 -50 1 1
1953776 1954098 -50 -50 1 1
1955866 1956084 -50 -50 1 1
1956820 1957026 -50 -50 1 1
1958098 1958443 -50 -50 1 1
1960137 1960398 -50 -50 1 1
1961720 1961970 -50 -50 1 1
1964167 1964454 -50 -50 2 1
1965482 1965704 -50 -50 1 1
1967359 1967498 -50 -50 2 1
1971566 1971846 -50 -50 1 1
1972586 1972806 -50 -50 1 1
1973543 1974159 -50 -50 1 1
1975098 1975298 -50 -50 2 1
1976470 1976664 -50 -50 1 1
1981087 1981270 -50 -50 1 1
1984476 1984654 -50 -50 1 1
1985093 1985224 -50 -50 1 1
1986043 1986232 -50 -50 1 1
1987082 1987248 -50 -50 2 1
1987976 1988169 -50 -50 1 1
1989958 1990152 -50 -50 1 1
1998554 1998698 -50 -50 2 1
2000523 2000722 -50 -50 2 1
2006470 2006654 -50 -50 1 1
2007815 2007915 -50 -50 2 1
2011187 2011404 -50 -50 2 1
2018532 2018698 -50 -50 2 1
2020548 2020915 -50 -50 2 1
2024982 2025120 -50 -50 1 1
2026168 2026256 -50 -50 1 1
2026931 2027297 -50 -50 1 1
2028637 2028870 -50 -50 2 1
2029693 2029982 -50 -50 2 1
2030096 2030352 -50 -50 1 1
2030543 2030732 -50 -50 2 1
2032270 2032459 -50 -50 2 1
2035104 2035304 -50 -50 1 1
2038421 2038599 -50 -50 1 1
2038866 2039002 -50 -50 1 1
2039626 2039887 -50 -50 2 1
2041365 2041659 -50 -50 1 1
2043176 2043448 -50 -50 1 1
2043987 2044282 -50 -50 1 1
2044437 2044589 -50 -50 1 1
2045343 2045726 -50 -50 1 1
2046150 2046330 -50 -50 1 1
2047476 2047598 -50 -50 1 1
2048643 2048943 -50 -50 2 1
2050159 2050309 -50 -50 1 1
2051832 2051998 -50 -50 1 1
2052954 2053354 -50 -50 1 1
2080814 2081018 -50 -50 1 1
2522478 2522729 -50 -50 1 1
2525948 2526082 -50 -50 1 1
2527320 2527515 -50 -50 2 1
2529820 2530282 -50 -50 2 1
2531347 2531520 -50 -50 1 1
2537204 2537365 -50 -50 2 1
2538832 2538932 -50 -50 2 1
2540087 2540254 -50 -50 2 1
2541387 2541698 -50 -50 1 1
2542315 2542459 -50 -50 1 1
2542859 2543015 -50 -50 2 1
2551437 2551548 -50 -50 2 1
2552582 2553093 -50 -50 1 1
2554309 2554509 -50 -50 2 1
2554898 2555304 -50 -50 2 1
2555593 2555848 -50 -50 1 1
2556504 2556748 -50 -50 2 1
2557430 2557559 -50 -50 2 1
2557865 2558059 -50 -50 2 1
2559465 2559820 -50 -50 1 1
2560676 2560904 -50 -50 1 1
2561204 2561320 -50 -50 1 1
2562043 2562446 -50 -50 1 1
2562648 2562909 -50 -50 2 1
2564582 2564798 -50 -50 1 1
2565376 2565682 -50 -50 1 1
2566437 2566559 -50 -50 1 1
2566915 2567126 -50 -50 2 1
2567809 2567954 -50 -50 2 1
2568083 2568217 -50 -50 2 1
2568832 2569004 -50 -50 1 1
2573532 2573826 -50 -50 1 1
2574715 2574970 -50 -50 1 1
2575048 2575226 -50 -50 1 1
2576170 2576648 -50 -50 1 1
2577115 2577437 -50 -50 1 1
2578013 2578264 -50 -50 1 1
2579326 2579420 -50 -50 1 1
2579559 2579765 -50 -50 1 1
2580465 2580576 -50 -50 2 1
2581720 2581882 -50 -50 2 1
2584315 2584543 -50 -50 1 1
2584782 2584954 -50 -50 1 1
2586088 2586238 -50 -50 2 1
2587370 2587632 -50 -50 2 1
2588815 2588993 -50 -50 1 1
2589470 2589754 -50 -50 1 1
2590304 2590443 -50 -50 1 1
2591770 2592137 -50 -50 1 1
2592598 2592909 -50 -50 1 1
2593009 2593276 -50 -50 1 1
2593932 2594098 -50 -50 1 1
2594648 2594748 -50 -50 1 1
2596420 2596582 -50 -50 2 1
2597370 2597743 -50 -50 2 1
2598454 2598687 -50 -50 1 1
2599882 2600185 -50 -50 1 1
2601120 2601532 -50 -50 2 1
2604337 2604732 -50 -50 1 1
2606632 2606920 -50 -50 1 1
2608041 2608351 -50 -50 1 1
2609470 2609587 -50 -50 1 1
2611032 2611143 -50 -50 2 1
2611804 2611959 -50 -50 2 1
2612065 2612204 -50 -50 2 1
2612422 2613055 -50 -50 1 1
2613609 2614032 -50 -50 2 1
2614715 2615093 -50 -50 2 1
2615748 2615932 -50 -50 1 1
2619676 2619854 -50 -50 1 1
2619971 2620217 -50 -50 1 1
2621242 2621363 -50 -50 1 1
2622670 2622854 -50 -50 1 1
2623187 2623437 -50 -50 2 1
2624487 2624826 -50 -50 2 1
2625920 2626015 -50 -50 2 1
2626843 2627009 -50 -50 1 1
2629498 2629798 -50 -50 1 1
2631009 2631376 -50 -50 1 1
2634315 2634437 -50 -50 1 1
2634737 2635054 -50 -50 1 1
2636087 2636354 -50 -50 1 1
2640176 2640291 -50 -50 1 1
2640542 2640652 -50 -50 1 1
2641097 2641296 -50 -50 1 1
2641765 2642276 -50 -50 1 1
2642473 2642572 -50 -50 1 1
2643604 2643815 -50 -50 1 1
2645304 2645459 -50 -50 2 1
2645637 2645859 -50 -50 2 1
2646576 2646982 -50 -50 2 1
2647986 2648114 -50 -50 2 1
2649782 2649932 -50 -50 2 1
2651315 2651493 -50 -50 2 1
2652509 2652676 -50 -50 2 1
2653376 2653665 -50 -50 2 1
2654959 2655159 -50 -50 2 1
2655195 2655370 -50 -50 2 1
2656193 2656393 -50 -50 2 1
2657453 2657801 -50 -50 2 1
2659770 2659876 -50 -50 1 1
2661854 2661959 -50 -50 1 1
2662050 2662241 -50 -50 2 1
2662576 2662754 -50 -50 2 1
2663554 2663882 -50 -50 2 1
2664655 2664922 -50 -50 1 1
2665393 2665504 -50 -50 2 1
2665948 2666076 -50 -50 2 1
2666126 2666226 -50 -50 2 1
2666577 2666677 -50 -50 2 1
2669132 2669476 -50 -50 2 1
2670704 2671009 -50 -50 1 1
2671302 2671461 -50 -50 1 1
2672270 2672493 -50 -50 1 1
2673865 2674226 -50 -50 1 1
2674714 2675059 -50 -50 1 1
2675426 2675520 -50 -50 1 1
2676409 2676582 -50 -50 2 1
2677365 2677715 -50 -50 2 1
2679204 2679515 -50 -50 1 1
2680359 2680598 -50 -50 2 1
2682476 2682570 -50 -50 2 1
2684393 2684587 -50 -50 2 1
2685765 2685965 -50 -50 2 1
2686915 2687395 -50 -50 2 1
2690398 2690670 -50 -50 2 1
2691232 2691432 -50 -50 2 1
2692332 2692487 -50 -50 1 1
2693104 2693554 -50 -50 1 1
2694065 2694326 -50 -50 2 1
2697337 2697682 -50 -50 2 1
2699126 2699632 -50 -50 2 1
2700720 2701154 -50 -50 1 1
2703426 2703720 -50 -50 2 1
2705143 2705476 -50 -50 2 1
2706193 2706454 -50 -50 2 1
2708232 2708693 -50 -50 2 1
2709647 2709762 -50 -50 1 1
2710459 2710576 -50 -50 1 1
2711588 2712179 -50 -50 1 1
2713482 2713670 -50 -50 1 1
2714120 2714298 -50 -50 2 1
2714632 2714815 -50 -50 2 1
2718587 2718859 -50 -50 1 1
2720048 2720193 -50 -50 1 1
2723576 2723837 -50 -50 2 1
2724697 2724911 -50 -50 1 1
2725032 2725187 -50 -50 2 1
2726098 2726365 -50 -50 1 1
2730442 2730633 -50 -50 2 1
2730710 2730816 -50 -50 2 1
2731670 2731837 -50 -50 2 1
2735054 2735287 -50 -50 2 1
2735898 2736159 -50 -50 2 1
2737754 2737987 -50 -50 2 1
2739720 2739909 -50 -50 1 1
2740865 2741076 -50 -50 1 1
2744048 2744404 -50 -50 1 1
2745170 2745326 -50 -50 1 1
2750504 2750648 -50 -50 1 1
2752698 2752882 -50 -50 1 1
2754970 2755159 -50 -50 1 1
2770003 2770249 -50 -50 1 1
2774392 2774491 -50 -50 1 1
2775615 2775759 -50 -50 2 1
2777426 2777682 -50 -50 2 1
2783643 2783920 -50 -50 2 1
2785354 2785554 -50 -50 2 1
2797304 2797403 -50 -50 1 1
2817000 2817350 -50 -50 3 1
2820965 2821220 -50 -50 2 1
2824034 2824254 -50 -50 1 1
2828768 2828899 -50 -50 1 1
2835887 2835982 -50 -50 1 1
2840926 2841087 -50 -50 2 1
2855293 2855393 -50 -50 1 1
2856098 2856193 -50 -50 1 1
2872502 2872748 -50 -50 1 1
2893761 2894023 -50 -50 1 1
2898202 2898349 -50 -50 1 1
2898798 2898893 -50 -50 1 1
2902659 2902806 -50 -50 1 1
2904464 2904610 -50 -50 1 1
2905573 2905787 -50 -50 1 1
2924760 2924876 -50 -50 1 1
2951759 2951970 -50 -50 1 1
2953993 2954176 -50 -50 1 1
2972826 2973109 -50 -50 1 1
2974198 2974520 -50 -50 2 1
2975320 2975693 -50 -50 2 1
2976308 2976511 -50 -50 1 1
2977032 2977454 -50 -50 1 1
2978332 2978715 -50 -50 1 1
2979247 2979556 -50 -50 1 1
2981482 2981759 -50 -50 2 1
2984120 2984326 -50 -50 2 1
2985476 2985793 -50 -50 1 1
2986554 2986765 -50 -50 2 1
2987109 2987215 -50 -50 2 1
2988665 2989026 -50 -50 2 1
2989732 2990331 -50 -50 2 1
2991451 2991864 -50 -50 2 1
2992515 2992876 -50 -50 2 1
2993907 2994036 -50 -50 2 1
2994598 2994720 -50 -50 2 1
2996270 2996565 -50 -50 2 1
2998482 2998893 -50 -50 1 1
2999965 3000115 -50 -50 1 1
3001320 3001576 -50 -50 1 1
3005331 3005535 -50 -50 1 1
3006170 3006298 -50 -50 1 1
3007182 3007509 -50 -50 1 1
3008476 3008765 -50 -50 1 1
3010093 3010282 -50 -50 2 1
3011520 3011798 -50 -50 2 1
3016311 3016594 -50 -50 1 1
3017037 3017187 -50 -50 1 1
3019230 3019392 -50 -50 1 1
3020493 3020698 -50 -50 1 1
3027948 3028120 -50 -50 1 1
3028787 3028954 -50 -50 1 1
3029743 3029976 -50 -50 2 1
3032048 3032548 -50 -50 2 1
3033487 3033943 -50 -50 2 1
3035828 3035944 -50 -50 1 1
3036226 3036709 -50 -50 2 1
3037326 3037782 -50 -50 2 1
3038065 3038665 -50 -50 2 1
3039293 3039626 -50 -50 2 1
3040787 3040987 -50 -50 2 1
3041216 3041682 -50 -50 2 1
3043126 3043345 -50 -50 1 1
3043515 3043670 -50 -50 2 1
3043837 3043963 -50 -50 1 1
3044350 3044517 -50 -50 1 1
3045316 3045454 -50 -50 2 1
3046126 3046382 -50 -50 2 1
3046452 3046658 -50 -50 2 1
3047143 3047270 -50 -50 2 1
3047967 3048159 -50 -50 2 1
3048326 3048515 -50 -50 2 1
3049276 3049787 -50 -50 2 1
3050793 3051087 -50 -50 2 1
3052176 3052409 -50 -50 2 1
3052582 3052859 -50 -50 2 1
3054809 3055054 -50 -50 2 1
3056654 3056893 -50 -50 2 1
3058548 3058759 -50 -50 2 1
3059382 3059593 -50 -50 2 1
3060882 3061098 -50 -50 2 1
3062215 3062398 -50 -50 2 1
3062554 3062748 -50 -50 2 1
3065204 3065375 -50 -50 2 1
3067132 3067293 -50 -50 2 1
3068059 3068199 -50 -50 2 1
3069060 3069361 -50 -50 2 1
3069923 3070043 -50 -50 2 1
3072059 3072348 -50 -50 2 1
3073943 3074304 -50 -50 2 1
3075399 3075869 -50 -50 1 1
3076170 3076509 -50 -50 2 1
3077057 3077172 -50 -50 1 1
3077437 3077720 -50 -50 2 1
3079737 3080087 -50 -50 1 1
3084043 3084220 -50 -50 2 1
3084387 3084494 -50 -50 2 1
3084765 3085020 -50 -50 2 1
3087584 3087694 -50 -50 1 1
3089007 3089310 -50 -50 2 1
3089886 3090058 -50 -50 1 1
3092423 3092507 -50 -50 1 1
3093137 3093448 -50 -50 2 1
3094926 3095126 -50 -50 1 1
3098698 3098832 -50 -50 2 1
3099432 3099637 -50 -50 2 1
3102009 3102237 -50 -50 2 1
3103176 3103432 -50 -50 1 1
3105783 3105888 -50 -50 1 1
3109582 3109704 -50 -50 1 1
3111209 3111432 -50 -50 2 1
3112965 3113182 -50 -50 2 1
3115395 3115510 -50 -50 1 1
3116058 3116329 -50 -50 1 1
3119295 3119471 -50 -50 2 1
3123372 3123718 -50 -50 1 1
3126515 3126704 -50 -50 1 1
3127887 3128004 -50 -50 1 1
3131224 3131355 -50 -50 1 1
3131543 3131637 -50 -50 1 1
3132370 3132637 -50 -50 1 1
3133682 3133809 -50 -50 2 1
3134587 3134693 -50 -50 2 1
3137214 3137344 -50 -50 1 1
3139562 3139746 -50 -50 1 1
3147948 3148187 -50 -50 1 1
3149970 3150093 -50 -50 2 1
3151478 3151582 -50 -50 2 1
3153032 3153132 -50 -50 1 1
3155190 3155305 -50 -50 1 1
3157120 3157470 -50 -50 2 1
3160404 3160687 -50 -50 1 1
3164256 3164418 -50 -50 1 1
3165587 3165910 -50 -50 1 1
3167332 3167715 -50 -50 1 1
3171087 3171404 -50 -50 1 1
3172426 3172770 -50 -50 2 1
3173432 3173726 -50 -50 2 1
3174859 3175131 -50 -50 1 1
3175943 3176096 -50 -50 2 1
3177270 3177537 -50 -50 1 1
3180414 3180681 -50 -50 1 1
3181738 3182010 -50 -50 1 1
3184237 3184493 -50 -50 1 1
3191198 3191498 -50 -50 1 1
3192833 3193094 -50 -50 1 1
3194985 3195294 -50 -50 1 1
3196987 3197232 -50 -50 2 1
3198969 3199141 -50 -50 1 1
3201490 3201621 -50 -50 1 1
3202743 3202948 -50 -50 2 1
3205115 3205332 -50 -50 2 1
3206632 3206743 -50 -50 2 1
3207579 3207652 -50 -50 1 1
3212476 3212620 -50 -50 1 1
3213604 3213854 -50 -50 1 1
3216965 3217348 -50 -50 1 1
3220487 3220576 -50 -50 1 1
3225258 3225564 -50 -50 1 1
3230604 3230843 -50 -50 1 1
3233818 3234027 -50 -50 1 1
3240984 3241429 -50 -50 3 1
3242067 3242334 -50 -50 3 1
3243240 3243340 -50 -50 3 1
3244536 3244814 -50 -50 1 1
3248998 3249193 -50 -50 2 1
3263339 3263622 -50 -50 1 1
