672000 672090 -50 -50 3 1
672500 672650 -50 -50 3 1
672710 672860 -50 -50 3 1
674110 674300 -50 -50 3 1
674830 674890 -50 -50 3 1
675280 675340 -50 -50 3 1
677060 677160 -50 -50 3 1
679600 679900 -50 -50 3 1
682700 682820 -50 -50 3 1
683100 683340 -50 -50 3 1
683580 683700 -50 -50 3 1
683820 683910 -50 -50 3 1
684080 684260 -50 -50 3 1
684580 684700 -50 -50 3 1
685080 685360 -50 -50 3 1
685860 685980 -50 -50 3 1
686030 686180 -50 -50 3 1
686500 686600 -50 -50 3 1
688110 688200 -50 -50 3 1
691600 691700 -50 -50 3 1
692060 692220 -50 -50 3 1
697680 697800 -50 -50 3 1
699140 699280 -50 -50 3 1
701840 702000 -50 -50 3 1
703820 704000 -50 -50 3 1
704050 704300 -50 -50 3 1
704500 704800 -50 -50 3 1
707600 707700 -50 -50 3 1
708180 708300 -50 -50 3 1
709380 709520 -50 -50 3 1
715400 715580 -50 -50 3 1
716000 716140 -50 -50 3 1
727580 727700 -50 -50 3 1
732560 732800 -50 -50 3 1
733000 733100 -50 -50 3 1
734080 734220 -50 -50 3 1
734720 734860 -50 -50 3 1
736900 737020 -50 -50 3 1
737840 738280 -50 -50 3 1
744540 744760 -50 -50 3 1
750560 750820 -50 -50 3 1
752350 752500 -50 -50 3 1
759480 759620 -50 -50 3 1
765100 765220 -50 -50 3 1
766700 766900 -50 -50 3 1
771720 771860 -50 -50 3 1
772000 772180 -50 -50 3 1
772940 773120 -50 -50 3 1
773400 773500 -50 -50 3 1
774440 774550 -50 -50 3 1
774720 774800 -50 -50 3 1
776180 776240 -50 -50 3 1
777980 778060 -50 -50 3 1
779080 779160 -50 -50 3 1
780880 780990 -50 -50 3 1
781800 781900 -50 -50 3 1
784900 785120 -50 -50 3 1
787000 787120 -50 -50 3 1
793020 793100 -50 -50 3 1
802660 802800 -50 -50 3 1
802880 803020 -50 -50 3 1
804280 804400 -50 -50 3 1
809600 809800 -50 -50 3 1
810740 810860 -50 -50 3 1
817060 817180 -50 -50 3 1
819690 819900 -50 -50 3 1
820679 820760 -50 -50 3 1
827177 827318 -50 -50 3 1
828000 828100 -50 -50 3 1
829640 829720 -50 -50 3 1
831079 831200 -50 -50 3 1
833360 833479 -50 -50 3 1
834760 834860 -50 -50 3 1
836140 836260 -50 -50 3 1
837540 837679 -50 -50 3 1
838079 838160 -50 -50 3 1
839700 839900 -50 -50 3 1
842000 842260 -50 -50 3 1
842920 843050 -50 -50 3 1
843320 843520 -50 -50 3 1
843679 843900 -50 -50 3 1
844879 845000 -50 -50 3 1
846225 846417 -50 -50 3 1
846879 846940 -50 -50 3 1
848720 848840 -50 -50 3 1
850260 850350 -50 -50 3 1
851600 851720 -50 -50 3 1
853000 853290 -50 -50 3 1
855540 855660 -50 -50 3 1
856520 856640 -50 -50 3 1
857490 857620 -50 -50 3 1
857800 857900 -50 -50 3 1
858150 858300 -50 -50 3 1
859060 859279 -50 -50 3 1
860500 860579 -50 -50 3 1
860840 860900 -50 -50 3 1
861179 861360 -50 -50 3 1
863160 863300 -50 -50 3 1
863420 863620 -50 -50 3 1
865800 866040 -50 -50 3 1
870120 870200 -50 -50 3 1
870320 870520 -50 -50 3 1
870760 870840 -50 -50 3 1
873920 874079 -50 -50 3 1
875840 875960 -50 -50 3 1
877379 877500 -50 -50 3 1
881600 881820 -50 -50 3 1
883540 883720 -50 -50 3 1
884000 884079 -50 -50 3 1
884220 884350 -50 -50 3 1
885120 885240 -50 -50 3 1
885440 885600 -50 -50 3 1
888900 889079 -50 -50 3 1
889426 889693 -50 -50 3 1
891560 891720 -50 -50 3 1
892679 892820 -50 -50 3 1
900260 900579 -50 -50 3 1
900900 901000 -50 -50 3 1
911740 911900 -50 -50 3 1
914479 914579 -50 -50 3 1
915000 915540 -50 -50 3 1
918079 918240 -50 -50 3 1
921000 921200 -50 -50 3 1
922600 922720 -50 -50 3 1
924200 924340 -50 -50 3 1
925460 925560 -50 -50 3 1
926820 926960 -50 -50 3 1
927040 927160 -50 -50 3 1
927320 927620 -50 -50 3 1
927850 927940 -50 -50 3 1
1428120 1428220 -50 -50 3 1
1428400 1428600 -50 -50 3 1
1428940 1429140 -50 -50 3 1
1429353 1429505 -50 -50 1 1
1429790 1429900 -50 -50 3 1
1430800 1430920 -50 -50 3 1
1431080 1431400 -50 -50 3 1
1431600 1431740 -50 -50 3 1
1431854 1432042 -50 -50 1 1
1432660 1432920 -50 -50 3 1
1433360 1433640 -50 -50 3 1
1434660 1434900 -50 -50 3 1
1435650 1435820 -50 -50 3 1
1435887 1436054 -50 -50 1 1
1436520 1436620 -50 -50 3 1
1437216 1437440 -50 -50 1 1
1437900 1438040 -50 -50 3 1
1438700 1438820 -50 -50 3 1
1439423 1439564 -50 -50 1 1
1440250 1440340 -50 -50 3 1
1446080 1446450 -50 -50 3 1
1447120 1447300 -50 -50 3 1
1447400 1447700 -50 -50 3 1
1448060 1448400 -50 -50 3 1
1454600 1454800 -50 -50 3 1
1456940 1457320 -50 -50 3 1
1457580 1457720 -50 -50 3 1
1462534 1462638 -50 -50 1 1
1466820 1467180 -50 -50 3 1
1470820 1471200 -50 -50 3 1
1474251 1474377 -50 -50 1 1
1475334 1475491 -50 -50 1 1
1476920 1477226 -50 -50 1 1
1477980 1478300 -50 -50 3 1
1479194 1479352 -50 -50 1 1
1480570 1480987 -50 -50 1 1
1481666 1482236 -50 -50 1 1
1489009 1489148 -50 -50 1 1
1490304 1490626 -50 -50 1 1
1494104 1494259 -50 -50 1 1
1497470 1497882 -50 -50 1 1
1500503 1500995 -50 -50 1 1
1502543 1502826 -50 -50 1 1
1503780 1503920 -50 -50 3 1
1504709 1504948 -50 -50 1 1
1506000 1506150 -50 -50 3 1
1510240 1510466 -50 -50 1 1
1512432 1512820 -50 -50 1 1
1513548 1513682 -50 -50 1 1
1518232 1518365 -50 -50 1 1
1526959 1527132 -50 -50 1 1
1539632 1539904 -50 -50 1 1
1542820 1542940 -50 -50 3 1
1544348 1544465 -50 -50 1 1
1545320 1545560 -50 -50 3 1
1548150 1548540 -50 -50 3 1
1556576 1556765 -50 -50 1 1
1559896 1560205 -50 -50 1 1
1563443 1563670 -50 -50 1 1
1565109 1565496 -50 -50 1 1
1579143 1579287 -50 -50 1 1
1586473 1586802 -50 -50 1 1
1589832 1590104 -50 -50 2 1
1590887 1591048 -50 -50 2 1
1595405 1595562 -50 -50 1 1
1597434 1597581 -50 -50 1 1
1598476 1598732 -50 -50 1 1
1601926 1602170 -50 -50 1 1
1618304 1618509 -50 -50 1 1
1623370 1623582 -50 -50 1 1
1658943 1659120 -50 -50 1 1
1660204 1660324 -50 -50 1 1
1661768 1661967 -50 -50 1 1
1685533 1685752 -50 -50 1 1
1688007 1688106 -50 -50 1 1
1696602 1696712 -50 -50 1 1
1709350 1709517 -50 -50 1 1
1727990 1728174 -50 -50 1 1
1753751 1753829 -50 -50 1 1
1759876 1759997 -50 -50 1 1
1842244 1842359 -50 -50 1 1
1857869 1858236 -50 -50 1 1
1879358 1879515 -50 -50 1 1
1914056 1914370 -50 -50 1 1
1917362 1917535 -50 -50 1 1
2048274 2048457 -50 -50 1 1
2063243 2063426 -50 -50 1 1
2090800 2090900 -50 -50 3 1
2099259 2099454 -50 -50 1 1
2106120 2106280 -50 -50 3 1
2150164 2150405 -50 -50 1 1
2177500 2177755 -50 -50 2 1
2185809 2185976 -50 -50 1 1
2194889 2195099 -50 -50 1 1
2197400 2197500 -50 -50 3 1
2208900 2209000 -50 -50 3 1
2212487 2212726 -50 -50 3 1
2215650 2215760 -50 -50 3 1
2219626 2219959 -50 -50 2 1
2221366 2221774 -50 -50 3 1
2222960 2223340 -50 -50 3 1
2234965 2235176 -50 -50 1 1
2236265 2236359 -50 -50 3 1
2238080 2238200 -50 -50 3 1
2246365 2246598 -50 -50 1 1
2253040 2253360 -50 -50 3 1
2255060 2255340 -50 -50 3 1
2268000 2268080 -50 -50 3 1
2284287 2284432 -50 -50 3 1
2286080 2286240 -50 -50 3 1
2286915 2287109 -50 -50 3 1
2288640 2288860 -50 -50 3 1
2290380 2290720 -50 -50 3 1
2300309 2300532 -50 -50 3 1
2303280 2303420 -50 -50 3 1
2303754 2303965 -50 -50 3 1
2310470 2310698 -50 -50 2 1
2312004 2312326 -50 -50 3 1
2315440 2315740 -50 -50 3 1
2318540 2318760 -50 -50 3 1
2319814 2320207 -50 -50 3 1
2325060 2325360 -50 -50 3 1
2327840 2328000 -50 -50 3 1
2328776 2328987 -50 -50 3 1
2330680 2330900 -50 -50 3 1
2331841 2332202 -50 -50 1 1
2334519 2334864 -50 -50 1 1
2341377 2341811 -50 -50 3 1
2342540 2342760 -50 -50 3 1
2344250 2344540 -50 -50 3 1
2346550 2346723 -50 -50 3 1
2349100 2350000 -50 -50 3 1
2350540 2351000 -50 -50 3 1
2354753 2354887 -50 -50 2 1
2359020 2359182 -50 -50 2 1
2361860 2362220 -50 -50 3 1
2363080 2363540 -50 -50 3 1
2363917 2364189 -50 -50 3 1
2365860 2366260 -50 -50 3 1
2369443 2369582 -50 -50 3 1
2371540 2371920 -50 -50 3 1
2374282 2374437 -50 -50 1 1
2375603 2375860 -50 -50 1 1
2379864 2379981 -50 -50 1 1
2380860 2381280 -50 -50 3 1
2384995 2385173 -50 -50 1 1
2396987 2397093 -50 -50 1 1
2414420 2414740 -50 -50 3 1
2416489 2416834 -50 -50 1 1
2419115 2419251 -50 -50 1 1
2421340 2421440 -50 -50 3 1
2431780 2432000 -50 -50 3 1
2469380 2469862 -50 -50 1 1
2482887 2483033 -50 -50 1 1
2483541 2483677 -50 -50 1 1
2539520 2539960 -50 -50 3 1
2540760 2540960 -50 -50 3 1
2544160 2544340 -50 -50 3 1
2547854 2547959 -50 -50 1 1
2552300 2552440 -50 -50 3 1
2559160 2559323 -50 -50 1 1
2568680 2568840 -50 -50 3 1
2575680 2575960 -50 -50 3 1
2577876 2578004 -50 -50 1 1
2591760 2591920 -50 -50 3 1
2601300 2601400 -50 -50 3 1
2604400 2604620 -50 -50 3 1
2618332 2618515 -50 -50 2 1
2620909 2621054 -50 -50 3 1
2621500 2621640 -50 -50 3 1
2624154 2624298 -50 -50 2 1
2629087 2629259 -50 -50 2 1
2639640 2640000 -50 -50 3 1
2642800 2643220 -50 -50 3 1
2646240 2646700 -50 -50 3 1
2648350 2648880 -50 -50 3 1
2655404 2655520 -50 -50 1 1
2677680 2677940 -50 -50 3 1
2679280 2679740 -50 -50 3 1
2682080 2682340 -50 -50 3 1
2691180 2691360 -50 -50 3 1
2698240 2698380 -50 -50 3 1
2713460 2713760 -50 -50 3 1
2755620 2755887 -50 -50 1 1
2948220 2948393 -50 -50 1 1
2950787 2950926 -50 -50 1 1
2956191 2956343 -50 -50 1 1
3011340 3011480 -50 -50 3 1
3013209 3013376 -50 -50 1 1
3019460 3019600 -50 -50 3 1
3019683 3019797 -50 -50 3 1
3021140 3021300 -50 -50 3 1
3023230 3023441 -50 -50 3 1
3028160 3028353 -50 -50 1 1
3029057 3029191 -50 -50 1 1
3066880 3067080 -50 -50 3 1
3069720 3069900 -50 -50 3 1
3073687 3074026 -50 -50 1 1
3074860 3075053 -50 -50 1 1
3076241 3076455 -50 -50 1 1
3078387 3078604 -50 -50 1 1
3079593 3079770 -50 -50 1 1
3080551 3080656 -50 -50 3 1
3081300 3081500 -50 -50 3 1
3082247 3082397 -50 -50 3 1
3083800 3084140 -50 -50 3 1
3085789 3085984 -50 -50 3 1
3090225 3090376 -50 -50 1 1
3104637 3104854 -50 -50 3 1
3106300 3106600 -50 -50 3 1
3107093 3107276 -50 -50 3 1
3109376 3109470 -50 -50 1 1
3110615 3110804 -50 -50 2 1
3117837 3118005 -50 -50 3 1
3118950 3119160 -50 -50 3 1
3121887 3122026 -50 -50 1 1
3124860 3125080 -50 -50 3 1
3125382 3125565 -50 -50 3 1
3127640 3127860 -50 -50 3 1
3133515 3133781 -50 -50 1 1
3135004 3135204 -50 -50 1 1
3136815 3137016 -50 -50 1 1
3138211 3138359 -50 -50 1 1
3139509 3139616 -50 -50 1 1
3161648 3161776 -50 -50 1 1
3164000 3164260 -50 -50 3 1
3165080 3165400 -50 -50 3 1
3167632 3167726 -50 -50 3 1
3171660 3171940 -50 -50 3 1
3210409 3210576 -50 -50 1 1
3244290 3244500 -50 -50 3 1
3252000 3252140 -50 -50 3 1
3259700 3259920 -50 -50 3 1
3260860 3261100 -50 -50 3 1
3264500 3264800 -50 -50 3 1
3271140 3271320 -50 -50 3 1
3272069 3272211 -50 -50 1 1
3273328 3273464 -50 -50 1 1
3274493 3274637 -50 -50 1 1
3275582 3275865 -50 -50 1 1
3286900 3287119 -50 -50 3 1
3293610 3293735 -50 -50 1 1
3297359 3297482 -50 -50 1 1
3316212 3316395 -50 -50 3 1
3319640 3319900 -50 -50 3 1
3324954 3325115 -50 -50 1 1
3363440 3363660 -50 -50 3 1
3368907 3369121 -50 -50 1 1
3387540 3387728 -50 -50 1 1
3392900 3393300 -50 -50 3 1
3396015 3396187 -50 -50 3 1
3397098 3397204 -50 -50 3 1
3398560 3398700 -50 -50 3 1
3400237 3400382 -50 -50 1 1
3405454 3405593 -50 -50 2 1
3412753 3412874 -50 -50 1 1
3413580 3413768 -50 -50 1 1
3420032 3420165 -50 -50 1 1
3429576 3429798 -50 -50 3 1
3430952 3431271 -50 -50 3 1
3431840 3431960 -50 -50 3 1
3433999 3434287 -50 -50 1 1
3435720 3435965 -50 -50 1 1
3438837 3438982 -50 -50 1 1
3440009 3440287 -50 -50 3 1
3442360 3442719 -50 -50 3 1
3451893 3452076 -50 -50 3 1
3452850 3452960 -50 -50 3 1
3454540 3454760 -50 -50 3 1
3488680 3488840 -50 -50 3 1
3491160 3491519 -50 -50 3 1
3508876 3509109 -50 -50 1 1
3520337 3520543 -50 -50 1 1
3526280 3526450 -50 -50 3 1
3529832 3529965 -50 -50 2 1
3530843 3531037 -50 -50 2 1
3533960 3534200 -50 -50 3 1
3535180 3535700 -50 -50 3 1
3545057 3545449 -50 -50 3 1
3547100 3547260 -50 -50 3 1
3556660 3556900 -50 -50 3 1
3557554 3557754 -50 -50 3 1
3559460 3559560 -50 -50 3 1
3560140 3560300 -50 -50 3 1
3561160 3561340 -50 -50 3 1
3561980 3562300 -50 -50 3 1
3562782 3562970 -50 -50 3 1
3565081 3565228 -50 -50 1 1
3567098 3567237 -50 -50 1 1
3567976 3568243 -50 -50 3 1
3570080 3570200 -50 -50 3 1
3571209 3571343 -50 -50 3 1
3572628 3572808 -50 -50 2 1
3573732 3573993 -50 -50 1 1
3575570 3575787 -50 -50 2 1
3576565 3576776 -50 -50 3 1
3577900 3578260 -50 -50 3 1
3579220 3579365 -50 -50 3 1
3580248 3580343 -50 -50 1 1
3583587 3583765 -50 -50 1 1
3584680 3584900 -50 -50 3 1
3585987 3586259 -50 -50 3 1
3594482 3594709 -50 -50 1 1
3599500 3599900 -50 -50 3 1
3609970 3610198 -50 -50 2 1
3614140 3614300 -50 -50 3 1
3617980 3618119 -50 -50 3 1
3619404 3619626 -50 -50 3 1
3620560 3620719 -50 -50 3 1
3621815 3621948 -50 -50 3 1
3625654 3625876 -50 -50 3 1
3627400 3627600 -50 -50 3 1
3629140 3629319 -50 -50 3 1
3631854 3632093 -50 -50 2 1
3643400 3643540 -50 -50 3 1
3648154 3648398 -50 -50 3 1
3648750 3648940 -50 -50 3 1
3649720 3649904 -50 -50 3 1
3650598 3650848 -50 -50 3 1
3651604 3651815 -50 -50 3 1
3652409 3652603 -50 -50 1 1
3679380 3679560 -50 -50 3 1
3684660 3684760 -50 -50 3 1
3690460 3690540 -50 -50 3 1
3691519 3691700 -50 -50 3 1
3696360 3696500 -50 -50 3 1
3698222 3698363 -50 -50 3 1
3699540 3699680 -50 -50 3 1
3707637 3707737 -50 -50 1 1
3710086 3710384 -50 -50 3 1
3711300 3711519 -50 -50 3 1
3712976 3713215 -50 -50 3 1
3714840 3715000 -50 -50 3 1
3721240 3721450 -50 -50 3 1
3723740 3723860 -50 -50 3 1
3728232 3728343 -50 -50 3 1
3729566 3729838 -50 -50 3 1
3735000 3735200 -50 -50 3 1
3739540 3739740 -50 -50 3 1
4133110 4133460 -50 -50 3 1
4133940 4134000 -50 -50 3 1
4139290 4139419 -50 -50 3 1
4142740 4142840 -50 -50 3 1
4153750 4154480 -50 -50 3 1
4169232 4169381 -50 -50 1 1
4171040 4171200 -50 -50 3 1
4175037 4175143 -50 -50 2 1
4180604 4180815 -50 -50 3 1
4182070 4182359 -50 -50 3 1
4192040 4192400 -50 -50 3 1
4195260 4195640 -50 -50 3 1
4196365 4196476 -50 -50 3 1
4196587 4196720 -50 -50 3 1
4197782 4198009 -50 -50 3 1
4198340 4198513 -50 -50 3 1
4200720 4200920 -50 -50 3 1
4205726 4206032 -50 -50 3 1
4207043 4207265 -50 -50 3 1
4208040 4208120 -50 -50 3 1
4208804 4208926 -50 -50 3 1
4209433 4209699 -50 -50 3 1
4209840 4210280 -50 -50 3 1
4213706 4213832 -50 -50 1 1
4216625 4216824 -50 -50 3 1
4219660 4219760 -50 -50 3 1
4220098 4220315 -50 -50 3 1
4221265 4221480 -50 -50 3 1
4221924 4222144 -50 -50 3 1
4223600 4223800 -50 -50 3 1
4224600 4225240 -50 -50 3 1
4225726 4226054 -50 -50 3 1
4232109 4232475 -50 -50 3 1
4233250 4233500 -50 -50 3 1
4233965 4234115 -50 -50 3 1
4234670 4234832 -50 -50 3 1
4235600 4236000 -50 -50 3 1
4237678 4237937 -50 -50 1 1
4240233 4240339 -50 -50 1 1
4242543 4242704 -50 -50 1 1
4243520 4243776 -50 -50 1 1
4244635 4244854 -50 -50 3 1
4245440 4245920 -50 -50 3 1
4246837 4246952 -50 -50 3 1
4250540 4250740 -50 -50 3 1
4251450 4251780 -50 -50 3 1
4254558 4254684 -50 -50 1 1
4257776 4257982 -50 -50 3 1
4258100 4258360 -50 -50 3 1
4258415 4258587 -50 -50 3 1
4259593 4259743 -50 -50 3 1
4262569 4262998 -50 -50 3 1
4263733 4263953 -50 -50 3 1
4264437 4264609 -50 -50 2 1
4265448 4265682 -50 -50 2 1
4266454 4266698 -50 -50 2 1
4268500 4268920 -50 -50 3 1
4269745 4270037 -50 -50 3 1
4271100 4271350 -50 -50 3 1
4272080 4272520 -50 -50 3 1
4273326 4273459 -50 -50 3 1
4274865 4275093 -50 -50 3 1
4277433 4277653 -50 -50 1 1
4280610 4280930 -50 -50 3 1
4281509 4281759 -50 -50 3 1
4282600 4282960 -50 -50 3 1
4283815 4283958 -50 -50 1 1
4284737 4285148 -50 -50 3 1
4286182 4286332 -50 -50 3 1
4287040 4287540 -50 -50 3 1
4287761 4288027 -50 -50 1 1
4290754 4291143 -50 -50 1 1
4292104 4292393 -50 -50 1 1
4297678 4297887 -50 -50 1 1
4298320 4298654 -50 -50 2 1
4298720 4298787 -50 -50 2 1
4301259 4301382 -50 -50 1 1
4302350 4302706 -50 -50 1 1
4305051 4305532 -50 -50 3 1
4305960 4306000 -50 -50 3 1
4307418 4307606 -50 -50 3 1
4308465 4308587 -50 -50 1 1
4309993 4310159 -50 -50 1 1
4310576 4310726 -50 -50 1 1
4311387 4311709 -50 -50 1 1
4312448 4312704 -50 -50 1 1
4313370 4313748 -50 -50 1 1
4315837 4315948 -50 -50 1 1
4317400 4317720 -50 -50 3 1
4318288 4318403 -50 -50 3 1
4318537 4318676 -50 -50 3 1
4320000 4320300 -50 -50 3 1
4321670 4321932 -50 -50 3 1
4322650 4322902 -50 -50 3 1
4323210 4323341 -50 -50 3 1
4323566 4323770 -50 -50 3 1
4325287 4325554 -50 -50 1 1
4326932 4327000 -50 -50 1 1
4327079 4327162 -50 -50 1 1
4327798 4328270 -50 -50 1 1
4330222 4330348 -50 -50 1 1
4332854 4333187 -50 -50 1 1
4335132 4335276 -50 -50 1 1
4338840 4339040 -50 -50 3 1
4340259 4340454 -50 -50 1 1
4341404 4341687 -50 -50 1 1
4342854 4342976 -50 -50 1 1
4345093 4345237 -50 -50 1 1
4346598 4346848 -50 -50 1 1
4348600 4348820 -50 -50 3 1
4352021 4352141 -50 -50 3 1
4352780 4352940 -50 -50 3 1
4354319 4354456 -50 -50 3 1
4355530 4355656 -50 -50 3 1
4356580 4356700 -50 -50 3 1
4357393 4357615 -50 -50 3 1
4358726 4358982 -50 -50 3 1
4361151 4361287 -50 -50 1 1
4367743 4368043 -50 -50 2 1
4369187 4369315 -50 -50 1 1
4371204 4371337 -50 -50 2 1
4381404 4381515 -50 -50 1 1
4382554 4382870 -50 -50 2 1
4386048 4386326 -50 -50 1 1
4388843 4389026 -50 -50 1 1
4389876 4390115 -50 -50 1 1
4397326 4397432 -50 -50 1 1
4400154 4400343 -50 -50 2 1
4400393 4400487 -50 -50 2 1
4401459 4401682 -50 -50 1 1
4409692 4409952 -50 -50 1 1
4420132 4420370 -50 -50 1 1
4436243 4436475 -50 -50 1 1
4442420 4442554 -50 -50 1 1
4448865 4449082 -50 -50 1 1
4475643 4475804 -50 -50 1 1
4509270 4509498 -50 -50 2 1
4528854 4528976 -50 -50 1 1
4534709 4534859 -50 -50 2 1
4545472 4545608 -50 -50 1 1
4548720 4548876 -50 -50 1 1
4557515 4557659 -50 -50 1 1
4563832 4563920 -50 -50 1 1
4569076 4569204 -50 -50 2 1
4571582 4572006 -50 -50 1 1
4577643 4577770 -50 -50 1 1
4590632 4590776 -50 -50 1 1
4622226 4622382 -50 -50 1 1
4627559 4627804 -50 -50 2 1
4653393 4653687 -50 -50 1 1
4667698 4667809 -50 -50 1 1
4729855 4730091 -50 -50 1 1
4732126 4732236 -50 -50 1 1
4738120 4738600 -50 -50 3 1
4739590 4739726 -50 -50 1 1
4745660 4745800 -50 -50 3 1
4749875 4750126 -50 -50 1 1
4750722 4750839 -50 -50 1 1
4753120 4753360 -50 -50 3 1
4757960 4758250 -50 -50 3 1
4759199 4759413 -50 -50 3 1
4760187 4760420 -50 -50 3 1
4760820 4761054 -50 -50 3 1
4777393 4777565 -50 -50 1 1
4778348 4778476 -50 -50 1 1
4789026 4789276 -50 -50 3 1
4789943 4790143 -50 -50 3 1
4791100 4791220 -50 -50 3 1
4794970 4795132 -50 -50 1 1
4795450 4795560 -50 -50 3 1
4804532 4804632 -50 -50 1 1
4812460 4812940 -50 -50 3 1
4845004 4845198 -50 -50 1 1
4992640 4992900 -50 -50 3 1
4996720 4997000 -50 -50 3 1
4997280 4997600 -50 -50 3 1
5000420 5000640 -50 -50 3 1
5009720 5009887 -50 -50 1 1
5015100 5015440 -50 -50 3 1
5018943 5019182 -50 -50 3 1
5023787 5023993 -50 -50 2 1
5025648 5026015 -50 -50 3 1
5028180 5028440 -50 -50 3 1
5047350 5047500 -50 -50 3 1
5048554 5048832 -50 -50 1 1
5051854 5051954 -50 -50 1 1
5055066 5055273 -50 -50 3 1
5055898 5056132 -50 -50 3 1
5057726 5057976 -50 -50 3 1
5058332 5058546 -50 -50 3 1
5059982 5060109 -50 -50 1 1
5060480 5060740 -50 -50 3 1
5061148 5061526 -50 -50 3 1
5063965 5064148 -50 -50 3 1
5065340 5065550 -50 -50 3 1
5066540 5066940 -50 -50 3 1
5070454 5070637 -50 -50 3 1
5072204 5072387 -50 -50 3 1
5073782 5073937 -50 -50 3 1
5075020 5075180 -50 -50 3 1
5075932 5076143 -50 -50 3 1
5077004 5077309 -50 -50 3 1
5078400 5078520 -50 -50 3 1
5080187 5080482 -50 -50 1 1
5081093 5081237 -50 -50 1 1
5087400 5087900 -50 -50 3 1
5088626 5088856 -50 -50 3 1
5089820 5090100 -50 -50 3 1
5090760 5091200 -50 -50 3 1
5091982 5092087 -50 -50 3 1
5092520 5092737 -50 -50 3 1
5094480 5094840 -50 -50 3 1
5096560 5096980 -50 -50 3 1
5097780 5097940 -50 -50 3 1
5098780 5098920 -50 -50 3 1
5101343 5101637 -50 -50 1 1
5105082 5105554 -50 -50 3 1
5109479 5109776 -50 -50 3 1
5110876 5111093 -50 -50 3 1
5112720 5112970 -50 -50 2 1
5113957 5114057 -50 -50 1 1
5115485 5115642 -50 -50 1 1
5118009 5118132 -50 -50 1 1
5119729 5119917 -50 -50 1 1
5120960 5121060 -50 -50 3 1
5125480 5125950 -50 -50 3 1
5127032 5127237 -50 -50 3 1
5128173 5128334 -50 -50 3 1
5129280 5129920 -50 -50 3 1
5130580 5130960 -50 -50 3 1
5132793 5132998 -50 -50 1 1
5133759 5134248 -50 -50 1 1
5135904 5136154 -50 -50 3 1
5136909 5136998 -50 -50 3 1
5137693 5137870 -50 -50 3 1
5139280 5139460 -50 -50 3 1
5140880 5141179 -50 -50 1 1
5143104 5143282 -50 -50 1 1
5146680 5147140 -50 -50 3 1
5148540 5148750 -50 -50 3 1
5150365 5150593 -50 -50 3 1
5153082 5153209 -50 -50 1 1
5154882 5155093 -50 -50 1 1
5155743 5155854 -50 -50 1 1
5156160 5156320 -50 -50 3 1
5158320 5158515 -50 -50 3 1
5159510 5159800 -50 -50 3 1
5161020 5161209 -50 -50 2 1
5162709 5162876 -50 -50 2 1
5163687 5163915 -50 -50 2 1
5164937 5165082 -50 -50 3 1
5165980 5166400 -50 -50 3 1
5168288 5168482 -50 -50 1 1
5169337 5169587 -50 -50 1 1
5170596 5170821 -50 -50 1 1
5171993 5172276 -50 -50 1 1
5173193 5173593 -50 -50 1 1
5174824 5175136 -50 -50 2 1
5175759 5175959 -50 -50 1 1
5179420 5179550 -50 -50 3 1
