719161 719376 -50 -50 1 1
724722 724936 -50 -50 1 1
730354 730624 -50 -50 3 1
731221 731400 -50 -50 2 1
731565 731686 -50 -50 3 1
732780 733014 -50 -50 1 1
760025 760170 -50 -50 2 1
766607 766930 -50 -50 3 1
772400 772649 -50 -50 2 1
804404 804566 -50 -50 3 1
805759 805931 -50 -50 3 1
807440 807566 -50 -50 3 1
811303 811479 -50 -50 2 1
812058 812257 -50 -50 2 1
814546 814664 -50 -50 2 1
815308 815678 -50 -50 2 1
815739 816245 -50 -50 2 1
818130 818427 -50 -50 3 1
819238 819609 -50 -50 3 1
820942 821066 -50 -50 2 1
821445 821560 -50 -50 3 1
821869 821992 -50 -50 2 1
822546 822700 -50 -50 3 1
823493 823738 -50 -50 3 1
824299 824488 -50 -50 2 1
825368 825500 -50 -50 3 1
825616 825794 -50 -50 2 1
826542 826653 -50 -50 2 1
827342 827653 -50 -50 2 1
830708 830942 -50 -50 2 1
832261 832500 -50 -50 2 1
833718 834038 -50 -50 3 1
834795 834933 -50 -50 1 1
834998 835116 -50 -50 1 1
835396 835588 -50 -50 3 1
837382 837702 -50 -50 3 1
838143 838627 -50 -50 2 1
838777 838989 -50 -50 1 1
840582 840687 -50 -50 2 1
842051 842528 -50 -50 2 1
842873 843568 -50 -50 2 1
844112 844573 -50 -50 3 1
845666 846090 -50 -50 3 1
846200 846425 -50 -50 3 1
846632 846798 -50 -50 1 1
847878 848008 -50 -50 2 1
848926 849037 -50 -50 1 1
850780 851132 -50 -50 3 1
851559 851845 -50 -50 1 1
852979 853308 -50 -50 3 1
854275 854384 -50 -50 1 1
855664 855808 -50 -50 1 1
856149 856285 -50 -50 1 1
861013 861143 -50 -50 1 1
861933 862212 -50 -50 2 1
864609 865049 -50 -50 2 1
876539 877284 -50 -50 2 1
877713 878131 -50 -50 2 1
879048 879308 -50 -50 1 1
880154 880307 -50 -50 1 1
886234 886444 -50 -50 2 1
888060 888346 -50 -50 2 1
892592 892751 -50 -50 2 1
894371 894482 -50 -50 2 1
898594 898725 -50 -50 1 1
899917 900069 -50 -50 1 1
901089 901246 -50 -50 3 1
902120 902245 -50 -50 1 1
906618 906718 -50 -50 1 1
922536 922719 -50 -50 1 1
923964 924132 -50 -50 1 1
924608 924728 -50 -50 1 1
928793 929117 -50 -50 1 1
937362 937540 -50 -50 1 1
938522 938722 -50 -50 2 1
939485 939740 -50 -50 1 1
940219 940682 -50 -50 3 1
943206 943290 -50 -50 2 1
945278 945469 -50 -50 1 1
946286 946503 -50 -50 1 1
947148 947514 -50 -50 1 1
949957 950109 -50 -50 1 1
950259 950439 -50 -50 1 1
951476 951754 -50 -50 1 1
952186 952462 -50 -50 2 1
957298 957429 -50 -50 1 1
960586 960708 -50 -50 3 1
963117 963249 -50 -50 2 1
968663 968789 -50 -50 3 1
970151 970440 -50 -50 3 1
973351 973634 -50 -50 1 1
974361 974604 -50 -50 1 1
975558 975880 -50 -50 1 1
978534 978697 -50 -50 1 1
979329 979416 -50 -50 3 1
983707 983839 -50 -50 1 1
984356 984592 -50 -50 1 1
985476 985610 -50 -50 2 1
989388 989565 -50 -50 1 1
991862 991977 -50 -50 1 1
1024802 1025129 -50 -50 1 1
1033544 1033644 -50 -50 1 1
1041214 1041396 -50 -50 1 1
1045769 1045821 -50 -50 1 1
1053448 1053558 -50 -50 1 1
1066215 1066505 -50 -50 1 1
1069309 1069408 -50 -50 3 1
1095004 1095145 -50 -50 1 1
1098058 1098168 -50 -50 1 1
1117055 1117207 -50 -50 1 1
1117989 1118147 -50 -50 1 1
1118482 1118639 -50 -50 1 1
1119378 1119541 -50 -50 1 1
1119798 1119881 -50 -50 1 1
1127284 1127454 -50 -50 1 1
1128127 1128312 -50 -50 1 1
1131202 1131387 -50 -50 3 1
1132465 1132590 -50 -50 3 1
1135671 1135852 -50 -50 1 1
1178739 1178867 -50 -50 1 1
1181558 1181686 -50 -50 3 1
1184942 1185084 -50 -50 1 1
1186989 1187058 -50 -50 1 1
1233608 1233681 -50 -50 1 1
1242705 1243009 -50 -50 2 1
1244575 1244692 -50 -50 1 1
1266403 1266499 -50 -50 1 1
1266956 1267072 -50 -50 3 1
1282162 1282256 -50 -50 1 1
1294916 1295015 -50 -50 1 1
1336124 1336298 -50 -50 1 1
1350490 1350646 -50 -50 1 1
1385559 1385658 -50 -50 1 1
1387202 1387557 -50 -50 3 1
1392537 1392626 -50 -50 1 1
1398021 1398452 -50 -50 3 1
1401850 1401984 -50 -50 1 1
1404091 1404202 -50 -50 1 1
1404977 1405095 -50 -50 3 1
1405411 1405581 -50 -50 2 1
1407723 1407842 -50 -50 1 1
1414216 1414377 -50 -50 3 1
1414831 1414993 -50 -50 2 1
1417860 1418260 -50 -50 3 1
1418590 1419035 -50 -50 3 1
1419873 1420017 -50 -50 2 1
1420081 1420211 -50 -50 2 1
1421165 1421309 -50 -50 2 1
1433884 1434026 -50 -50 2 1
1437189 1437461 -50 -50 2 1
1438194 1438308 -50 -50 1 1
1439347 1439535 -50 -50 3 1
1439996 1440345 -50 -50 3 1
1443444 1443565 -50 -50 2 1
1444509 1444622 -50 -50 1 1
1445604 1445757 -50 -50 1 1
1446266 1446942 -50 -50 3 1
1448278 1448459 -50 -50 3 1
1455840 1456090 -50 -50 1 1
1456431 1456568 -50 -50 1 1
1457246 1457360 -50 -50 2 1
1463127 1463596 -50 -50 3 1
1464247 1464325 -50 -50 2 1
1465785 1465971 -50 -50 2 1
1466662 1466776 -50 -50 3 1
1469402 1469637 -50 -50 1 1
1471702 1471952 -50 -50 1 1
1481715 1482048 -50 -50 3 1
1482180 1482500 -50 -50 3 1
1483180 1483420 -50 -50 3 1
1491386 1491480 -50 -50 2 1
1492251 1492358 -50 -50 2 1
1494126 1494366 -50 -50 1 1
1496442 1496570 -50 -50 1 1
1505406 1505629 -50 -50 2 1
1508959 1509111 -50 -50 1 1
1514886 1515013 -50 -50 1 1
1515183 1515516 -50 -50 1 1
1515912 1516499 -50 -50 3 1
1516671 1516761 -50 -50 2 1
1517105 1517546 -50 -50 3 1
1519420 1519560 -50 -50 3 1
1523632 1523736 -50 -50 2 1
1524334 1524487 -50 -50 2 1
1526161 1526291 -50 -50 2 1
1527546 1527690 -50 -50 2 1
1527719 1527809 -50 -50 2 1
1533537 1533639 -50 -50 2 1
1538655 1539048 -50 -50 3 1
1542129 1542263 -50 -50 2 1
1545506 1545610 -50 -50 1 1
1557164 1557269 -50 -50 2 1
1558675 1558857 -50 -50 1 1
1565156 1565374 -50 -50 1 1
1575359 1575548 -50 -50 1 1
1575765 1575869 -50 -50 2 1
1576055 1576152 -50 -50 2 1
1576353 1576890 -50 -50 3 1
1577140 1577300 -50 -50 3 1
1577811 1578080 -50 -50 1 1
1578549 1579032 -50 -50 3 1
1580859 1581452 -50 -50 3 1
1582553 1582662 -50 -50 1 1
1585055 1585303 -50 -50 1 1
1585601 1585807 -50 -50 2 1
1588220 1588726 -50 -50 3 1
1590072 1590211 -50 -50 1 1
1590522 1590784 -50 -50 2 1
1593985 1594162 -50 -50 1 1
1601026 1601225 -50 -50 2 1
1601680 1601869 -50 -50 2 1
1602044 1602196 -50 -50 3 1
1603535 1603721 -50 -50 3 1
1603860 1603960 -50 -50 3 1
1605938 1606293 -50 -50 3 1
1606612 1607099 -50 -50 3 1
1607464 1607657 -50 -50 2 1
1608338 1608705 -50 -50 3 1
1609262 1609495 -50 -50 1 1
1610478 1610718 -50 -50 3 1
1611740 1612100 -50 -50 3 1
1612800 1612962 -50 -50 3 1
1613700 1614300 -50 -50 3 1
1618473 1618612 -50 -50 1 1
1619195 1619327 -50 -50 1 1
1620218 1620381 -50 -50 1 1
1620508 1620745 -50 -50 3 1
1620987 1621128 -50 -50 1 1
1621601 1621829 -50 -50 2 1
1622220 1622725 -50 -50 3 1
1623145 1623715 -50 -50 3 1
1623862 1624411 -50 -50 3 1
1624861 1625535 -50 -50 3 1
1626043 1626199 -50 -50 3 1
1626760 1626860 -50 -50 3 1
1627914 1628158 -50 -50 1 1
1628712 1628851 -50 -50 2 1
1628943 1629332 -50 -50 2 1
1629912 1630290 -50 -50 1 1
1631638 1631959 -50 -50 2 1
1632689 1632961 -50 -50 2 1
1633340 1633573 -50 -50 2 1
1634439 1634873 -50 -50 3 1
1635070 1635332 -50 -50 2 1
1636242 1636524 -50 -50 3 1
1637299 1637468 -50 -50 2 1
1637881 1638076 -50 -50 2 1
1638762 1638880 -50 -50 2 1
1639633 1640109 -50 -50 3 1
1640588 1640795 -50 -50 3 1
1641319 1641655 -50 -50 1 1
1641986 1642273 -50 -50 2 1
1642329 1642490 -50 -50 2 1
1642934 1643063 -50 -50 2 1
1644178 1644418 -50 -50 1 1
1644910 1645196 -50 -50 1 1
1645748 1646157 -50 -50 1 1
1647140 1647455 -50 -50 2 1
1647877 1648780 -50 -50 3 1
1649030 1649192 -50 -50 1 1
1649539 1649726 -50 -50 1 1
1649933 1650079 -50 -50 3 1
1650817 1651303 -50 -50 3 1
1652270 1652388 -50 -50 1 1
1652776 1652891 -50 -50 2 1
1653073 1653377 -50 -50 1 1
1655190 1655409 -50 -50 2 1
1655598 1655841 -50 -50 2 1
1656510 1656777 -50 -50 2 1
1657377 1657762 -50 -50 3 1
1657900 1658050 -50 -50 3 1
1659344 1659485 -50 -50 3 1
1660248 1660589 -50 -50 2 1
1661624 1662012 -50 -50 3 1
1662260 1662510 -50 -50 2 1
1663007 1663368 -50 -50 3 1
1664067 1664438 -50 -50 3 1
1664933 1665133 -50 -50 1 1
1665746 1666113 -50 -50 3 1
1666870 1667062 -50 -50 1 1
1667902 1668148 -50 -50 3 1
1668568 1668757 -50 -50 2 1
1669520 1669843 -50 -50 2 1
1671163 1671490 -50 -50 2 1
1672217 1672662 -50 -50 1 1
1673341 1673564 -50 -50 2 1
1674154 1674445 -50 -50 1 1
1675095 1675306 -50 -50 2 1
1676100 1677040 -50 -50 3 1
1677272 1677622 -50 -50 1 1
1678122 1678262 -50 -50 2 1
1679136 1679369 -50 -50 1 1
1680202 1680442 -50 -50 1 1
1681111 1681440 -50 -50 1 1
1681890 1682146 -50 -50 1 1
1682487 1682772 -50 -50 1 1
1683204 1683455 -50 -50 2 1
1683805 1684126 -50 -50 1 1
1685508 1685870 -50 -50 1 1
1687125 1687581 -50 -50 1 1
1688269 1688698 -50 -50 3 1
1689440 1690052 -50 -50 3 1
1690884 1691803 -50 -50 3 1
1692199 1692338 -50 -50 1 1
1692873 1693299 -50 -50 3 1
1693631 1694035 -50 -50 1 1
1695034 1695440 -50 -50 1 1
1695839 1696050 -50 -50 1 1
1697198 1697460 -50 -50 3 1
1698486 1698705 -50 -50 1 1
1698855 1699163 -50 -50 3 1
1699340 1699579 -50 -50 2 1
1699824 1699928 -50 -50 1 1
1700197 1700320 -50 -50 1 1
1700920 1701188 -50 -50 1 1
1701259 1720100 -50 -50 3 1
1701870 1702604 -50 -50 3 1
1703289 1703706 -50 -50 3 1
1705678 1706211 -50 -50 3 1
1707012 1707299 -50 -50 3 1
1709300 1709753 -50 -50 3 1
1712726 1713641 -50 -50 3 1
1716613 1717256 -50 -50 3 1
1721319 1721731 -50 -50 1 1
1723796 1724013 -50 -50 1 1
1725291 1725474 -50 -50 3 1
1726817 1726974 -50 -50 2 1
1727726 1727870 -50 -50 1 1
1728357 1728807 -50 -50 3 1
1730498 1731609 -50 -50 3 1
1732065 1732142 -50 -50 1 1
1733046 1733213 -50 -50 1 1
1733832 1734311 -50 -50 1 1
1735429 1735607 -50 -50 1 1
1736024 1736180 -50 -50 1 1
1736814 1737148 -50 -50 2 1
1737296 1737403 -50 -50 2 1
1738090 1738266 -50 -50 1 1
1739247 1739419 -50 -50 2 1
1739989 1740133 -50 -50 1 1
1740391 1740641 -50 -50 1 1
1741184 1741518 -50 -50 2 1
1741830 1741949 -50 -50 2 1
1742152 1742436 -50 -50 1 1
1743150 1743498 -50 -50 3 1
1743688 1743868 -50 -50 3 1
1744246 1744952 -50 -50 3 1
1746324 1746545 -50 -50 2 1
1746871 1747101 -50 -50 1 1
1747257 1747697 -50 -50 3 1
1750863 1751169 -50 -50 2 1
1751865 1752093 -50 -50 3 1
1752327 1752544 -50 -50 3 1
1752637 1753011 -50 -50 1 1
1754445 1754828 -50 -50 1 1
1756914 1757868 -50 -50 3 1
1758599 1758872 -50 -50 1 1
1759182 1759330 -50 -50 2 1
1759707 1759835 -50 -50 2 1
1760030 1760424 -50 -50 3 1
1761510 1762703 -50 -50 3 1
1768239 1768479 -50 -50 1 1
1770897 1771207 -50 -50 2 1
1771424 1771587 -50 -50 1 1
1772416 1772560 -50 -50 1 1
1773003 1773103 -50 -50 1 1
1773961 1774045 -50 -50 1 1
1774301 1774437 -50 -50 1 1
1775096 1775213 -50 -50 2 1
1775802 1776038 -50 -50 3 1
1776393 1776680 -50 -50 3 1
1777093 1777391 -50 -50 2 1
1778225 1778414 -50 -50 1 1
1780146 1780590 -50 -50 3 1
1781469 1781582 -50 -50 2 1
1785466 1785655 -50 -50 2 1
1786900 1787840 -50 -50 3 1
1788749 1789272 -50 -50 3 1
1791840 1792216 -50 -50 2 1
1792310 1792469 -50 -50 1 1
1793499 1793676 -50 -50 1 1
1794317 1794483 -50 -50 1 1
1795059 1795512 -50 -50 2 1
1795931 1796341 -50 -50 2 1
1798571 1798927 -50 -50 2 1
1800900 1801008 -50 -50 1 1
1802814 1803020 -50 -50 1 1
1803584 1803820 -50 -50 1 1
1805609 1805896 -50 -50 3 1
1806801 1806937 -50 -50 1 1
1809192 1809297 -50 -50 1 1
1813228 1813499 -50 -50 3 1
1814763 1814935 -50 -50 2 1
1815199 1815289 -50 -50 1 1
1815545 1815783 -50 -50 2 1
1817176 1817479 -50 -50 3 1
1818488 1818783 -50 -50 1 1
1819994 1820135 -50 -50 1 1
1820452 1820655 -50 -50 1 1
1820794 1821220 -50 -50 3 1
1821841 1822036 -50 -50 2 1
1823710 1823821 -50 -50 1 1
1824021 1824164 -50 -50 1 1
1824811 1824962 -50 -50 2 1
1826206 1826424 -50 -50 1 1
1827027 1827516 -50 -50 3 1
1831526 1831641 -50 -50 1 1
1840793 1840954 -50 -50 1 1
1841452 1842096 -50 -50 3 1
1842835 1842958 -50 -50 1 1
1843985 1844200 -50 -50 1 1
1846742 1846932 -50 -50 1 1
1852364 1852623 -50 -50 1 1
1854104 1854215 -50 -50 3 1
1855448 1855608 -50 -50 1 1
1856350 1856526 -50 -50 2 1
1857176 1857410 -50 -50 1 1
1857523 1857622 -50 -50 1 1
1861847 1861998 -50 -50 1 1
1863582 1863910 -50 -50 1 1
1873100 1873424 -50 -50 1 1
1873561 1873726 -50 -50 2 1
1875407 1875521 -50 -50 1 1
1881320 1881501 -50 -50 1 1
1885188 1885569 -50 -50 2 1
1887510 1887872 -50 -50 3 1
1888799 1888930 -50 -50 2 1
1890108 1890435 -50 -50 2 1
1891340 1891900 -50 -50 3 1
1892847 1893061 -50 -50 1 1
1894629 1894730 -50 -50 2 1
1904187 1904310 -50 -50 1 1
1916717 1916837 -50 -50 1 1
1926903 1927130 -50 -50 2 1
1931369 1931488 -50 -50 1 1
1938266 1938358 -50 -50 1 1
1939854 1939989 -50 -50 1 1
1940590 1940706 -50 -50 1 1
1941057 1941168 -50 -50 2 1
1941858 1942112 -50 -50 2 1
2002837 2002931 -50 -50 1 1
2226399 2226541 -50 -50 1 1
2252240 2252369 -50 -50 1 1
2256147 2256246 -50 -50 1 1
2257117 2257286 -50 -50 1 1
2276858 2276971 -50 -50 2 1
2322146 2322303 -50 -50 2 1
2330110 2330249 -50 -50 1 1
2359704 2359975 -50 -50 1 1
2360200 2361400 -50 -50 3 1
2361837 2361948 -50 -50 2 1
2381803 2382095 -50 -50 3 1
2382652 2382757 -50 -50 2 1
2385829 2385933 -50 -50 2 1
2388376 2388808 -50 -50 3 1
2389692 2389834 -50 -50 2 1
2390445 2390558 -50 -50 2 1
2407845 2407973 -50 -50 1 1
2412558 2412942 -50 -50 3 1
2413521 2413756 -50 -50 1 1
2420133 2420287 -50 -50 1 1
2423596 2423697 -50 -50 2 1
2425924 2426042 -50 -50 2 1
2426850 2427035 -50 -50 1 1
2435795 2435900 -50 -50 1 1
2480392 2480681 -50 -50 1 1
2482355 2482457 -50 -50 1 1
2483102 2483273 -50 -50 1 1
2484345 2484538 -50 -50 1 1
2494120 2494520 -50 -50 3 1
2494740 2495300 -50 -50 3 1
2496025 2496168 -50 -50 3 1
2496240 2496720 -50 -50 3 1
2497243 2497433 -50 -50 3 1
2497589 2497773 -50 -50 3 1
2504652 2504814 -50 -50 2 1
2509461 2509618 -50 -50 1 1
2511520 2511742 -50 -50 1 1
2520553 2520988 -50 -50 1 1
2775146 2775352 -50 -50 2 1
2776881 2777156 -50 -50 2 1
2780273 2780604 -50 -50 2 1
2786442 2786547 -50 -50 2 1
2799725 2800007 -50 -50 2 1
2804565 2804731 -50 -50 3 1
2806891 2807095 -50 -50 2 1
2808067 2808313 -50 -50 2 1
2808833 2809037 -50 -50 1 1
2812327 2812520 -50 -50 2 1
2812630 2812753 -50 -50 2 1
2816940 2817140 -50 -50 3 1
2819658 2819768 -50 -50 1 1
2835012 2835210 -50 -50 1 1
2835998 2836137 -50 -50 2 1
2838341 2838608 -50 -50 3 1
2839127 2839340 -50 -50 2 1
2842479 2842713 -50 -50 1 1
2844567 2844803 -50 -50 1 1
2845447 2845700 -50 -50 1 1
2846410 2846554 -50 -50 1 1
2854832 2855094 -50 -50 3 1
2857407 2857556 -50 -50 1 1
2862533 2862661 -50 -50 2 1
2863473 2863724 -50 -50 3 1
2865608 2865759 -50 -50 1 1
2872773 2872910 -50 -50 1 1
2874652 2874877 -50 -50 3 1
2875468 2875746 -50 -50 2 1
2877276 2877391 -50 -50 1 1
2878102 2878599 -50 -50 3 1
2879026 2879174 -50 -50 2 1
2879674 2880063 -50 -50 3 1
2882441 2882580 -50 -50 1 1
2885252 2885642 -50 -50 1 1
2887739 2887883 -50 -50 1 1
2889178 2889641 -50 -50 3 1
2890153 2890393 -50 -50 3 1
2891220 2891438 -50 -50 1 1
2891779 2891912 -50 -50 1 1
2892119 2892310 -50 -50 2 1
2893607 2893753 -50 -50 2 1
2893874 2894069 -50 -50 2 1
2894433 2894488 -50 -50 1 1
2897038 2897313 -50 -50 1 1
2897933 2898317 -50 -50 3 1
2899576 2899882 -50 -50 3 1
2900696 2900816 -50 -50 3 1
2902362 2902484 -50 -50 1 1
2903474 2903657 -50 -50 1 1
2904664 2905063 -50 -50 3 1
2906658 2906980 -50 -50 1 1
2907641 2907988 -50 -50 3 1
2908930 2909202 -50 -50 1 1
2910359 2910668 -50 -50 1 1
2911800 2911970 -50 -50 3 1
2913073 2913273 -50 -50 2 1
2914616 2914802 -50 -50 3 1
2915973 2916152 -50 -50 2 1
2917243 2917470 -50 -50 1 1
2918442 2918608 -50 -50 2 1
2919549 2919805 -50 -50 1 1
2920763 2920946 -50 -50 1 1
2921961 2922114 -50 -50 1 1
2922689 2922819 -50 -50 1 1
2923549 2923725 -50 -50 2 1
2923878 2924128 -50 -50 2 1
2924751 2925040 -50 -50 2 1
2926008 2926619 -50 -50 3 1
2927418 2927846 -50 -50 3 1
2928535 2928715 -50 -50 1 1
2929526 2929751 -50 -50 1 1
2931277 2931630 -50 -50 2 1
2933303 2933752 -50 -50 3 1
2934287 2934370 -50 -50 1 1
2934797 2935057 -50 -50 1 1
2938324 2938780 -50 -50 3 1
2939805 2939915 -50 -50 3 1
2940885 2941089 -50 -50 1 1
2942161 2942465 -50 -50 3 1
2954241 2954417 -50 -50 1 1
2956375 2956536 -50 -50 1 1
2959957 2960180 -50 -50 1 1
2960772 2960999 -50 -50 2 1
2961570 2961785 -50 -50 2 1
2962361 2962534 -50 -50 3 1
2963445 2963534 -50 -50 2 1
2963998 2964187 -50 -50 1 1
2964776 2965173 -50 -50 3 1
2965939 2966065 -50 -50 3 1
2967572 2967873 -50 -50 2 1
2968056 2968195 -50 -50 1 1
2969247 2969392 -50 -50 1 1
2972229 2972487 -50 -50 2 1
2974412 2974690 -50 -50 2 1
2974836 2974998 -50 -50 2 1
2975660 2975868 -50 -50 2 1
2977947 2978260 -50 -50 2 1
2978987 2979193 -50 -50 2 1
2979804 2980083 -50 -50 2 1
2980565 2980806 -50 -50 1 1
2981616 2981726 -50 -50 1 1
2983106 2983273 -50 -50 1 1
2984194 2984354 -50 -50 1 1
2985611 2985800 -50 -50 1 1
2987632 2987776 -50 -50 1 1
2989444 2989571 -50 -50 1 1
2990019 2990197 -50 -50 3 1
2990291 2990416 -50 -50 3 1
2991428 2991591 -50 -50 1 1
2992195 2992440 -50 -50 2 1
2993916 2994048 -50 -50 1 1
2994790 2994908 -50 -50 2 1
2995551 2995779 -50 -50 2 1
2997382 2997532 -50 -50 1 1
2998757 2998956 -50 -50 2 1
3001668 3001885 -50 -50 1 1
3003607 3003832 -50 -50 1 1
3004439 3004648 -50 -50 1 1
3005621 3005860 -50 -50 1 1
3006247 3006534 -50 -50 1 1
3009114 3009370 -50 -50 1 1
3010066 3010194 -50 -50 2 1
3010683 3011063 -50 -50 3 1
3012821 3013117 -50 -50 1 1
3013905 3014175 -50 -50 2 1
3014853 3015149 -50 -50 3 1
3015280 3015449 -50 -50 3 1
3015933 3016100 -50 -50 2 1
3016725 3017090 -50 -50 3 1
3017757 3017998 -50 -50 1 1
3018947 3019405 -50 -50 3 1
3021291 3021652 -50 -50 3 1
3022824 3023078 -50 -50 1 1
3027006 3027155 -50 -50 1 1
3028386 3028540 -50 -50 1 1
3028885 3029030 -50 -50 1 1
3029755 3029933 -50 -50 3 1
3030090 3030200 -50 -50 3 1
3031632 3032104 -50 -50 3 1
3032886 3033038 -50 -50 3 1
3033906 3034100 -50 -50 3 1
3034753 3035088 -50 -50 3 1
3035718 3035860 -50 -50 3 1
3036404 3036587 -50 -50 3 1
3037307 3037413 -50 -50 2 1
3041415 3041685 -50 -50 2 1
3042202 3042335 -50 -50 1 1
3043095 3043373 -50 -50 2 1
3043986 3044389 -50 -50 3 1
3045681 3045843 -50 -50 3 1
3047152 3047373 -50 -50 1 1
3048766 3048978 -50 -50 3 1
3049890 3050135 -50 -50 2 1
3050972 3051143 -50 -50 1 1
3051716 3051900 -50 -50 2 1
3052243 3052470 -50 -50 3 1
3052933 3053104 -50 -50 2 1
3053350 3053679 -50 -50 3 1
3057789 3058035 -50 -50 3 1
3058293 3058492 -50 -50 1 1
3059173 3059282 -50 -50 2 1
3060470 3060607 -50 -50 2 1
3060644 3060833 -50 -50 2 1
3061807 3062020 -50 -50 1 1
3062887 3063141 -50 -50 3 1
3065554 3065671 -50 -50 1 1
3068230 3068731 -50 -50 2 1
3071461 3071831 -50 -50 1 1
3072366 3072513 -50 -50 2 1
3073494 3073930 -50 -50 3 1
3074155 3074419 -50 -50 3 1
3074900 3075300 -50 -50 3 1
3076355 3076468 -50 -50 1 1
3077719 3077986 -50 -50 2 1
3079095 3079340 -50 -50 1 1
3080405 3080803 -50 -50 3 1
3082383 3082482 -50 -50 1 1
3084154 3084310 -50 -50 3 1
3084469 3084626 -50 -50 3 1
3085115 3085323 -50 -50 1 1
3085782 3085897 -50 -50 3 1
3086266 3086531 -50 -50 3 1
3087126 3087254 -50 -50 1 1
3088100 3088238 -50 -50 2 1
3088390 3088643 -50 -50 2 1
3089693 3089871 -50 -50 2 1
3090947 3091220 -50 -50 2 1
3091780 3092095 -50 -50 3 1
3092678 3092833 -50 -50 1 1
3093983 3094236 -50 -50 3 1
3095095 3095275 -50 -50 1 1
3096021 3096410 -50 -50 3 1
3098146 3098407 -50 -50 3 1
3099265 3099366 -50 -50 1 1
3100447 3100646 -50 -50 2 1
3102170 3102307 -50 -50 2 1
3103021 3103160 -50 -50 2 1
3105294 3105520 -50 -50 1 1
3106210 3106475 -50 -50 2 1
3107906 3108170 -50 -50 2 1
3109590 3109757 -50 -50 1 1
3110116 3110283 -50 -50 2 1
3110651 3110734 -50 -50 2 1
3110847 3110951 -50 -50 2 1
3111048 3111206 -50 -50 2 1
3111571 3111747 -50 -50 2 1
3112637 3112837 -50 -50 2 1
3113453 3113714 -50 -50 1 1
3114956 3115173 -50 -50 2 1
3115960 3116074 -50 -50 2 1
3116409 3116518 -50 -50 3 1
3116594 3116683 -50 -50 3 1
3119185 3119594 -50 -50 1 1
3120849 3121069 -50 -50 1 1
3121285 3121433 -50 -50 1 1
3121551 3121724 -50 -50 1 1
3122069 3122302 -50 -50 1 1
3123822 3123956 -50 -50 1 1
3124551 3124914 -50 -50 1 1
3126232 3126332 -50 -50 2 1
3126560 3126959 -50 -50 2 1
3127968 3128174 -50 -50 2 1
3129100 3129244 -50 -50 3 1
3129319 3129429 -50 -50 3 1
3129776 3130007 -50 -50 3 1
3131345 3131513 -50 -50 1 1
3132481 3132698 -50 -50 1 1
3134067 3134218 -50 -50 1 1
3138489 3138681 -50 -50 2 1
3143036 3143410 -50 -50 1 1
3146253 3146393 -50 -50 2 1
3148374 3148495 -50 -50 2 1
3148952 3149143 -50 -50 1 1
3149502 3149887 -50 -50 3 1
3151547 3151670 -50 -50 2 1
3153574 3153729 -50 -50 1 1
3154257 3154475 -50 -50 2 1
3154988 3155200 -50 -50 3 1
3156081 3156294 -50 -50 2 1
3161037 3161212 -50 -50 1 1
3162257 3162479 -50 -50 2 1
3162988 3163257 -50 -50 2 1
3164508 3164742 -50 -50 2 1
3165539 3165859 -50 -50 3 1
3166600 3166738 -50 -50 2 1
3167479 3167808 -50 -50 3 1
3168572 3168831 -50 -50 2 1
3170247 3170553 -50 -50 1 1
3171155 3171887 -50 -50 3 1
3172304 3172560 -50 -50 3 1
3174319 3174470 -50 -50 1 1
3174945 3175289 -50 -50 2 1
3175740 3175876 -50 -50 3 1
3177133 3177370 -50 -50 3 1
3178434 3178589 -50 -50 2 1
3179206 3179485 -50 -50 1 1
3180355 3180513 -50 -50 2 1
3184628 3184826 -50 -50 2 1
3185749 3186072 -50 -50 1 1
3186456 3186652 -50 -50 3 1
3187417 3187685 -50 -50 2 1
3188755 3189028 -50 -50 3 1
3189416 3189755 -50 -50 1 1
3191486 3191717 -50 -50 1 1
3192317 3192435 -50 -50 1 1
3193708 3193825 -50 -50 1 1
3194803 3194906 -50 -50 2 1
3194998 3195112 -50 -50 2 1
3195409 3195575 -50 -50 1 1
3198734 3199090 -50 -50 1 1
3199789 3200026 -50 -50 1 1
3200652 3200876 -50 -50 1 1
3201364 3201794 -50 -50 1 1
3203359 3203475 -50 -50 1 1
3203952 3204396 -50 -50 2 1
3205149 3205321 -50 -50 2 1
3208301 3208615 -50 -50 3 1
3210076 3210627 -50 -50 3 1
3211113 3211220 -50 -50 2 1
3211579 3211696 -50 -50 1 1
3212711 3212868 -50 -50 2 1
3213082 3213249 -50 -50 1 1
3214512 3214651 -50 -50 1 1
3218721 3218882 -50 -50 1 1
3221055 3221487 -50 -50 1 1
3222703 3222840 -50 -50 1 1
3222989 3223205 -50 -50 1 1
3223885 3224252 -50 -50 1 1
3225500 3226007 -50 -50 3 1
3226897 3227072 -50 -50 1 1
3227753 3227847 -50 -50 1 1
3229862 3229987 -50 -50 2 1
3230720 3230931 -50 -50 1 1
3231340 3231600 -50 -50 2 1
3232146 3233201 -50 -50 3 1
3240671 3240812 -50 -50 1 1
3243477 3243755 -50 -50 1 1
3247017 3247100 -50 -50 1 1
3250405 3250507 -50 -50 3 1
3252100 3252300 -50 -50 3 1
3252967 3253267 -50 -50 1 1
3254258 3254462 -50 -50 3 1
3254911 3255031 -50 -50 1 1
3257046 3257230 -50 -50 1 1
3258941 3259111 -50 -50 1 1
3260731 3260982 -50 -50 1 1
3261438 3261646 -50 -50 3 1
3261872 3262006 -50 -50 3 1
3270016 3270350 -50 -50 3 1
3271141 3271273 -50 -50 2 1
3272598 3272731 -50 -50 2 1
3274946 3275119 -50 -50 1 1
3277315 3277423 -50 -50 2 1
3284397 3284553 -50 -50 1 1
3285200 3285372 -50 -50 3 1
3285500 3285640 -50 -50 3 1
3286026 3286262 -50 -50 3 1
3290993 3291210 -50 -50 2 1
3292019 3292125 -50 -50 1 1
3318444 3318572 -50 -50 2 1
3318630 3318766 -50 -50 2 1
3319364 3319568 -50 -50 1 1
3320341 3320481 -50 -50 2 1
3321349 3321649 -50 -50 2 1
3322545 3322719 -50 -50 2 1
3322807 3323022 -50 -50 2 1
3323402 3323705 -50 -50 1 1
3325076 3325299 -50 -50 1 1
3327707 3327868 -50 -50 1 1
3329006 3329350 -50 -50 1 1
3329708 3329886 -50 -50 1 1
3330994 3331106 -50 -50 2 1
3331154 3331302 -50 -50 2 1
3332509 3332749 -50 -50 1 1
3336624 3336773 -50 -50 2 1
3337694 3338006 -50 -50 3 1
3340437 3340606 -50 -50 2 1
3341465 3341720 -50 -50 2 1
3345088 3345266 -50 -50 3 1
3345807 3346011 -50 -50 1 1
3351632 3352396 -50 -50 3 1
3354166 3354338 -50 -50 3 1
3355119 3355269 -50 -50 3 1
3355460 3356080 -50 -50 3 1
3356200 3356440 -50 -50 3 1
3356840 3356960 -50 -50 3 1
3359000 3359100 -50 -50 3 1
3359240 3359340 -50 -50 3 1
3363435 3363620 -50 -50 2 1
3364535 3364839 -50 -50 2 1
3366191 3366536 -50 -50 1 1
3367148 3367452 -50 -50 2 1
3368909 3369048 -50 -50 1 1
3369974 3370087 -50 -50 2 1
3370765 3370940 -50 -50 1 1
3371545 3372008 -50 -50 1 1
3372386 3372681 -50 -50 1 1
3373230 3373466 -50 -50 1 1
3374854 3375123 -50 -50 3 1
3375321 3375499 -50 -50 1 1
3376195 3376303 -50 -50 1 1
3377199 3377370 -50 -50 2 1
3379053 3379257 -50 -50 2 1
3382512 3382712 -50 -50 3 1
3383563 3383735 -50 -50 2 1
3384614 3385150 -50 -50 3 1
3398609 3399021 -50 -50 3 1
3401068 3401319 -50 -50 2 1
3402480 3403072 -50 -50 3 1
3403405 3403660 -50 -50 3 1
3404091 3404227 -50 -50 3 1
3405419 3406000 -50 -50 3 1
3406502 3406806 -50 -50 3 1
3407407 3407805 -50 -50 3 1
3409500 3409873 -50 -50 3 1
3410576 3410919 -50 -50 3 1
3411845 3412150 -50 -50 3 1
3416653 3416865 -50 -50 1 1
3417605 3417855 -50 -50 1 1
3418748 3418900 -50 -50 2 1
3421089 3421251 -50 -50 3 1
3423967 3424134 -50 -50 1 1
3425113 3425320 -50 -50 2 1
3426132 3426282 -50 -50 1 1
3427384 3427540 -50 -50 3 1
3428961 3429291 -50 -50 3 1
3429488 3429683 -50 -50 2 1
3430137 3430403 -50 -50 2 1
3431335 3431572 -50 -50 1 1
3432631 3433072 -50 -50 3 1
3433380 3433579 -50 -50 3 1
3434479 3434924 -50 -50 3 1
3435520 3435676 -50 -50 2 1
3437812 3438226 -50 -50 1 1
3438862 3439001 -50 -50 2 1
3439644 3439795 -50 -50 1 1
3441609 3441739 -50 -50 2 1
3442712 3442952 -50 -50 1 1
3443767 3443892 -50 -50 2 1
3444576 3445030 -50 -50 3 1
3445560 3445731 -50 -50 1 1
3446388 3446677 -50 -50 1 1
3447160 3447822 -50 -50 3 1
3448239 3448395 -50 -50 1 1
3449576 3449680 -50 -50 1 1
3450369 3450679 -50 -50 1 1
3451110 3451274 -50 -50 1 1
3452029 3452179 -50 -50 1 1
3454183 3454391 -50 -50 1 1
3456617 3456802 -50 -50 1 1
3457017 3457178 -50 -50 1 1
3457724 3457946 -50 -50 1 1
3458916 3459131 -50 -50 3 1
3459280 3459400 -50 -50 3 1
3459855 3460022 -50 -50 1 1
3461683 3461910 -50 -50 1 1
3462222 3462397 -50 -50 3 1
3462796 3463083 -50 -50 1 1
3463714 3463864 -50 -50 1 1
3464453 3464567 -50 -50 1 1
3465428 3465568 -50 -50 1 1
3468677 3468931 -50 -50 1 1
3471979 3472400 -50 -50 3 1
3473989 3474386 -50 -50 2 1
3474837 3474944 -50 -50 2 1
3475791 3475919 -50 -50 1 1
3476645 3476748 -50 -50 1 1
3477622 3477833 -50 -50 1 1
3480065 3480390 -50 -50 1 1
3481428 3481553 -50 -50 1 1
3482531 3482846 -50 -50 2 1
3484278 3484474 -50 -50 1 1
3485051 3485535 -50 -50 1 1
3486245 3486410 -50 -50 2 1
3487089 3487328 -50 -50 1 1
3489521 3489686 -50 -50 2 1
3490047 3490448 -50 -50 1 1
3491313 3491387 -50 -50 2 1
3492038 3492219 -50 -50 1 1
3492534 3492696 -50 -50 2 1
3495705 3495894 -50 -50 1 1
3498122 3498224 -50 -50 2 1
3498972 3499184 -50 -50 1 1
3499827 3499976 -50 -50 1 1
3500762 3501057 -50 -50 1 1
3501527 3501718 -50 -50 1 1
3503166 3503443 -50 -50 1 1
3503827 3504079 -50 -50 2 1
3505818 3505962 -50 -50 1 1
3506421 3506579 -50 -50 2 1
3508309 3508533 -50 -50 2 1
3509516 3509905 -50 -50 3 1
3510500 3511200 -50 -50 3 1
3511842 3512169 -50 -50 3 1
3512694 3512848 -50 -50 2 1
3516340 3516677 -50 -50 2 1
3518703 3518930 -50 -50 1 1
3520607 3520757 -50 -50 2 1
3529692 3529941 -50 -50 2 1
3531856 3531957 -50 -50 1 1
3533966 3534072 -50 -50 1 1
3537254 3537404 -50 -50 2 1
3538753 3538860 -50 -50 1 1
3539557 3539771 -50 -50 2 1
3540362 3540511 -50 -50 2 1
3542590 3542820 -50 -50 3 1
3548350 3548567 -50 -50 2 1
3550022 3550206 -50 -50 1 1
3551225 3551382 -50 -50 1 1
3551998 3552098 -50 -50 2 1
5045566 5045732 -50 -50 1 1
5056044 5056161 -50 -50 2 1
5056656 5056965 -50 -50 2 1
5058682 5059053 -50 -50 3 1
5061750 5062010 -50 -50 3 1
5063939 5064230 -50 -50 2 1
5064643 5065086 -50 -50 3 1
5069417 5069561 -50 -50 1 1
5070200 5070252 -50 -50 1 1
5075043 5075249 -50 -50 1 1
5075920 5076098 -50 -50 2 1
5076241 5076480 -50 -50 2 1
5077510 5077663 -50 -50 2 1
5078424 5078965 -50 -50 3 1
5081874 5082041 -50 -50 2 1
5084392 5084586 -50 -50 2 1
5085040 5085820 -50 -50 3 1
5086080 5086562 -50 -50 3 1
5087253 5087733 -50 -50 3 1
5088705 5088822 -50 -50 2 1
5089664 5090081 -50 -50 1 1
5091648 5091771 -50 -50 1 1
5095018 5095173 -50 -50 1 1
5095738 5095963 -50 -50 3 1
5097414 5097641 -50 -50 1 1
5099001 5099122 -50 -50 2 1
5100480 5100900 -50 -50 3 1
5101565 5101747 -50 -50 2 1
5104227 5104483 -50 -50 1 1
5106767 5106877 -50 -50 3 1
5107859 5107983 -50 -50 2 1
5108984 5109262 -50 -50 3 1
5109763 5109904 -50 -50 2 1
5110795 5111088 -50 -50 3 1
5111369 5111640 -50 -50 2 1
5112214 5112358 -50 -50 1 1
5114249 5114366 -50 -50 2 1
5116852 5117138 -50 -50 1 1
5117508 5117642 -50 -50 1 1
5119334 5119752 -50 -50 1 1
5121384 5121671 -50 -50 1 1
5122457 5122603 -50 -50 1 1
5122783 5122922 -50 -50 2 1
5123006 5123152 -50 -50 1 1
5123578 5123791 -50 -50 1 1
5125106 5125301 -50 -50 1 1
5125997 5126237 -50 -50 1 1
5126880 5127690 -50 -50 3 1
5128833 5129152 -50 -50 3 1
5129886 5130030 -50 -50 1 1
5131572 5132183 -50 -50 3 1
5135410 5135547 -50 -50 1 1
5135801 5135924 -50 -50 1 1
5138007 5138336 -50 -50 3 1
5139043 5139238 -50 -50 1 1
5140178 5140332 -50 -50 2 1
5140796 5140930 -50 -50 2 1
5140980 5141098 -50 -50 2 1
5143803 5143998 -50 -50 2 1
5144514 5144809 -50 -50 2 1
5145806 5146015 -50 -50 3 1
5146540 5146857 -50 -50 2 1
5147146 5147502 -50 -50 2 1
5148831 5149026 -50 -50 2 1
5150349 5150553 -50 -50 2 1
5151294 5151526 -50 -50 2 1
5152976 5153099 -50 -50 2 1
5154914 5155306 -50 -50 3 1
5156060 5156160 -50 -50 3 1
5159654 5159815 -50 -50 1 1
5160318 5160459 -50 -50 1 1
5167663 5167881 -50 -50 2 1
5168683 5168952 -50 -50 3 1
5169368 5169757 -50 -50 3 1
5169996 5170461 -50 -50 3 1
5170624 5170735 -50 -50 1 1
5183489 5183651 -50 -50 2 1
5183705 5183886 -50 -50 2 1
5184860 5184954 -50 -50 1 1
5185709 5186076 -50 -50 3 1
5186190 5186324 -50 -50 3 1
5186688 5187410 -50 -50 3 1
5188162 5188423 -50 -50 1 1
5189246 5189563 -50 -50 1 1
5193689 5193792 -50 -50 2 1
5194791 5194961 -50 -50 1 1
5196196 5196330 -50 -50 2 1
5197696 5198000 -50 -50 2 1
5199813 5200276 -50 -50 3 1
5201693 5201985 -50 -50 3 1
5203078 5203278 -50 -50 1 1
5204631 5204859 -50 -50 1 1
5205622 5205800 -50 -50 1 1
5207510 5207592 -50 -50 1 1
5207770 5207970 -50 -50 1 1
5208652 5209142 -50 -50 3 1
5210277 5210432 -50 -50 1 1
5210850 5211100 -50 -50 2 1
5214718 5214902 -50 -50 3 1
5215739 5215848 -50 -50 3 1
5216948 5217545 -50 -50 3 1
5217744 5217936 -50 -50 2 1
5218280 5218880 -50 -50 3 1
5220040 5220902 -50 -50 3 1
5222573 5223120 -50 -50 3 1
5224003 5224318 -50 -50 3 1
5224970 5225119 -50 -50 1 1
5225455 5225602 -50 -50 1 1
5226953 5227227 -50 -50 3 1
5228526 5228681 -50 -50 3 1
5228800 5228920 -50 -50 3 1
5229319 5229478 -50 -50 2 1
5231242 5231661 -50 -50 3 1
5232249 5232545 -50 -50 3 1
5233540 5234160 -50 -50 3 1
5234639 5234895 -50 -50 3 1
5235560 5235720 -50 -50 3 1
5244040 5244476 -50 -50 3 1
5244781 5245198 -50 -50 3 1
5247346 5247675 -50 -50 3 1
5248822 5249069 -50 -50 1 1
5249774 5249883 -50 -50 2 1
5249940 5250117 -50 -50 2 1
5250160 5250299 -50 -50 2 1
5254237 5254351 -50 -50 1 1
5255032 5255197 -50 -50 1 1
5255777 5256000 -50 -50 2 1
5256932 5257100 -50 -50 1 1
5257846 5257992 -50 -50 1 1
5259145 5260033 -50 -50 3 1
5261894 5262050 -50 -50 1 1
5269440 5269900 -50 -50 3 1
5271188 5271370 -50 -50 1 1
5272540 5272679 -50 -50 1 1
5273102 5273287 -50 -50 2 1
5273772 5274017 -50 -50 1 1
5276134 5276329 -50 -50 3 1
5277188 5277366 -50 -50 1 1
5277599 5277800 -50 -50 1 1
5278554 5278655 -50 -50 1 1
5279077 5279426 -50 -50 1 1
5282480 5282625 -50 -50 3 1
5285098 5285302 -50 -50 3 1
5285864 5286091 -50 -50 3 1
5291220 5291474 -50 -50 3 1
5293760 5294029 -50 -50 3 1
5295285 5295453 -50 -50 2 1
5296265 5296367 -50 -50 2 1
5298152 5298299 -50 -50 3 1
5307360 5307588 -50 -50 3 1
5308582 5308809 -50 -50 1 1
5309957 5310249 -50 -50 3 1
5319377 5319598 -50 -50 1 1
5328404 5328667 -50 -50 3 1
5329992 5330265 -50 -50 3 1
5330894 5331138 -50 -50 3 1
5339259 5339411 -50 -50 1 1
5341690 5341940 -50 -50 3 1
5343289 5343398 -50 -50 1 1
5349199 5349353 -50 -50 1 1
5349674 5349790 -50 -50 2 1
5349818 5349946 -50 -50 2 1
5356525 5356634 -50 -50 2 1
5360252 5360417 -50 -50 1 1
5361138 5361256 -50 -50 1 1
5362077 5362308 -50 -50 1 1
5366011 5366137 -50 -50 2 1
5366926 5367098 -50 -50 3 1
5369671 5369808 -50 -50 1 1
5372535 5372681 -50 -50 1 1
5376923 5377159 -50 -50 1 1
5388286 5388442 -50 -50 1 1
5392206 5392365 -50 -50 1 1
5405018 5405312 -50 -50 1 1
5407206 5407402 -50 -50 2 1
5408402 5408684 -50 -50 1 1
5414994 5415142 -50 -50 1 1
5417833 5417947 -50 -50 1 1
5419145 5419277 -50 -50 1 1
5420148 5420360 -50 -50 1 1
5430400 5430520 -50 -50 3 1
5432272 5432480 -50 -50 2 1
5432949 5433344 -50 -50 2 1
5444873 5444980 -50 -50 2 1
5447839 5448009 -50 -50 2 1
5451096 5451277 -50 -50 1 1
5454416 5454554 -50 -50 1 1
5461762 5461949 -50 -50 2 1
5469410 5469539 -50 -50 1 1
5483522 5483611 -50 -50 1 1
5485083 5485359 -50 -50 1 1
5491331 5491467 -50 -50 2 1
5494451 5494597 -50 -50 2 1
5498355 5498428 -50 -50 1 1
5499500 5499672 -50 -50 1 1
5501286 5501358 -50 -50 1 1
5502466 5502724 -50 -50 1 1
5515592 5515714 -50 -50 1 1
5520942 5521025 -50 -50 1 1
5532738 5532905 -50 -50 3 1
5533863 5533943 -50 -50 3 1
5534039 5534206 -50 -50 3 1
5536383 5536758 -50 -50 3 1
5544875 5544937 -50 -50 1 1
5545372 5545450 -50 -50 1 1
5551042 5551153 -50 -50 2 1
5562429 5562554 -50 -50 1 1
5566977 5567116 -50 -50 1 1
5571204 5571409 -50 -50 3 1
5574420 5574540 -50 -50 1 1
5582575 5582653 -50 -50 1 1
5583959 5584105 -50 -50 1 1
5584212 5584306 -50 -50 1 1
5585494 5585588 -50 -50 1 1
5588600 5588871 -50 -50 1 1
5598995 5599147 -50 -50 1 1
5601950 5602050 -50 -50 1 1
5605208 5605368 -50 -50 2 1
5605811 5605916 -50 -50 1 1
6173010 6173164 -50 -50 1 1
6177824 6178030 -50 -50 1 1
6178216 6178358 -50 -50 1 1
6184637 6184739 -50 -50 1 1
6200281 6200542 -50 -50 1 1
6201174 6201317 -50 -50 1 1
6206374 6206525 -50 -50 1 1
6209236 6209375 -50 -50 1 1
6210232 6210667 -50 -50 2 1
6211337 6211458 -50 -50 2 1
6211577 6211693 -50 -50 2 1
6215692 6215994 -50 -50 1 1
6216107 6216225 -50 -50 1 1
6216421 6216694 -50 -50 1 1
6220964 6221117 -50 -50 2 1
6224586 6224764 -50 -50 1 1
6225131 6225242 -50 -50 1 1
6230961 6231233 -50 -50 2 1
6232346 6232494 -50 -50 1 1
6235239 6235418 -50 -50 1 1
6240327 6240505 -50 -50 1 1
6244362 6244499 -50 -50 2 1
6246162 6246310 -50 -50 1 1
6247284 6247700 -50 -50 1 1
6248971 6249119 -50 -50 1 1
6254602 6255100 -50 -50 3 1
6255800 6255960 -50 -50 3 1
6256408 6257000 -50 -50 3 1
6257938 6258160 -50 -50 2 1
6261059 6261193 -50 -50 1 1
6265276 6265447 -50 -50 2 1
6265976 6266156 -50 -50 1 1
6266601 6266847 -50 -50 2 1
6274630 6274896 -50 -50 2 1
6275457 6275874 -50 -50 1 1
6276312 6276448 -50 -50 2 1
6278029 6278520 -50 -50 2 1
6280239 6280590 -50 -50 1 1
6282020 6282226 -50 -50 1 1
6285662 6286005 -50 -50 1 1
6291319 6291725 -50 -50 2 1
6292845 6293021 -50 -50 2 1
6293492 6293643 -50 -50 2 1
6294394 6294602 -50 -50 1 1
6294802 6294918 -50 -50 1 1
6295100 6295540 -50 -50 3 1
6295660 6295800 -50 -50 3 1
6298434 6298724 -50 -50 1 1
6299216 6299310 -50 -50 1 1
6300249 6300726 -50 -50 3 1
6302230 6302503 -50 -50 1 1
6304760 6304892 -50 -50 1 1
6305554 6305679 -50 -50 1 1
6308739 6309077 -50 -50 3 1
6309600 6309820 -50 -50 3 1
6311239 6311421 -50 -50 1 1
6313055 6313192 -50 -50 1 1
6316320 6316680 -50 -50 3 1
6316761 6316889 -50 -50 3 1
6320181 6320390 -50 -50 1 1
6321433 6321813 -50 -50 1 1
6323270 6323400 -50 -50 3 1
6324679 6325054 -50 -50 3 1
6326772 6327517 -50 -50 3 1
6327860 6328383 -50 -50 3 1
6329067 6329481 -50 -50 2 1
6329937 6330183 -50 -50 2 1
6330354 6330485 -50 -50 2 1
6332476 6332823 -50 -50 1 1
6333533 6333759 -50 -50 2 1
6334402 6334599 -50 -50 1 1
6337674 6337896 -50 -50 2 1
6338928 6339298 -50 -50 1 1
6340107 6340374 -50 -50 2 1
6341376 6341596 -50 -50 2 1
6342046 6342192 -50 -50 1 1
6343303 6343447 -50 -50 1 1
6344638 6344771 -50 -50 1 1
6346048 6346260 -50 -50 1 1
6346832 6346938 -50 -50 3 1
6347055 6347160 -50 -50 3 1
6348148 6348343 -50 -50 1 1
6348664 6349348 -50 -50 2 1
6352548 6352674 -50 -50 2 1
6354121 6354263 -50 -50 2 1
6354776 6354920 -50 -50 1 1
6355633 6355721 -50 -50 1 1
6356438 6356591 -50 -50 1 1
6357579 6357679 -50 -50 3 1
6358314 6358425 -50 -50 3 1
6359408 6359558 -50 -50 1 1
6360160 6360422 -50 -50 3 1
6361802 6362268 -50 -50 3 1
6365111 6365356 -50 -50 2 1
6365416 6366151 -50 -50 2 1
6366270 6366640 -50 -50 2 1
6378276 6378399 -50 -50 2 1
6380841 6380992 -50 -50 1 1
6383048 6383155 -50 -50 1 1
6384744 6384948 -50 -50 2 1
6387475 6387661 -50 -50 3 1
6388648 6388807 -50 -50 1 1
6389759 6389957 -50 -50 2 1
6393297 6393435 -50 -50 2 1
6395013 6395175 -50 -50 1 1
6396436 6396731 -50 -50 1 1
6398422 6398570 -50 -50 1 1
6401167 6401318 -50 -50 2 1
6403239 6403397 -50 -50 1 1
6404726 6404982 -50 -50 2 1
6409479 6409752 -50 -50 1 1
6411434 6411610 -50 -50 1 1
6412083 6412347 -50 -50 2 1
6413600 6413720 -50 -50 3 1
6414663 6414977 -50 -50 3 1
6415080 6415260 -50 -50 3 1
6416476 6416674 -50 -50 1 1
6416984 6417126 -50 -50 2 1
6417577 6417702 -50 -50 1 1
6427672 6427918 -50 -50 3 1
6430349 6430442 -50 -50 1 1
6431819 6432090 -50 -50 1 1
6432336 6432458 -50 -50 2 1
6435189 6435285 -50 -50 1 1
6448477 6448697 -50 -50 1 1
6450670 6451290 -50 -50 3 1
6451425 6451776 -50 -50 3 1
6452544 6452841 -50 -50 2 1
6453738 6453872 -50 -50 2 1
6454753 6454994 -50 -50 1 1
6456344 6456523 -50 -50 1 1
6458272 6458413 -50 -50 2 1
6459281 6459443 -50 -50 1 1
6460873 6460998 -50 -50 1 1
6462648 6463216 -50 -50 2 1
6467144 6467324 -50 -50 2 1
6469204 6469347 -50 -50 2 1
6471196 6471426 -50 -50 2 1
6474480 6475360 -50 -50 3 1
6476128 6476434 -50 -50 3 1
6476996 6477213 -50 -50 1 1
6478902 6479128 -50 -50 1 1
6480535 6480647 -50 -50 2 1
6481930 6482130 -50 -50 1 1
6483215 6483434 -50 -50 2 1
6483860 6483999 -50 -50 3 1
6484303 6484457 -50 -50 3 1
6490662 6491085 -50 -50 2 1
6493458 6493918 -50 -50 2 1
6496408 6496578 -50 -50 1 1
6498572 6498691 -50 -50 1 1
6502536 6502649 -50 -50 2 1
6502700 6502816 -50 -50 2 1
6503381 6503720 -50 -50 2 1
6512991 6513090 -50 -50 1 1
6520057 6520328 -50 -50 1 1
6525259 6525385 -50 -50 1 1
