551339 551540 -50 -50 2 1
574780 574978 -50 -50 2 1
575600 575850 -50 -50 3 1
576757 576985 -50 -50 3 1
578912 579080 -50 -50 3 1
584829 584956 -50 -50 2 1
587426 587548 -50 -50 2 1
589495 589957 -50 -50 2 1
590420 590580 -50 -50 3 1
591240 591507 -50 -50 3 1
592669 592858 -50 -50 3 1
593547 593680 -50 -50 3 1
594584 594699 -50 -50 1 1
596795 596962 -50 -50 3 1
597811 598212 -50 -50 2 1
599140 599412 -50 -50 3 1
599860 600012 -50 -50 3 1
600100 600220 -50 -50 3 1
601387 601570 -50 -50 3 1
603354 603772 -50 -50 3 1
604590 605102 -50 -50 1 1
605492 605859 -50 -50 1 1
607022 607139 -50 -50 3 1
609213 609569 -50 -50 3 1
610144 610432 -50 -50 3 1
612513 613156 -50 -50 3 1
613601 614080 -50 -50 3 1
614814 615204 -50 -50 1 1
616080 616483 -50 -50 3 1
617074 617403 -50 -50 2 1
619774 620292 -50 -50 3 1
621103 621730 -50 -50 3 1
622147 623068 -50 -50 3 1
623581 623965 -50 -50 3 1
624513 625337 -50 -50 3 1
625963 626302 -50 -50 1 1
627096 627610 -50 -50 3 1
628494 628864 -50 -50 3 1
629305 629478 -50 -50 3 1
629640 629806 -50 -50 3 1
630360 630680 -50 -50 3 1
632313 632407 -50 -50 1 1
633891 634117 -50 -50 2 1
635612 635915 -50 -50 1 1
637021 637309 -50 -50 1 1
637701 637892 -50 -50 1 1
638417 638520 -50 -50 3 1
639840 639940 -50 -50 3 1
640217 640584 -50 -50 3 1
641408 641664 -50 -50 2 1
642132 642410 -50 -50 2 1
642602 642791 -50 -50 3 1
643443 643971 -50 -50 3 1
644538 644820 -50 -50 1 1
646546 646880 -50 -50 2 1
647280 647770 -50 -50 3 1
648226 648722 -50 -50 2 1
650564 650876 -50 -50 1 1
652564 652691 -50 -50 2 1
655389 655500 -50 -50 2 1
657974 658162 -50 -50 3 1
658558 658884 -50 -50 3 1
662176 662395 -50 -50 2 1
662978 663155 -50 -50 2 1
667179 667477 -50 -50 3 1
668003 668253 -50 -50 3 1
668414 668636 -50 -50 2 1
669199 669432 -50 -50 1 1
670272 670743 -50 -50 3 1
672091 672466 -50 -50 2 1
675298 675533 -50 -50 2 1
676256 676569 -50 -50 2 1
684639 684914 -50 -50 1 1
685173 685384 -50 -50 2 1
687978 688323 -50 -50 2 1
688755 688998 -50 -50 2 1
691328 691590 -50 -50 2 1
697813 698258 -50 -50 3 1
703017 703217 -50 -50 1 1
706807 706968 -50 -50 1 1
709267 709507 -50 -50 1 1
713615 713770 -50 -50 2 1
714427 714527 -50 -50 1 1
726557 726780 -50 -50 2 1
730056 730445 -50 -50 2 1
730991 731297 -50 -50 2 1
734665 734841 -50 -50 1 1
741221 741327 -50 -50 1 1
758926 759126 -50 -50 1 1
771587 771885 -50 -50 3 1
777043 777310 -50 -50 3 1
779934 780018 -50 -50 1 1
782386 782616 -50 -50 1 1
785222 785355 -50 -50 2 1
787778 788000 -50 -50 2 1
816174 816323 -50 -50 2 1
845962 846164 -50 -50 2 1
846770 846854 -50 -50 1 1
860907 860996 -50 -50 1 1
874790 874952 -50 -50 1 1
875140 875402 -50 -50 1 1
875895 876012 -50 -50 1 1
876096 876184 -50 -50 1 1
879888 879962 -50 -50 2 1
882554 882647 -50 -50 1 1
888621 888699 -50 -50 1 1
889479 889596 -50 -50 1 1
898313 898386 -50 -50 1 1
899993 900163 -50 -50 2 1
907956 908352 -50 -50 2 1
922259 922411 -50 -50 1 1
952488 952625 -50 -50 2 1
981485 981623 -50 -50 2 1
990315 990420 -50 -50 1 1
1001970 1002048 -50 -50 1 1
1005370 1005605 -50 -50 2 1
1017789 1017897 -50 -50 2 1
1023024 1023092 -50 -50 1 1
1028093 1028229 -50 -50 3 1
1047108 1047290 -50 -50 2 1
1050022 1050126 -50 -50 1 1
1050807 1050935 -50 -50 2 1
1052088 1052241 -50 -50 2 1
1069755 1069890 -50 -50 2 1
1074356 1074652 -50 -50 2 1
1101427 1101594 -50 -50 2 1
1103306 1103417 -50 -50 1 1
1105379 1105463 -50 -50 3 1
1108329 1108435 -50 -50 3 1
1109679 1109826 -50 -50 3 1
1119972 1120085 -50 -50 2 1
1121395 1121654 -50 -50 2 1
1124415 1124577 -50 -50 1 1
1132286 1132626 -50 -50 2 1
1142242 1142378 -50 -50 1 1
1179822 1179896 -50 -50 1 1
1183877 1184165 -50 -50 2 1
1184672 1184890 -50 -50 2 1
1185372 1185488 -50 -50 1 1
1199345 1199467 -50 -50 1 1
1205721 1205857 -50 -50 1 1
1234850 1234954 -50 -50 2 1
1235770 1235948 -50 -50 1 1
1237520 1237620 -50 -50 2 1
1238403 1238603 -50 -50 2 1
1239200 1239300 -50 -50 3 1
1240200 1240400 -50 -50 3 1
1240602 1240806 -50 -50 3 1
1241740 1242076 -50 -50 3 1
1243002 1243698 -50 -50 3 1
1245184 1245357 -50 -50 3 1
1245655 1246786 -50 -50 3 1
1247105 1247968 -50 -50 3 1
1248210 1248566 -50 -50 3 1
1249280 1249560 -50 -50 3 1
1249746 1250358 -50 -50 1 1
1250588 1251179 -50 -50 3 1
1251555 1251844 -50 -50 3 1
1255470 1255755 -50 -50 3 1
1257043 1257627 -50 -50 2 1
1258317 1258818 -50 -50 2 1
1259022 1259172 -50 -50 2 1
1259553 1259887 -50 -50 2 1
1261072 1261351 -50 -50 3 1
1262568 1263133 -50 -50 3 1
1263516 1264039 -50 -50 1 1
1264550 1265276 -50 -50 3 1
1265994 1266161 -50 -50 1 1
1266949 1267183 -50 -50 2 1
1267277 1267395 -50 -50 2 1
1267952 1268186 -50 -50 1 1
1273842 1273960 -50 -50 1 1
1277439 1277623 -50 -50 1 1
1277854 1278148 -50 -50 1 1
1278400 1278924 -50 -50 3 1
1279162 1279390 -50 -50 1 1
1280013 1280325 -50 -50 2 1
1280417 1280662 -50 -50 2 1
1280843 1281195 -50 -50 2 1
1281388 1281661 -50 -50 2 1
1282602 1282933 -50 -50 2 1
1283714 1284050 -50 -50 1 1
1284696 1284836 -50 -50 2 1
1285377 1285429 -50 -50 1 1
1285809 1286001 -50 -50 1 1
1286403 1287154 -50 -50 1 1
1290572 1290783 -50 -50 2 1
1292286 1292497 -50 -50 1 1
1293027 1293368 -50 -50 2 1
1293577 1293727 -50 -50 2 1
1294537 1295117 -50 -50 2 1
1295459 1295748 -50 -50 2 1
1297965 1298054 -50 -50 1 1
1299808 1300016 -50 -50 1 1
1300578 1300770 -50 -50 2 1
1301868 1301962 -50 -50 1 1
1302928 1303095 -50 -50 2 1
1303651 1303735 -50 -50 1 1
1303812 1303937 -50 -50 1 1
1304107 1304373 -50 -50 2 1
1304632 1304904 -50 -50 2 1
1311305 1311664 -50 -50 2 1
1312106 1312362 -50 -50 1 1
1312913 1313130 -50 -50 1 1
1314000 1314409 -50 -50 2 1
1315142 1315642 -50 -50 3 1
1316141 1316369 -50 -50 2 1
1317377 1317694 -50 -50 3 1
1320944 1321367 -50 -50 2 1
1321976 1322068 -50 -50 2 1
1323192 1323401 -50 -50 3 1
1324060 1324793 -50 -50 3 1
1325000 1325241 -50 -50 3 1
1325402 1325489 -50 -50 3 1
1327686 1327790 -50 -50 2 1
1328871 1329079 -50 -50 2 1
1329200 1329451 -50 -50 2 1
1332988 1333248 -50 -50 2 1
1334074 1334308 -50 -50 2 1
1335516 1335688 -50 -50 1 1
1336150 1336384 -50 -50 1 1
1337130 1337261 -50 -50 2 1
1338216 1338608 -50 -50 3 1
1338780 1338948 -50 -50 3 1
1343046 1343213 -50 -50 2 1
1343806 1343901 -50 -50 1 1
1344866 1345216 -50 -50 3 1
1346025 1346107 -50 -50 3 1
1346447 1346531 -50 -50 1 1
1348298 1348541 -50 -50 2 1
1349225 1349575 -50 -50 2 1
1349881 1350597 -50 -50 3 1
1351188 1351387 -50 -50 3 1
1351727 1352031 -50 -50 3 1
1354629 1355102 -50 -50 1 1
1355909 1356110 -50 -50 1 1
1356857 1356969 -50 -50 2 1
1357952 1358108 -50 -50 1 1
1358842 1359160 -50 -50 2 1
1359585 1359825 -50 -50 2 1
1360591 1360840 -50 -50 2 1
1363834 1364174 -50 -50 3 1
1368933 1369078 -50 -50 2 1
1370745 1370818 -50 -50 1 1
1371484 1371788 -50 -50 1 1
1372707 1373002 -50 -50 1 1
1373821 1374122 -50 -50 2 1
1375448 1375624 -50 -50 2 1
1377616 1378000 -50 -50 2 1
1382202 1382347 -50 -50 1 1
1383066 1383166 -50 -50 1 1
1383755 1384052 -50 -50 2 1
1385991 1386096 -50 -50 2 1
1398234 1398375 -50 -50 3 1
1410485 1410652 -50 -50 2 1
1412080 1412325 -50 -50 2 1
1412809 1412937 -50 -50 1 1
1419883 1420034 -50 -50 1 1
1420490 1420596 -50 -50 1 1
1421398 1421526 -50 -50 1 1
1421954 1422132 -50 -50 2 1
1423324 1423436 -50 -50 1 1
1433860 1434194 -50 -50 3 1
1482622 1482893 -50 -50 2 1
1490631 1490931 -50 -50 2 1
1492570 1492806 -50 -50 3 1
1493261 1493678 -50 -50 3 1
1495080 1495308 -50 -50 3 1
1495465 1495764 -50 -50 2 1
1498495 1498891 -50 -50 2 1
1499415 1499956 -50 -50 3 1
1501708 1502353 -50 -50 3 1
1503994 1504184 -50 -50 1 1
1504584 1504697 -50 -50 2 1
1506710 1506873 -50 -50 1 1
1507686 1507814 -50 -50 1 1
1511637 1511773 -50 -50 1 1
1512568 1512757 -50 -50 3 1
1516321 1516434 -50 -50 1 1
1520512 1520961 -50 -50 2 1
1521199 1521455 -50 -50 2 1
1522813 1523141 -50 -50 1 1
1523442 1523915 -50 -50 2 1
1524279 1524768 -50 -50 2 1
1525264 1525732 -50 -50 2 1
1527261 1527510 -50 -50 2 1
1531217 1531418 -50 -50 1 1
1531682 1531835 -50 -50 2 1
1533059 1533360 -50 -50 3 1
1533914 1534107 -50 -50 3 1
1534340 1534976 -50 -50 3 1
1535766 1536058 -50 -50 3 1
1536174 1536644 -50 -50 3 1
1537779 1537941 -50 -50 2 1
1539132 1539449 -50 -50 2 1
1541481 1541726 -50 -50 1 1
1542544 1542700 -50 -50 2 1
1543551 1543935 -50 -50 1 1
1544486 1544603 -50 -50 1 1
1545711 1545883 -50 -50 1 1
1549378 1549699 -50 -50 1 1
1551495 1551740 -50 -50 2 1
1552424 1552725 -50 -50 2 1
1554533 1554701 -50 -50 2 1
1555300 1555520 -50 -50 2 1
1557524 1557793 -50 -50 1 1
1560706 1560939 -50 -50 1 1
1561634 1561820 -50 -50 1 1
1564490 1564773 -50 -50 2 1
1565252 1565392 -50 -50 1 1
1567144 1567625 -50 -50 1 1
1568195 1568321 -50 -50 1 1
1568764 1568959 -50 -50 1 1
1570017 1570149 -50 -50 2 1
1586293 1586671 -50 -50 2 1
1587430 1587801 -50 -50 1 1
1588011 1588186 -50 -50 1 1
1589165 1589679 -50 -50 3 1
1590031 1590420 -50 -50 3 1
1591290 1591763 -50 -50 2 1
1592581 1592926 -50 -50 2 1
1594913 1595180 -50 -50 2 1
1599137 1599327 -50 -50 2 1
1600097 1600595 -50 -50 2 1
1608254 1608638 -50 -50 2 1
1608911 1609360 -50 -50 3 1
1609906 1610409 -50 -50 3 1
1611200 1612126 -50 -50 3 1
1612336 1612633 -50 -50 2 1
1612852 1613202 -50 -50 1 1
1613551 1614012 -50 -50 3 1
1614479 1614814 -50 -50 2 1
1615440 1615893 -50 -50 3 1
1616740 1616980 -50 -50 3 1
1617160 1617460 -50 -50 3 1
1617700 1618540 -50 -50 3 1
1618679 1618894 -50 -50 2 1
1619300 1619904 -50 -50 3 1
1620603 1621004 -50 -50 2 1
1621785 1622180 -50 -50 1 1
1622965 1623232 -50 -50 1 1
1623849 1624005 -50 -50 2 1
1624050 1624418 -50 -50 2 1
1624818 1625044 -50 -50 1 1
1625600 1626500 -50 -50 3 1
1626860 1627058 -50 -50 3 1
1627260 1627883 -50 -50 3 1
1628373 1628590 -50 -50 3 1
1629506 1630024 -50 -50 3 1
1630814 1631169 -50 -50 2 1
1632471 1632750 -50 -50 2 1
1635416 1636006 -50 -50 1 1
1636472 1636818 -50 -50 1 1
1637815 1638087 -50 -50 1 1
1639184 1639674 -50 -50 1 1
1640603 1640792 -50 -50 1 1
1641171 1641432 -50 -50 1 1
1641861 1642100 -50 -50 2 1
1642345 1642701 -50 -50 1 1
1643085 1643397 -50 -50 1 1
1644293 1644620 -50 -50 3 1
1645319 1645570 -50 -50 3 1
1645785 1646344 -50 -50 3 1
1647212 1647622 -50 -50 3 1
1648746 1649180 -50 -50 1 1
1649956 1650288 -50 -50 2 1
1651216 1651566 -50 -50 1 1
1652430 1653009 -50 -50 2 1
1653641 1654182 -50 -50 2 1
1654800 1655428 -50 -50 3 1
1656098 1656588 -50 -50 1 1
1657290 1657573 -50 -50 2 1
1658731 1659104 -50 -50 1 1
1660729 1660952 -50 -50 1 1
1661721 1662197 -50 -50 1 1
1663740 1664045 -50 -50 1 1
1667820 1667959 -50 -50 1 1
1678518 1679019 -50 -50 2 1
1679236 1679418 -50 -50 2 1
1680026 1680519 -50 -50 2 1
1680965 1681635 -50 -50 2 1
1682202 1682598 -50 -50 1 1
1682859 1682976 -50 -50 2 1
1684813 1685147 -50 -50 2 1
1686035 1686258 -50 -50 1 1
1686711 1687050 -50 -50 2 1
1687714 1688043 -50 -50 1 1
1688523 1688637 -50 -50 2 1
1688937 1689171 -50 -50 1 1
1689828 1690117 -50 -50 1 1
1690390 1690891 -50 -50 1 1
1691084 1691225 -50 -50 2 1
1691567 1691706 -50 -50 1 1
1692800 1693028 -50 -50 1 1
1693401 1693902 -50 -50 1 1
1694518 1694806 -50 -50 2 1
1695480 1696120 -50 -50 3 1
1696340 1696536 -50 -50 3 1
1697080 1697653 -50 -50 3 1
1698971 1699467 -50 -50 3 1
1700603 1701053 -50 -50 3 1
1701610 1701962 -50 -50 2 1
1702714 1702964 -50 -50 2 1
1703688 1703979 -50 -50 1 1
1704825 1705058 -50 -50 1 1
1706082 1706473 -50 -50 1 1
1706943 1707332 -50 -50 2 1
1707566 1707800 -50 -50 2 1
1708100 1708209 -50 -50 1 1
1708846 1709414 -50 -50 3 1
1710087 1710255 -50 -50 3 1
1711180 1711400 -50 -50 3 1
1711772 1711929 -50 -50 2 1
1712157 1712635 -50 -50 3 1
1714675 1715010 -50 -50 3 1
1717173 1717451 -50 -50 1 1
1717668 1717891 -50 -50 1 1
1718070 1718420 -50 -50 3 1
1719396 1719864 -50 -50 3 1
1720596 1720830 -50 -50 3 1
1721883 1722409 -50 -50 2 1
1723824 1724136 -50 -50 2 1
1724746 1725153 -50 -50 2 1
1725855 1726122 -50 -50 1 1
1727915 1728171 -50 -50 2 1
1728485 1728685 -50 -50 1 1
1728952 1729069 -50 -50 1 1
1729753 1729875 -50 -50 1 1
1731703 1731858 -50 -50 1 1
1732359 1732880 -50 -50 3 1
1733412 1733717 -50 -50 3 1
1734586 1734985 -50 -50 2 1
1735900 1736200 -50 -50 3 1
1736400 1737153 -50 -50 3 1
1737676 1737889 -50 -50 3 1
1739951 1740073 -50 -50 1 1
1741090 1741378 -50 -50 1 1
1741640 1741918 -50 -50 1 1
1742629 1742941 -50 -50 2 1
1743638 1744122 -50 -50 2 1
1744440 1744640 -50 -50 3 1
1745337 1745767 -50 -50 3 1
1748842 1748941 -50 -50 1 1
1749585 1749713 -50 -50 2 1
1751188 1751327 -50 -50 2 1
1751784 1751979 -50 -50 2 1
1752432 1752627 -50 -50 2 1
1753792 1753892 -50 -50 2 1
1754013 1754236 -50 -50 2 1
1758572 1758655 -50 -50 1 1
1758933 1759290 -50 -50 3 1
1760496 1760873 -50 -50 3 1
1761365 1761641 -50 -50 1 1
1762846 1763258 -50 -50 1 1
1763770 1763976 -50 -50 1 1
1765284 1765646 -50 -50 2 1
1767256 1767476 -50 -50 1 1
1767876 1768213 -50 -50 1 1
1774437 1774625 -50 -50 3 1
1787102 1787325 -50 -50 2 1
1788029 1788444 -50 -50 1 1
1789000 1789378 -50 -50 3 1
1789827 1789968 -50 -50 3 1
1792191 1792313 -50 -50 2 1
1794310 1794504 -50 -50 2 1
1795356 1795501 -50 -50 2 1
1795548 1795793 -50 -50 2 1
1796430 1796721 -50 -50 2 1
1797210 1797477 -50 -50 1 1
1797872 1798456 -50 -50 1 1
1799748 1800115 -50 -50 2 1
1800911 1801084 -50 -50 1 1
1801355 1801550 -50 -50 2 1
1801680 1801900 -50 -50 3 1
1803340 1804064 -50 -50 3 1
1804399 1805016 -50 -50 3 1
1805458 1805748 -50 -50 2 1
1806492 1806796 -50 -50 2 1
1807670 1807966 -50 -50 2 1
1808617 1808980 -50 -50 2 1
1809777 1810061 -50 -50 2 1
1811008 1811397 -50 -50 2 1
1811481 1811636 -50 -50 2 1
1812644 1812911 -50 -50 1 1
1813518 1813847 -50 -50 2 1
1814558 1814798 -50 -50 2 1
1815736 1815914 -50 -50 2 1
1816245 1816557 -50 -50 1 1
1817124 1817325 -50 -50 1 1
1817734 1817967 -50 -50 2 1
1818842 1819179 -50 -50 2 1
1821754 1822286 -50 -50 2 1
1824718 1825191 -50 -50 3 1
1825600 1826153 -50 -50 3 1
1827995 1828131 -50 -50 3 1
1829258 1829742 -50 -50 1 1
1830311 1830685 -50 -50 3 1
1833168 1833324 -50 -50 3 1
1835303 1835480 -50 -50 1 1
1837155 1837320 -50 -50 2 1
1838620 1838748 -50 -50 2 1
1841136 1841319 -50 -50 2 1
1841938 1842141 -50 -50 1 1
1843347 1843539 -50 -50 2 1
1845629 1845802 -50 -50 1 1
1846545 1846882 -50 -50 2 1
1848711 1849045 -50 -50 1 1
1849796 1850041 -50 -50 1 1
1851416 1851683 -50 -50 1 1
1852390 1852601 -50 -50 1 1
1854304 1854705 -50 -50 2 1
1855852 1855985 -50 -50 2 1
1857828 1858039 -50 -50 1 1
1864113 1864264 -50 -50 3 1
1864974 1865124 -50 -50 2 1
1865331 1865457 -50 -50 3 1
1868089 1868211 -50 -50 2 1
1869546 1869696 -50 -50 1 1
1872276 1872499 -50 -50 1 1
1875529 1875692 -50 -50 2 1
1882406 1882518 -50 -50 3 1
1883419 1883837 -50 -50 2 1
1885471 1885780 -50 -50 3 1
1886403 1886547 -50 -50 1 1
1890829 1890982 -50 -50 2 1
1891864 1891999 -50 -50 2 1
1910230 1910425 -50 -50 2 1
1910565 1910742 -50 -50 2 1
1916141 1916325 -50 -50 2 1
1920538 1920700 -50 -50 1 1
1921579 1921774 -50 -50 1 1
1926401 1926513 -50 -50 1 1
1932148 1932271 -50 -50 1 1
1945039 1945189 -50 -50 1 1
1956702 1956830 -50 -50 1 1
1974061 1974235 -50 -50 1 1
1976481 1976681 -50 -50 1 1
1978558 1978769 -50 -50 1 1
1982709 1982999 -50 -50 2 1
1986655 1986978 -50 -50 1 1
1988085 1988430 -50 -50 2 1
2023079 2023328 -50 -50 2 1
2079841 2079957 -50 -50 1 1
2095585 2095728 -50 -50 2 1
2129341 2129536 -50 -50 1 1
2178096 2178234 -50 -50 2 1
2194018 2194189 -50 -50 2 1
2268434 2268688 -50 -50 2 1
2335245 2335468 -50 -50 2 1
2351093 2351329 -50 -50 2 1
2351934 2352068 -50 -50 2 1
2370814 2371074 -50 -50 2 1
2373902 2373994 -50 -50 1 1
2375844 2376017 -50 -50 3 1
2378080 2378600 -50 -50 3 1
2378800 2379735 -50 -50 3 1
2380228 2380512 -50 -50 1 1
2381060 2381653 -50 -50 3 1
2382377 2382455 -50 -50 1 1
2383228 2383390 -50 -50 1 1
2384887 2385032 -50 -50 1 1
2385572 2385894 -50 -50 1 1
2387512 2387657 -50 -50 2 1
2391610 2391755 -50 -50 1 1
2392480 2392824 -50 -50 3 1
2394471 2394744 -50 -50 2 1
2395795 2396146 -50 -50 3 1
2396546 2397278 -50 -50 3 1
2397580 2397747 -50 -50 1 1
2399336 2399586 -50 -50 1 1
2400004 2400160 -50 -50 2 1
2400694 2400833 -50 -50 2 1
2401390 2401612 -50 -50 2 1
2402531 2402792 -50 -50 1 1
2403576 2403887 -50 -50 1 1
2404685 2404863 -50 -50 1 1
2405831 2406087 -50 -50 1 1
2406866 2407195 -50 -50 2 1
2408019 2408297 -50 -50 2 1
2409501 2409603 -50 -50 2 1
2410679 2410802 -50 -50 1 1
2412234 2412477 -50 -50 2 1
2413023 2413193 -50 -50 2 1
2414785 2415074 -50 -50 2 1
2415816 2416102 -50 -50 2 1
2417061 2417406 -50 -50 2 1
2419675 2419808 -50 -50 1 1
2420737 2420998 -50 -50 1 1
2421716 2421817 -50 -50 1 1
2424104 2424427 -50 -50 2 1
2425391 2425714 -50 -50 3 1
2428139 2428323 -50 -50 2 1
2429152 2429447 -50 -50 2 1
2430354 2430616 -50 -50 1 1
2432163 2432430 -50 -50 1 1
2434918 2435291 -50 -50 1 1
2435698 2436093 -50 -50 2 1
2539908 2540181 -50 -50 1 1
2567818 2567979 -50 -50 1 1
2569008 2569230 -50 -50 1 1
2575260 2575455 -50 -50 1 1
2842851 2843054 -50 -50 1 1
2843596 2844138 -50 -50 3 1
2851765 2852001 -50 -50 1 1
2855152 2855420 -50 -50 3 1
2856360 2856555 -50 -50 2 1
2858463 2858783 -50 -50 1 1
2859276 2859688 -50 -50 1 1
2860623 2860874 -50 -50 1 1
2862373 2862484 -50 -50 2 1
2862694 2863173 -50 -50 2 1
2864080 2864408 -50 -50 2 1
2864598 2864753 -50 -50 2 1
2865221 2865560 -50 -50 1 1
2865816 2865983 -50 -50 2 1
2867208 2867321 -50 -50 2 1
2868121 2868282 -50 -50 2 1
2868696 2868780 -50 -50 2 1
2869774 2870280 -50 -50 3 1
2870600 2871624 -50 -50 3 1
2872340 2872670 -50 -50 3 1
2873165 2873846 -50 -50 3 1
2873980 2874508 -50 -50 3 1
2874980 2875518 -50 -50 3 1
2875902 2876136 -50 -50 2 1
2876770 2877366 -50 -50 1 1
2878139 2878618 -50 -50 2 1
2879154 2879967 -50 -50 3 1
2882041 2882275 -50 -50 1 1
2885046 2885392 -50 -50 1 1
2889120 2889472 -50 -50 2 1
2890406 2890824 -50 -50 2 1
3694896 3695063 -50 -50 1 1
3700950 3701133 -50 -50 1 1
3713187 3713289 -50 -50 2 1
3717236 3717469 -50 -50 2 1
3720622 3720727 -50 -50 2 1
3723315 3723561 -50 -50 3 1
4000411 4000565 -50 -50 1 1
4007284 4007406 -50 -50 1 1
4009400 4009900 -50 -50 3 1
4010503 4010698 -50 -50 2 1
4011409 4011582 -50 -50 3 1
4012084 4012419 -50 -50 3 1
4013823 4013980 -50 -50 1 1
4014257 4014383 -50 -50 1 1
4014613 4015005 -50 -50 3 1
4015735 4015974 -50 -50 2 1
4016140 4016519 -50 -50 3 1
4017098 4017684 -50 -50 3 1
4018751 4019023 -50 -50 3 1
4019600 4020340 -50 -50 3 1
4020755 4021028 -50 -50 1 1
4022119 4022358 -50 -50 1 1
4023389 4023696 -50 -50 2 1
4024058 4024470 -50 -50 2 1
4024960 4025462 -50 -50 3 1
4027183 4027445 -50 -50 3 1
4028158 4028520 -50 -50 2 1
4028926 4029265 -50 -50 2 1
4029883 4030223 -50 -50 2 1
4030935 4031330 -50 -50 2 1
4032577 4033017 -50 -50 1 1
4034252 4034481 -50 -50 2 1
4035020 4035349 -50 -50 2 1
4035983 4036662 -50 -50 2 1
4037101 4037655 -50 -50 2 1
4038100 4039217 -50 -50 3 1
4039676 4039980 -50 -50 3 1
4040350 4041629 -50 -50 3 1
4041978 4042390 -50 -50 1 1
4042674 4043091 -50 -50 1 1
4043709 4044037 -50 -50 2 1
4044153 4044532 -50 -50 2 1
4044917 4045284 -50 -50 1 1
4046264 4046586 -50 -50 1 1
4047089 4047391 -50 -50 1 1
4048206 4048535 -50 -50 1 1
4049234 4049498 -50 -50 1 1
4049700 4050034 -50 -50 1 1
4050840 4051034 -50 -50 3 1
4051170 4051358 -50 -50 3 1
4051542 4051996 -50 -50 3 1
4052269 4052483 -50 -50 3 1
4053336 4053592 -50 -50 3 1
4053807 4054079 -50 -50 3 1
4054323 4054468 -50 -50 2 1
4055219 4055633 -50 -50 1 1
4055814 4056271 -50 -50 2 1
4056449 4056733 -50 -50 2 1
4057605 4058253 -50 -50 3 1
4058364 4058827 -50 -50 3 1
4059210 4059850 -50 -50 2 1
4060941 4061453 -50 -50 1 1
4061861 4062035 -50 -50 1 1
4062672 4062967 -50 -50 1 1
4064201 4065026 -50 -50 3 1
4065649 4066173 -50 -50 2 1
4066577 4067105 -50 -50 1 1
4067881 4068499 -50 -50 1 1
4069084 4069885 -50 -50 2 1
4070008 4070164 -50 -50 2 1
4070881 4071226 -50 -50 1 1
4071599 4071961 -50 -50 1 1
4073342 4073954 -50 -50 3 1
4074419 4074968 -50 -50 3 1
4075256 4075429 -50 -50 1 1
4075796 4076041 -50 -50 1 1
4077150 4077511 -50 -50 3 1
4077944 4078212 -50 -50 1 1
4079180 4079458 -50 -50 2 1
4080657 4081202 -50 -50 3 1
4081829 4082096 -50 -50 1 1
4082368 4082970 -50 -50 3 1
4084284 4084835 -50 -50 2 1
4085837 4085976 -50 -50 2 1
4086416 4086677 -50 -50 2 1
4087023 4087407 -50 -50 2 1
4087857 4088319 -50 -50 3 1
4088442 4088592 -50 -50 2 1
4089073 4089767 -50 -50 3 1
4090113 4090698 -50 -50 3 1
4091019 4091776 -50 -50 2 1
4093816 4094057 -50 -50 3 1
4095274 4095468 -50 -50 3 1
4096457 4097522 -50 -50 3 1
4097762 4098600 -50 -50 3 1
4098976 4099396 -50 -50 1 1
4100565 4101093 -50 -50 2 1
4102505 4102613 -50 -50 2 1
4103153 4103516 -50 -50 1 1
4103860 4104999 -50 -50 3 1
4105740 4106345 -50 -50 1 1
4107787 4108198 -50 -50 1 1
4109156 4109538 -50 -50 1 1
4110776 4111376 -50 -50 2 1
4111620 4111906 -50 -50 1 1
4113015 4113293 -50 -50 1 1
4114816 4115093 -50 -50 1 1
4115380 4115709 -50 -50 1 1
4115832 4115983 -50 -50 2 1
4116950 4117440 -50 -50 2 1
4118052 4118731 -50 -50 2 1
4119053 4119159 -50 -50 2 1
4119324 4119418 -50 -50 2 1
4119509 4119639 -50 -50 2 1
4120284 4120674 -50 -50 1 1
4120957 4121619 -50 -50 3 1
4122262 4122729 -50 -50 1 1
4123119 4123385 -50 -50 2 1
4124448 4124695 -50 -50 2 1
4124895 4125046 -50 -50 2 1
4125510 4126973 -50 -50 3 1
4127420 4127865 -50 -50 3 1
4128733 4129078 -50 -50 2 1
4129569 4130400 -50 -50 3 1
4130809 4131260 -50 -50 1 1
4132158 4132454 -50 -50 1 1
4133430 4133859 -50 -50 1 1
4134054 4134354 -50 -50 1 1
4134940 4135294 -50 -50 3 1
4136475 4137004 -50 -50 2 1
4137583 4138286 -50 -50 3 1
4138516 4138691 -50 -50 2 1
4139341 4139636 -50 -50 1 1
4139761 4139865 -50 -50 2 1
4139909 4140020 -50 -50 2 1
4140783 4141167 -50 -50 1 1
4141974 4142247 -50 -50 1 1
4142492 4142803 -50 -50 1 1
4143069 4143192 -50 -50 1 1
4143474 4143668 -50 -50 2 1
4143928 4144284 -50 -50 1 1
4145102 4145620 -50 -50 2 1
4145733 4145912 -50 -50 2 1
4146455 4147050 -50 -50 2 1
4148036 4148360 -50 -50 3 1
4148698 4149188 -50 -50 1 1
4149622 4149822 -50 -50 1 1
4150084 4150267 -50 -50 1 1
4150380 4151500 -50 -50 3 1
4152140 4152480 -50 -50 3 1
4153293 4154100 -50 -50 3 1
4154314 4154520 -50 -50 1 1
4155199 4155644 -50 -50 1 1
4156707 4156968 -50 -50 2 1
4157470 4157614 -50 -50 1 1
4158477 4158716 -50 -50 1 1
4158950 4159334 -50 -50 2 1
4159996 4160375 -50 -50 1 1
4162763 4163058 -50 -50 2 1
4163781 4164059 -50 -50 2 1
4164500 4165000 -50 -50 3 1
4165716 4166124 -50 -50 3 1
4166286 4166464 -50 -50 2 1
4166887 4167221 -50 -50 1 1
4167688 4168067 -50 -50 1 1
4168490 4168668 -50 -50 1 1
4168925 4169036 -50 -50 1 1
4169364 4169547 -50 -50 1 1
4174050 4174250 -50 -50 3 1
4174440 4174550 -50 -50 3 1
4174800 4175350 -50 -50 3 1
4175842 4176254 -50 -50 2 1
4176844 4177022 -50 -50 1 1
4177440 4177960 -50 -50 3 1
4178672 4179165 -50 -50 1 1
4180178 4180557 -50 -50 1 1
4181314 4181928 -50 -50 3 1
4182327 4182560 -50 -50 1 1
4182802 4183046 -50 -50 2 1
4183479 4184035 -50 -50 1 1
4184865 4185343 -50 -50 3 1
4187492 4187865 -50 -50 2 1
4188304 4188566 -50 -50 1 1
4190419 4190837 -50 -50 1 1
4192384 4192662 -50 -50 1 1
4193330 4193442 -50 -50 1 1
4193764 4194009 -50 -50 1 1
4194488 4194661 -50 -50 1 1
4195362 4195724 -50 -50 1 1
4196547 4196854 -50 -50 1 1
4197363 4197632 -50 -50 1 1
4198139 4198345 -50 -50 1 1
4199013 4199152 -50 -50 1 1
4199560 4199665 -50 -50 2 1
4200111 4200240 -50 -50 2 1
4200577 4200744 -50 -50 2 1
4201902 4202202 -50 -50 2 1
4203050 4203500 -50 -50 3 1
4203980 4204350 -50 -50 3 1
4205461 4205873 -50 -50 2 1
4206866 4207034 -50 -50 2 1
4208477 4208909 -50 -50 2 1
4209352 4209749 -50 -50 3 1
4210580 4211100 -50 -50 3 1
4211988 4212152 -50 -50 1 1
4212961 4213286 -50 -50 1 1
4214387 4215003 -50 -50 1 1
4215588 4215889 -50 -50 2 1
4222328 4222818 -50 -50 1 1
4224026 4224160 -50 -50 2 1
4225122 4225256 -50 -50 2 1
4226520 4226980 -50 -50 3 1
4227620 4228204 -50 -50 3 1
4228523 4228740 -50 -50 1 1
4230333 4230579 -50 -50 3 1
4231683 4232049 -50 -50 3 1
4232560 4232840 -50 -50 3 1
4233260 4233505 -50 -50 2 1
4233944 4234128 -50 -50 2 1
4236321 4236554 -50 -50 2 1
4237690 4237907 -50 -50 1 1
4238990 4239156 -50 -50 2 1
4240680 4241200 -50 -50 3 1
4242080 4242420 -50 -50 3 1
4243150 4244500 -50 -50 3 1
4244650 4245200 -50 -50 3 1
4245350 4245920 -50 -50 3 1
4246145 4246317 -50 -50 1 1
4246520 4247180 -50 -50 3 1
4247358 4248080 -50 -50 3 1
4248226 4248733 -50 -50 2 1
4248843 4249131 -50 -50 3 1
4249450 4249820 -50 -50 3 1
4250336 4250636 -50 -50 1 1
4251702 4251834 -50 -50 1 1
4252356 4252824 -50 -50 1 1
4253531 4253787 -50 -50 1 1
4254861 4255340 -50 -50 1 1
4255731 4256004 -50 -50 2 1
4256241 4256414 -50 -50 2 1
4256982 4257182 -50 -50 1 1
4259124 4259458 -50 -50 1 1
4262269 4262533 -50 -50 2 1
4262954 4263155 -50 -50 2 1
4263399 4263800 -50 -50 1 1
4266860 4267520 -50 -50 3 1
4269928 4270262 -50 -50 2 1
4270780 4271150 -50 -50 3 1
4271297 4271609 -50 -50 3 1
4272100 4272740 -50 -50 3 1
4273500 4273840 -50 -50 3 1
4275014 4275249 -50 -50 2 1
4275950 4276406 -50 -50 2 1
4276996 4277731 -50 -50 2 1
4278180 4278600 -50 -50 3 1
4279641 4280087 -50 -50 2 1
4280149 4280259 -50 -50 2 1
4281093 4281594 -50 -50 2 1
4283242 4283459 -50 -50 2 1
4285507 4285657 -50 -50 2 1
4286045 4286299 -50 -50 1 1
4287401 4287897 -50 -50 1 1
4288785 4289141 -50 -50 1 1
4289680 4290180 -50 -50 3 1
4290791 4290976 -50 -50 1 1
4291788 4292045 -50 -50 2 1
4293076 4293694 -50 -50 2 1
4294224 4294363 -50 -50 2 1
4295462 4296435 -50 -50 3 1
4296800 4297150 -50 -50 3 1
4298198 4298412 -50 -50 2 1
4299259 4299578 -50 -50 1 1
4300679 4300896 -50 -50 2 1
4301603 4301792 -50 -50 1 1
4302388 4302600 -50 -50 1 1
4303453 4303789 -50 -50 1 1
4304730 4304909 -50 -50 2 1
4305898 4306331 -50 -50 1 1
4307108 4307470 -50 -50 1 1
4308371 4308744 -50 -50 2 1
4309534 4309774 -50 -50 1 1
4310648 4311260 -50 -50 3 1
4311460 4311660 -50 -50 3 1
4312119 4312263 -50 -50 1 1
4312657 4312829 -50 -50 2 1
4312892 4312997 -50 -50 2 1
4313570 4314004 -50 -50 1 1
4314794 4315162 -50 -50 1 1
4315785 4316119 -50 -50 1 1
4316839 4317101 -50 -50 3 1
4317140 4317400 -50 -50 3 1
4317800 4318750 -50 -50 3 1
4318846 4318991 -50 -50 1 1
4319280 4319800 -50 -50 3 1
4320254 4320516 -50 -50 1 1
4321436 4321547 -50 -50 2 1
4321646 4321907 -50 -50 2 1
4322998 4323232 -50 -50 2 1
4324206 4324345 -50 -50 1 1
4325174 4325291 -50 -50 1 1
4326214 4326340 -50 -50 2 1
4327384 4327518 -50 -50 2 1
4327652 4327758 -50 -50 2 1
4328430 4328731 -50 -50 1 1
4329494 4329811 -50 -50 2 1
4330178 4330362 -50 -50 1 1
4331341 4331492 -50 -50 1 1
4333540 4333935 -50 -50 1 1
4334598 4335020 -50 -50 2 1
4335608 4335854 -50 -50 2 1
4336445 4336657 -50 -50 1 1
4337066 4337476 -50 -50 2 1
4337883 4338327 -50 -50 2 1
4341371 4341850 -50 -50 1 1
4343909 4344059 -50 -50 1 1
4345761 4346033 -50 -50 3 1
4346753 4347051 -50 -50 1 1
4348034 4348284 -50 -50 2 1
4348942 4349475 -50 -50 3 1
4350038 4350415 -50 -50 1 1
4354837 4355308 -50 -50 3 1
4356759 4357033 -50 -50 1 1
4359074 4359211 -50 -50 3 1
4360273 4360546 -50 -50 2 1
4362276 4362544 -50 -50 2 1
4363256 4363490 -50 -50 1 1
4364013 4364258 -50 -50 1 1
4364902 4365184 -50 -50 3 1
4365960 4366320 -50 -50 3 1
4367339 4367695 -50 -50 3 1
4368199 4368321 -50 -50 1 1
4369863 4369974 -50 -50 2 1
4370855 4371281 -50 -50 2 1
4372122 4372534 -50 -50 1 1
4373364 4373636 -50 -50 1 1
4374285 4374453 -50 -50 2 1
4374627 4374833 -50 -50 1 1
4376046 4376208 -50 -50 1 1
4378034 4378312 -50 -50 2 1
4378924 4379130 -50 -50 2 1
4380805 4381217 -50 -50 1 1
4381336 4381447 -50 -50 1 1
4384885 4385069 -50 -50 1 1
4385409 4385520 -50 -50 1 1
4386549 4386833 -50 -50 1 1
4387758 4387836 -50 -50 1 1
4387985 4388180 -50 -50 1 1
4388809 4388931 -50 -50 1 1
4391302 4391458 -50 -50 1 1
4392970 4393203 -50 -50 2 1
4394213 4394291 -50 -50 1 1
4395084 4395621 -50 -50 3 1
4396328 4396623 -50 -50 1 1
4398980 4399240 -50 -50 3 1
4400031 4400136 -50 -50 2 1
4400553 4400987 -50 -50 2 1
4402440 4402694 -50 -50 2 1
4403781 4403970 -50 -50 1 1
4404774 4404880 -50 -50 2 1
4407215 4407455 -50 -50 1 1
4407627 4407722 -50 -50 1 1
4408557 4408729 -50 -50 1 1
4409987 4410137 -50 -50 1 1
4411057 4411253 -50 -50 1 1
4412759 4413076 -50 -50 1 1
4413928 4414367 -50 -50 1 1
4415096 4415280 -50 -50 1 1
4416677 4416972 -50 -50 2 1
4418781 4419065 -50 -50 1 1
4419828 4420011 -50 -50 1 1
4420674 4420868 -50 -50 2 1
4421286 4421458 -50 -50 2 1
4423686 4423830 -50 -50 1 1
4424742 4424909 -50 -50 2 1
4425599 4425744 -50 -50 2 1
4426351 4426691 -50 -50 3 1
4429395 4429557 -50 -50 1 1
4433720 4433950 -50 -50 3 1
4434892 4435105 -50 -50 1 1
4435765 4435954 -50 -50 1 1
4436681 4436876 -50 -50 1 1
4439526 4439709 -50 -50 1 1
4440304 4440515 -50 -50 1 1
4441476 4441715 -50 -50 1 1
4442498 4442737 -50 -50 1 1
4449037 4449276 -50 -50 1 1
4449889 4450008 -50 -50 2 1
4453365 4453537 -50 -50 2 1
4454337 4454459 -50 -50 1 1
4454870 4455065 -50 -50 1 1
4455285 4455418 -50 -50 1 1
4457140 4457420 -50 -50 3 1
4463759 4464037 -50 -50 2 1
4470493 4470620 -50 -50 1 1
4473403 4473532 -50 -50 2 1
4476359 4476609 -50 -50 1 1
4477382 4477620 -50 -50 2 1
4479660 4480260 -50 -50 3 1
4480675 4480778 -50 -50 1 1
4482926 4483148 -50 -50 1 1
4483850 4484100 -50 -50 2 1
4484896 4485048 -50 -50 1 1
4487070 4487308 -50 -50 2 1
4489008 4489447 -50 -50 3 1
4490309 4490582 -50 -50 2 1
4491273 4491561 -50 -50 3 1
4492041 4492314 -50 -50 2 1
4494770 4495026 -50 -50 1 1
4498970 4499315 -50 -50 1 1
4500898 4501098 -50 -50 1 1
4502770 4502943 -50 -50 1 1
4505682 4505959 -50 -50 1 1
4507800 4508000 -50 -50 3 1
4510504 4510670 -50 -50 2 1
4512102 4512345 -50 -50 2 1
4517804 4518037 -50 -50 2 1
4525640 4525740 -50 -50 3 1
4526698 4526909 -50 -50 3 1
4531433 4531610 -50 -50 1 1
4533054 4533354 -50 -50 2 1
4534680 4534800 -50 -50 3 1
4535360 4535507 -50 -50 1 1
4536737 4537137 -50 -50 2 1
4537387 4537570 -50 -50 1 1
4537976 4538163 -50 -50 1 1
4538920 4539176 -50 -50 1 1
4539615 4539898 -50 -50 1 1
4541576 4541690 -50 -50 2 1
4546987 4547448 -50 -50 1 1
4548127 4548528 -50 -50 2 1
4550893 4551020 -50 -50 1 1
4553087 4553204 -50 -50 1 1
4556307 4556623 -50 -50 2 1
4557798 4558054 -50 -50 1 1
4560309 4560448 -50 -50 1 1
4560876 4561037 -50 -50 1 1
4561562 4561725 -50 -50 1 1
4562546 4562750 -50 -50 1 1
4564482 4564615 -50 -50 1 1
4564759 4564876 -50 -50 1 1
4568876 4569043 -50 -50 1 1
4572615 4572820 -50 -50 2 1
4575165 4575459 -50 -50 2 1
4576132 4576448 -50 -50 2 1
4577878 4578105 -50 -50 3 1
4580932 4581114 -50 -50 2 1
4584380 4584500 -50 -50 3 1
4585560 4585700 -50 -50 3 1
4588532 4588704 -50 -50 2 1
4590048 4590309 -50 -50 1 1
4593096 4593229 -50 -50 3 1
4594040 4594340 -50 -50 3 1
4596377 4596700 -50 -50 2 1
4597820 4597976 -50 -50 2 1
4599309 4599415 -50 -50 1 1
4599766 4600033 -50 -50 2 1
4600790 4600999 -50 -50 2 1
4601237 4601470 -50 -50 1 1
4602987 4603132 -50 -50 1 1
4603491 4603614 -50 -50 1 1
4604226 4604370 -50 -50 2 1
4605098 4605215 -50 -50 1 1
4605349 4605663 -50 -50 1 1
4606022 4606245 -50 -50 2 1
4606893 4607143 -50 -50 2 1
4607678 4607756 -50 -50 1 1
4608483 4608601 -50 -50 2 1
4608655 4608826 -50 -50 2 1
4611509 4611643 -50 -50 1 1
4613560 4613780 -50 -50 3 1
4616304 4616620 -50 -50 3 1
4618665 4618954 -50 -50 2 1
4620150 4620405 -50 -50 2 1
4622215 4622363 -50 -50 1 1
4622927 4623056 -50 -50 1 1
4623351 4623490 -50 -50 1 1
4624159 4624293 -50 -50 2 1
4624576 4624769 -50 -50 1 1
4625648 4625970 -50 -50 1 1
4627074 4627219 -50 -50 1 1
4629187 4629415 -50 -50 1 1
4629726 4629870 -50 -50 1 1
4630967 4631050 -50 -50 1 1
4632993 4633082 -50 -50 1 1
4654401 4654560 -50 -50 2 1
4654946 4655444 -50 -50 1 1
4655897 4656277 -50 -50 1 1
4657287 4657465 -50 -50 1 1
4658137 4658337 -50 -50 1 1
4658690 4658893 -50 -50 1 1
4659932 4660348 -50 -50 1 1
4661982 4662393 -50 -50 1 1
4664820 4665009 -50 -50 1 1
4666143 4666318 -50 -50 1 1
4666959 4667359 -50 -50 2 1
4668070 4668337 -50 -50 2 1
4668340 4668507 -50 -50 2 1
4668854 4669148 -50 -50 2 1
4669464 4669981 -50 -50 2 1
4670326 4670770 -50 -50 1 1
4671454 4672004 -50 -50 1 1
4672765 4673182 -50 -50 1 1
4673429 4673626 -50 -50 2 1
4673870 4674159 -50 -50 2 1
4674298 4674432 -50 -50 2 1
4675132 4675293 -50 -50 1 1
4676215 4676491 -50 -50 2 1
4677232 4677559 -50 -50 2 1
4678115 4678393 -50 -50 1 1
4678559 4678809 -50 -50 1 1
4679037 4679370 -50 -50 2 1
4679873 4680231 -50 -50 2 1
4680295 4680414 -50 -50 2 1
4681143 4681609 -50 -50 1 1
4682082 4682337 -50 -50 1 1
4682612 4682754 -50 -50 2 1
4682890 4683007 -50 -50 1 1
4685087 4685370 -50 -50 2 1
4686088 4686294 -50 -50 2 1
4686830 4687290 -50 -50 3 1
4687787 4688104 -50 -50 2 1
4688515 4688909 -50 -50 2 1
4689393 4689559 -50 -50 2 1
4690509 4690832 -50 -50 1 1
4691272 4691356 -50 -50 1 1
4691837 4691926 -50 -50 2 1
4693132 4693354 -50 -50 1 1
4693931 4694070 -50 -50 1 1
4694387 4694587 -50 -50 1 1
4695854 4696243 -50 -50 2 1
4697054 4697459 -50 -50 2 1
4698420 4698976 -50 -50 1 1
4700254 4700397 -50 -50 2 1
4702370 4702520 -50 -50 1 1
5149856 5149944 -50 -50 1 1
5152597 5152725 -50 -50 1 1
5161087 5161270 -50 -50 1 1
5161698 5161915 -50 -50 1 1
5164126 5164393 -50 -50 1 1
5164900 5165040 -50 -50 3 1
5166540 5166860 -50 -50 3 1
5166940 5167447 -50 -50 3 1
5168170 5168275 -50 -50 2 1
5194180 5194700 -50 -50 3 1
5194960 5195280 -50 -50 3 1
5195624 5196524 -50 -50 3 1
5196980 5197120 -50 -50 3 1
5197815 5198309 -50 -50 2 1
5198876 5199561 -50 -50 3 1
5199940 5200320 -50 -50 3 1
5201340 5201850 -50 -50 3 1
5201989 5202735 -50 -50 3 1
5203220 5203580 -50 -50 3 1
5203970 5204387 -50 -50 2 1
5205080 5205800 -50 -50 3 1
5206306 5206892 -50 -50 3 1
5207155 5207258 -50 -50 1 1
5207476 5207874 -50 -50 3 1
5207965 5208370 -50 -50 1 1
5209190 5209642 -50 -50 2 1
5210448 5210731 -50 -50 2 1
5210794 5210919 -50 -50 2 1
5211520 5211982 -50 -50 1 1
5212873 5213182 -50 -50 1 1
5214687 5214845 -50 -50 1 1
5215098 5215532 -50 -50 1 1
5216856 5217106 -50 -50 1 1
5218330 5218731 -50 -50 1 1
5219509 5219659 -50 -50 2 1
5219904 5220043 -50 -50 2 1
5220315 5220843 -50 -50 2 1
5221698 5222037 -50 -50 1 1
5222808 5223268 -50 -50 3 1
5223765 5224591 -50 -50 3 1
5225400 5225960 -50 -50 3 1
5227016 5227345 -50 -50 3 1
5227500 5227800 -50 -50 3 1
5228362 5228690 -50 -50 3 1
5229540 5230254 -50 -50 3 1
5230753 5231429 -50 -50 3 1
5232034 5232502 -50 -50 3 1
5233090 5233489 -50 -50 2 1
5233725 5234151 -50 -50 2 1
5234821 5235188 -50 -50 1 1
5235860 5236360 -50 -50 3 1
5236560 5236840 -50 -50 3 1
5237267 5237801 -50 -50 3 1
5238643 5238887 -50 -50 2 1
5239882 5239983 -50 -50 1 1
5240565 5240987 -50 -50 2 1
5241047 5241151 -50 -50 2 1
5241509 5241943 -50 -50 1 1
5242720 5243043 -50 -50 2 1
5243553 5243714 -50 -50 2 1
5244059 5244309 -50 -50 1 1
5244435 5244559 -50 -50 2 1
5244657 5244813 -50 -50 2 1
5244980 5245100 -50 -50 3 1
5246860 5246960 -50 -50 3 1
5248243 5248543 -50 -50 1 1
5249315 5249543 -50 -50 1 1
5250359 5250582 -50 -50 2 1
5251932 5252298 -50 -50 2 1
5252314 5252420 -50 -50 2 1
5253479 5253663 -50 -50 2 1
5254480 5254860 -50 -50 3 1
5255795 5256292 -50 -50 2 1
5256700 5257220 -50 -50 3 1
5257648 5258076 -50 -50 2 1
5258612 5258901 -50 -50 3 1
5259170 5259548 -50 -50 1 1
5261533 5261857 -50 -50 1 1
5263254 5263493 -50 -50 1 1
5264540 5264617 -50 -50 1 1
5265259 5265434 -50 -50 1 1
5265598 5266004 -50 -50 1 1
5266321 5266485 -50 -50 1 1
5267238 5267715 -50 -50 1 1
5268037 5268215 -50 -50 1 1
5268415 5268615 -50 -50 1 1
5269308 5269436 -50 -50 2 1
5269720 5269837 -50 -50 2 1
5270020 5270476 -50 -50 1 1
5270670 5270959 -50 -50 1 1
5271552 5271948 -50 -50 1 1
5272610 5272725 -50 -50 2 1
5272788 5273171 -50 -50 2 1
5273620 5274209 -50 -50 1 1
5274698 5275193 -50 -50 1 1
5275893 5276393 -50 -50 2 1
5278602 5278726 -50 -50 1 1
5279140 5279256 -50 -50 1 1
5280909 5281165 -50 -50 2 1
5281970 5282470 -50 -50 1 1
5284050 5284453 -50 -50 3 1
5285220 5285800 -50 -50 3 1
5286380 5286780 -50 -50 3 1
5287370 5287893 -50 -50 2 1
5288439 5288551 -50 -50 1 1
5289170 5289254 -50 -50 2 1
5289980 5290500 -50 -50 3 1
5290982 5291287 -50 -50 2 1
5291820 5292409 -50 -50 2 1
5292940 5293620 -50 -50 3 1
5293976 5294387 -50 -50 2 1
5294600 5294740 -50 -50 3 1
5295231 5295665 -50 -50 3 1
5296850 5297153 -50 -50 3 1
5297910 5298215 -50 -50 1 1
5298949 5299343 -50 -50 1 1
5299985 5300205 -50 -50 2 1
5301132 5301554 -50 -50 1 1
5302713 5302819 -50 -50 2 1
5303437 5303595 -50 -50 2 1
5304493 5304775 -50 -50 3 1
5305755 5305861 -50 -50 2 1
5306228 5306417 -50 -50 3 1
5307415 5307865 -50 -50 1 1
5308630 5308870 -50 -50 1 1
5309393 5309632 -50 -50 1 1
5309937 5310198 -50 -50 1 1
5311048 5311254 -50 -50 1 1
5311426 5311593 -50 -50 1 1
5312432 5312726 -50 -50 1 1
5313682 5314032 -50 -50 1 1
5314315 5314782 -50 -50 1 1
5315482 5315970 -50 -50 1 1
5316575 5316822 -50 -50 2 1
5317644 5317947 -50 -50 1 1
5318699 5318959 -50 -50 1 1
5319267 5319520 -50 -50 2 1
5320398 5320686 -50 -50 1 1
5321320 5322060 -50 -50 3 1
5322228 5322611 -50 -50 1 1
5323551 5323820 -50 -50 3 1
5324409 5324839 -50 -50 1 1
5327065 5327198 -50 -50 2 1
5327637 5328043 -50 -50 1 1
5328741 5328863 -50 -50 1 1
5330314 5330426 -50 -50 1 1
5331200 5331320 -50 -50 3 1
5333045 5333221 -50 -50 2 1
5334676 5334982 -50 -50 1 1
5335618 5335969 -50 -50 2 1
5336489 5337117 -50 -50 1 1
5337782 5338215 -50 -50 1 1
5338898 5339226 -50 -50 1 1
5339632 5340104 -50 -50 1 1
5340620 5341159 -50 -50 2 1
5342270 5342448 -50 -50 1 1
5342615 5342976 -50 -50 1 1
5344342 5344811 -50 -50 1 1
5345376 5345732 -50 -50 1 1
5346474 5346629 -50 -50 1 1
5347094 5347545 -50 -50 2 1
5348286 5348805 -50 -50 2 1
5349285 5349468 -50 -50 2 1
5350374 5350758 -50 -50 3 1
5351476 5351743 -50 -50 1 1
5353197 5353286 -50 -50 1 1
5354680 5355340 -50 -50 3 1
5356000 5356740 -50 -50 3 1
5357200 5357900 -50 -50 3 1
5358160 5358480 -50 -50 3 1
5359099 5359368 -50 -50 1 1
5361038 5361439 -50 -50 3 1
5362200 5362720 -50 -50 3 1
5363177 5363517 -50 -50 3 1
5365980 5366700 -50 -50 3 1
5366820 5367020 -50 -50 3 1
5368080 5368660 -50 -50 3 1
5368978 5369313 -50 -50 3 1
5369709 5369993 -50 -50 2 1
5371376 5371493 -50 -50 2 1
5372609 5372793 -50 -50 2 1
5374302 5374523 -50 -50 2 1
5375420 5375770 -50 -50 1 1
5376765 5377259 -50 -50 1 1
5377718 5377846 -50 -50 1 1
5378262 5378435 -50 -50 2 1
5379255 5379584 -50 -50 3 1
5380800 5381140 -50 -50 3 1
5382104 5382219 -50 -50 1 1
5382770 5383304 -50 -50 1 1
5383860 5384340 -50 -50 3 1
5384909 5385259 -50 -50 1 1
5386087 5386409 -50 -50 1 1
5387043 5387337 -50 -50 1 1
5387920 5388295 -50 -50 1 1
5389161 5389330 -50 -50 1 1
5390143 5390504 -50 -50 1 1
5390975 5391292 -50 -50 1 1
5392351 5392631 -50 -50 1 1
5393412 5393709 -50 -50 1 1
5394293 5394965 -50 -50 1 1
5395770 5396159 -50 -50 2 1
5396929 5397440 -50 -50 2 1
5398413 5398552 -50 -50 2 1
5398760 5398958 -50 -50 2 1
5399682 5399965 -50 -50 1 1
5400737 5400865 -50 -50 1 1
5401715 5402015 -50 -50 1 1
5402915 5403226 -50 -50 2 1
5403764 5403869 -50 -50 2 1
5405370 5405587 -50 -50 2 1
5406320 5406593 -50 -50 1 1
5408449 5408603 -50 -50 1 1
5409548 5410015 -50 -50 2 1
5410709 5410998 -50 -50 2 1
5412476 5412787 -50 -50 1 1
5417442 5417585 -50 -50 1 1
5418184 5418296 -50 -50 1 1
5419215 5419387 -50 -50 1 1
5420326 5420798 -50 -50 1 1
5421398 5421676 -50 -50 1 1
5422693 5422950 -50 -50 3 1
5423404 5423837 -50 -50 1 1
5424548 5424982 -50 -50 2 1
5425770 5426115 -50 -50 1 1
5426586 5426724 -50 -50 2 1
5429059 5429216 -50 -50 3 1
5429525 5429854 -50 -50 3 1
5430393 5430890 -50 -50 3 1
5431902 5432228 -50 -50 2 1
5433241 5433393 -50 -50 1 1
5434139 5434476 -50 -50 1 1
5436040 5436400 -50 -50 3 1
5437320 5437800 -50 -50 3 1
5438500 5438960 -50 -50 3 1
5442692 5443063 -50 -50 1 1
5443868 5444093 -50 -50 1 1
5445362 5445479 -50 -50 1 1
5446360 5446660 -50 -50 3 1
5448487 5448770 -50 -50 1 1
5448880 5449200 -50 -50 3 1
5449560 5450040 -50 -50 3 1
5450560 5450760 -50 -50 3 1
5451607 5451987 -50 -50 2 1
5452396 5452579 -50 -50 2 1
5453319 5453424 -50 -50 2 1
5454137 5454565 -50 -50 2 1
5455115 5455487 -50 -50 2 1
5456465 5456798 -50 -50 2 1
5458636 5458780 -50 -50 2 1
5459456 5459620 -50 -50 1 1
5460400 5460840 -50 -50 3 1
5461340 5461880 -50 -50 3 1
5462564 5462692 -50 -50 2 1
5463640 5463920 -50 -50 3 1
5464493 5464840 -50 -50 3 1
5465538 5465988 -50 -50 3 1
5466620 5467082 -50 -50 2 1
5467909 5468115 -50 -50 1 1
5468526 5468965 -50 -50 1 1
5469687 5469926 -50 -50 1 1
5471246 5471510 -50 -50 1 1
5473474 5473672 -50 -50 1 1
5474263 5474653 -50 -50 1 1
5475825 5476365 -50 -50 1 1
5478068 5478367 -50 -50 2 1
5479098 5479343 -50 -50 2 1
5481063 5481468 -50 -50 2 1
5482148 5482770 -50 -50 2 1
5484576 5485043 -50 -50 1 1
5485675 5486243 -50 -50 1 1
5486760 5487140 -50 -50 3 1
5487774 5488035 -50 -50 3 1
5488080 5488340 -50 -50 3 1
5488987 5489354 -50 -50 2 1
5489914 5490097 -50 -50 2 1
5490453 5490834 -50 -50 2 1
5491459 5491843 -50 -50 2 1
5492367 5492569 -50 -50 2 1
5493509 5493904 -50 -50 1 1
5494643 5494920 -50 -50 1 1
5496043 5496193 -50 -50 1 1
5497237 5497743 -50 -50 2 1
5498888 5498999 -50 -50 1 1
5500028 5500472 -50 -50 1 1
5503165 5503515 -50 -50 1 1
5504301 5504770 -50 -50 1 1
5507970 5508248 -50 -50 1 1
5508952 5509209 -50 -50 1 1
5510893 5511304 -50 -50 1 1
5512565 5512843 -50 -50 1 1
5514423 5514803 -50 -50 1 1
5515242 5515388 -50 -50 1 1
5515782 5515993 -50 -50 1 1
5516376 5516820 -50 -50 1 1
5518391 5518678 -50 -50 2 1
5519013 5519340 -50 -50 2 1
5520323 5520623 -50 -50 1 1
5520974 5521202 -50 -50 2 1
5521720 5522393 -50 -50 1 1
5523111 5523379 -50 -50 1 1
5524150 5524334 -50 -50 2 1
5524386 5524570 -50 -50 2 1
5525315 5525548 -50 -50 2 1
5526011 5526167 -50 -50 1 1
5528484 5528610 -50 -50 1 1
5529118 5529201 -50 -50 1 1
5530300 5530580 -50 -50 3 1
5531798 5531954 -50 -50 1 1
5532642 5533081 -50 -50 3 1
5533300 5533720 -50 -50 3 1
5534559 5535026 -50 -50 1 1
5535715 5536048 -50 -50 2 1
5537916 5538148 -50 -50 2 1
5539302 5539464 -50 -50 1 1
5539904 5540032 -50 -50 1 1
5540645 5540868 -50 -50 2 1
5540893 5541254 -50 -50 2 1
5542169 5542308 -50 -50 2 1
5543191 5543301 -50 -50 2 1
5544826 5545037 -50 -50 2 1
5545420 5545587 -50 -50 2 1
5546154 5546482 -50 -50 2 1
5548682 5548954 -50 -50 1 1
5549683 5550079 -50 -50 1 1
5550766 5551020 -50 -50 1 1
5553837 5554159 -50 -50 1 1
5556625 5556778 -50 -50 2 1
5557754 5558237 -50 -50 1 1
5558834 5559025 -50 -50 1 1
5560937 5561115 -50 -50 2 1
5561739 5562286 -50 -50 3 1
5563532 5563739 -50 -50 1 1
5565335 5565591 -50 -50 2 1
5569111 5569301 -50 -50 1 1
5569492 5569746 -50 -50 2 1
5570480 5571140 -50 -50 3 1
5571841 5572008 -50 -50 3 1
5572080 5572400 -50 -50 3 1
5572860 5573060 -50 -50 3 1
5573887 5574182 -50 -50 1 1
5574604 5574804 -50 -50 2 1
5575397 5575820 -50 -50 2 1
5575910 5576011 -50 -50 2 1
5576287 5576591 -50 -50 2 1
5577867 5578081 -50 -50 1 1
5579015 5579265 -50 -50 2 1
5579810 5579929 -50 -50 2 1
5580950 5581240 -50 -50 2 1
5581380 5581620 -50 -50 3 1
5583195 5583484 -50 -50 2 1
5584548 5584715 -50 -50 1 1
5585843 5586248 -50 -50 1 1
5587354 5587506 -50 -50 1 1
5588092 5588214 -50 -50 1 1
5591543 5591737 -50 -50 1 1
5592616 5592948 -50 -50 2 1
5593809 5594115 -50 -50 2 1
5594900 5595120 -50 -50 3 1
5595310 5595456 -50 -50 3 1
5595800 5595920 -50 -50 3 1
5596020 5596200 -50 -50 3 1
5597423 5597585 -50 -50 1 1
5599126 5599415 -50 -50 2 1
5600107 5600212 -50 -50 2 1
5601929 5602231 -50 -50 2 1
5602660 5602820 -50 -50 3 1
5603740 5604380 -50 -50 3 1
5605588 5605759 -50 -50 2 1
5606295 5607053 -50 -50 3 1
5607581 5607844 -50 -50 2 1
5608365 5608670 -50 -50 2 1
5609780 5609920 -50 -50 3 1
5615673 5616000 -50 -50 1 1
5617032 5617459 -50 -50 2 1
5617720 5618020 -50 -50 3 1
5618181 5618509 -50 -50 3 1
5619709 5619976 -50 -50 1 1
5623354 5623748 -50 -50 2 1
5624154 5624359 -50 -50 2 1
5625032 5625354 -50 -50 1 1
5625876 5626226 -50 -50 1 1
5626810 5627213 -50 -50 3 1
5628009 5628365 -50 -50 1 1
5629140 5629420 -50 -50 3 1
5630115 5630448 -50 -50 1 1
5632940 5633100 -50 -50 3 1
5634080 5634520 -50 -50 3 1
5637693 5637970 -50 -50 2 1
5639787 5639954 -50 -50 1 1
5641332 5641587 -50 -50 1 1
5641959 5642265 -50 -50 1 1
5643265 5643609 -50 -50 2 1
5644180 5644340 -50 -50 3 1
5644420 5645080 -50 -50 3 1
5645615 5645976 -50 -50 1 1
5647375 5647854 -50 -50 2 1
5648688 5648813 -50 -50 1 1
5649554 5649987 -50 -50 1 1
5650440 5650700 -50 -50 3 1
5651604 5651776 -50 -50 2 1
5652800 5652920 -50 -50 3 1
5654019 5654181 -50 -50 2 1
5656591 5656764 -50 -50 3 1
5660332 5660493 -50 -50 1 1
5666070 5666476 -50 -50 1 1
5666640 5666795 -50 -50 1 1
5667332 5667604 -50 -50 1 1
5668076 5668237 -50 -50 1 1
5669220 5669382 -50 -50 1 1
5670348 5670470 -50 -50 1 1
5672070 5672304 -50 -50 1 1
5673407 5673682 -50 -50 2 1
5674310 5674427 -50 -50 2 1
5675861 5676136 -50 -50 2 1
5676682 5677182 -50 -50 2 1
5677581 5678224 -50 -50 3 1
5678890 5679018 -50 -50 1 1
5681793 5681976 -50 -50 1 1
5683109 5683387 -50 -50 1 1
5683950 5684600 -50 -50 3 1
5685260 5685480 -50 -50 3 1
5686437 5686798 -50 -50 1 1
5687487 5687687 -50 -50 1 1
5687826 5687935 -50 -50 1 1
5688607 5688918 -50 -50 2 1
5690202 5690436 -50 -50 2 1
5695537 5695659 -50 -50 1 1
5696520 5696704 -50 -50 1 1
5698727 5698876 -50 -50 2 1
5699420 5699587 -50 -50 2 1
5700296 5700496 -50 -50 2 1
5700720 5700860 -50 -50 3 1
5700950 5701120 -50 -50 3 1
5701726 5701954 -50 -50 1 1
5702954 5703526 -50 -50 2 1
5705382 5705754 -50 -50 1 1
5706160 5706860 -50 -50 3 1
5707060 5707680 -50 -50 3 1
5707900 5708260 -50 -50 3 1
5708940 5709200 -50 -50 3 1
5709400 5709520 -50 -50 3 1
5716787 5717059 -50 -50 1 1
5719332 5719743 -50 -50 1 1
5721533 5721655 -50 -50 2 1
5729132 5729248 -50 -50 2 1
5730348 5730604 -50 -50 2 1
5732659 5732965 -50 -50 2 1
5733587 5733993 -50 -50 2 1
5734220 5734393 -50 -50 2 1
5734682 5735254 -50 -50 1 1
5735673 5735818 -50 -50 2 1
5735940 5736129 -50 -50 2 1
5736770 5737070 -50 -50 1 1
5737660 5737921 -50 -50 1 1
5738663 5738989 -50 -50 1 1
5740450 5740639 -50 -50 1 1
5741161 5741523 -50 -50 1 1
5742159 5742304 -50 -50 1 1
5743141 5743380 -50 -50 1 1
5745104 5745226 -50 -50 2 1
5745954 5746148 -50 -50 2 1
5746920 5747304 -50 -50 2 1
5749482 5749787 -50 -50 1 1
5750443 5750848 -50 -50 1 1
5751627 5751844 -50 -50 1 1
5754246 5754791 -50 -50 1 1
5756020 5756453 -50 -50 1 1
5758133 5758405 -50 -50 1 1
5759067 5759406 -50 -50 1 1
5762592 5762798 -50 -50 1 1
5764194 5764422 -50 -50 1 1
5765840 5766157 -50 -50 1 1
5768156 5768540 -50 -50 3 1
5769100 5769600 -50 -50 3 1
5771060 5771250 -50 -50 3 1
5771567 5771707 -50 -50 2 1
5771900 5772150 -50 -50 3 1
5772300 5772500 -50 -50 3 1
5772796 5773336 -50 -50 2 1
5774192 5774487 -50 -50 1 1
5774753 5774930 -50 -50 1 1
5775530 5775743 -50 -50 1 1
5777773 5778173 -50 -50 1 1
5779144 5779361 -50 -50 1 1
5779652 5779924 -50 -50 1 1
5780228 5780351 -50 -50 1 1
5780814 5781011 -50 -50 1 1
5781490 5781724 -50 -50 1 1
5782625 5782955 -50 -50 1 1
5783478 5783968 -50 -50 1 1
5784675 5784883 -50 -50 1 1
5796399 5796682 -50 -50 1 1
5798311 5798590 -50 -50 1 1
5799011 5799289 -50 -50 1 1
5800169 5800625 -50 -50 1 1
5801617 5801810 -50 -50 1 1
5802656 5802849 -50 -50 2 1
5804006 5804612 -50 -50 1 1
5805457 5805796 -50 -50 3 1
5806773 5807037 -50 -50 2 1
6233779 6233918 -50 -50 1 1
6246580 6246750 -50 -50 3 1
6252607 6252813 -50 -50 2 1
6266574 6266915 -50 -50 2 1
6269050 6269320 -50 -50 3 1
6269700 6269900 -50 -50 3 1
6271188 6272188 -50 -50 3 1
6272780 6273620 -50 -50 3 1
6274120 6274450 -50 -50 3 1
6276232 6276482 -50 -50 2 1
6277500 6278023 -50 -50 2 1
6278450 6278620 -50 -50 3 1
6279280 6280200 -50 -50 3 1
6280803 6280964 -50 -50 1 1
6281220 6281550 -50 -50 3 1
6282435 6282830 -50 -50 2 1
6283883 6284200 -50 -50 2 1
6285080 6285440 -50 -50 3 1
6286660 6287260 -50 -50 3 1
6290641 6291036 -50 -50 1 1
6293640 6294220 -50 -50 3 1
6294300 6295360 -50 -50 3 1
6295912 6296066 -50 -50 2 1
6296226 6296508 -50 -50 2 1
6298825 6298931 -50 -50 2 1
6300926 6301033 -50 -50 1 1
6302601 6302823 -50 -50 1 1
6303635 6303841 -50 -50 1 1
6304080 6304386 -50 -50 1 1
6305060 6305560 -50 -50 3 1
6306650 6307040 -50 -50 3 1
6309905 6310477 -50 -50 2 1
6311460 6312260 -50 -50 3 1
6312390 6312546 -50 -50 2 1
6312941 6313058 -50 -50 3 1
6313660 6314040 -50 -50 3 1
6314160 6314680 -50 -50 3 1
6315399 6316038 -50 -50 2 1
6316440 6317400 -50 -50 3 1
6318824 6318946 -50 -50 3 1
6319380 6319580 -50 -50 1 1
6319997 6320209 -50 -50 2 1
6322700 6323260 -50 -50 3 1
6323708 6323954 -50 -50 3 1
6324240 6325120 -50 -50 3 1
6325280 6325760 -50 -50 3 1
6326520 6327200 -50 -50 3 1
6328350 6328539 -50 -50 2 1
6330380 6330580 -50 -50 3 1
6331560 6332520 -50 -50 3 1
6332840 6333440 -50 -50 3 1
6334349 6334939 -50 -50 3 1
6335140 6335350 -50 -50 3 1
6335564 6336564 -50 -50 3 1
6338401 6338562 -50 -50 2 1
6339101 6339470 -50 -50 2 1
6339870 6340047 -50 -50 2 1
6342479 6342830 -50 -50 2 1
6344965 6345185 -50 -50 1 1
6345320 6345404 -50 -50 1 1
6346658 6346778 -50 -50 2 1
6346861 6347134 -50 -50 2 1
6347543 6347791 -50 -50 2 1
6348273 6348447 -50 -50 2 1
6348780 6349200 -50 -50 3 1
6350400 6350800 -50 -50 3 1
6351532 6351838 -50 -50 2 1
6352650 6352789 -50 -50 2 1
6353198 6353508 -50 -50 2 1
6354020 6354840 -50 -50 3 1
6355274 6355597 -50 -50 2 1
6355940 6356460 -50 -50 3 1
6356823 6357050 -50 -50 2 1
6358554 6358775 -50 -50 2 1
6358842 6359233 -50 -50 2 1
6359835 6360226 -50 -50 2 1
6360400 6361060 -50 -50 3 1
6361720 6362200 -50 -50 3 1
6362580 6363000 -50 -50 3 1
6364913 6365197 -50 -50 3 1
6366960 6367520 -50 -50 3 1
6367800 6368040 -50 -50 3 1
6368400 6369060 -50 -50 3 1
6370013 6370458 -50 -50 2 1
6370858 6371453 -50 -50 2 1
6372612 6373028 -50 -50 1 1
6373550 6373800 -50 -50 3 1
6374200 6374640 -50 -50 3 1
6375780 6376260 -50 -50 3 1
6377320 6377960 -50 -50 3 1
6378446 6378579 -50 -50 1 1
6379780 6380220 -50 -50 3 1
6381974 6382224 -50 -50 1 1
6382654 6382821 -50 -50 2 1
6382891 6383328 -50 -50 2 1
6383517 6383698 -50 -50 2 1
6387138 6387399 -50 -50 1 1
6389280 6389520 -50 -50 3 1
6389860 6390020 -50 -50 3 1
6390100 6390300 -50 -50 3 1
6390760 6391300 -50 -50 3 1
6392160 6393160 -50 -50 3 1
6395014 6395437 -50 -50 1 1
6396276 6396543 -50 -50 2 1
6397278 6397705 -50 -50 1 1
6398935 6399044 -50 -50 1 1
6399883 6400292 -50 -50 1 1
6400942 6401182 -50 -50 1 1
6401378 6401593 -50 -50 1 1
6401984 6402868 -50 -50 2 1
6403911 6404334 -50 -50 2 1
6405168 6405696 -50 -50 1 1
6406180 6406620 -50 -50 3 1
6407480 6408060 -50 -50 3 1
6409150 6409460 -50 -50 3 1
6410370 6410581 -50 -50 2 1
6411561 6411767 -50 -50 2 1
6412383 6412783 -50 -50 1 1
6413760 6414425 -50 -50 3 1
6415169 6416070 -50 -50 2 1
6416656 6417073 -50 -50 2 1
6418247 6418502 -50 -50 2 1
6418824 6418939 -50 -50 2 1
6419381 6419693 -50 -50 1 1
6420198 6420371 -50 -50 2 1
6420921 6421277 -50 -50 2 1
6422562 6422734 -50 -50 2 1
6423863 6424369 -50 -50 2 1
6425036 6425442 -50 -50 2 1
6425514 6425620 -50 -50 2 1
6426215 6426388 -50 -50 2 1
6426800 6427220 -50 -50 3 1
6427380 6428580 -50 -50 3 1
6429090 6429451 -50 -50 2 1
6429868 6430069 -50 -50 2 1
6430680 6430958 -50 -50 2 1
6431609 6431780 -50 -50 2 1
6432971 6433361 -50 -50 1 1
6434289 6434868 -50 -50 2 1
6435559 6436089 -50 -50 1 1
6436641 6437075 -50 -50 1 1
6437439 6437749 -50 -50 2 1
6439217 6439494 -50 -50 3 1
6440708 6440915 -50 -50 3 1
6441713 6441996 -50 -50 2 1
6442820 6443212 -50 -50 2 1
6443460 6444300 -50 -50 3 1
6444700 6445540 -50 -50 3 1
6446103 6446726 -50 -50 2 1
6447332 6447521 -50 -50 1 1
6448434 6448868 -50 -50 3 1
6449480 6449934 -50 -50 3 1
6450566 6450995 -50 -50 3 1
6451492 6452308 -50 -50 3 1
6453100 6453220 -50 -50 3 1
6453400 6453800 -50 -50 3 1
6454140 6454980 -50 -50 3 1
6456700 6457080 -50 -50 3 1
6457514 6457718 -50 -50 2 1
6458002 6458125 -50 -50 2 1
6458509 6458943 -50 -50 2 1
6459204 6459643 -50 -50 2 1
6459863 6460013 -50 -50 2 1
6461192 6461364 -50 -50 3 1
6462590 6463024 -50 -50 1 1
6463380 6463780 -50 -50 1 1
6464250 6464367 -50 -50 1 1
6464586 6464717 -50 -50 1 1
6465743 6466194 -50 -50 1 1
6466744 6466933 -50 -50 1 1
6468424 6468635 -50 -50 1 1
6471440 6472260 -50 -50 3 1
6472830 6473124 -50 -50 2 1
6473659 6473967 -50 -50 2 1
6474101 6474246 -50 -50 1 1
6474790 6475260 -50 -50 3 1
6475660 6476000 -50 -50 3 1
6476270 6476448 -50 -50 1 1
6478480 6478740 -50 -50 3 1
6480720 6482200 -50 -50 3 1
6482340 6482920 -50 -50 3 1
6483400 6484880 -50 -50 3 1
6486100 6486400 -50 -50 3 1
6486900 6488000 -50 -50 3 1
6488612 6488951 -50 -50 2 1
6490108 6490525 -50 -50 2 1
6490740 6490940 -50 -50 3 1
6491068 6491518 -50 -50 2 1
6492380 6492900 -50 -50 3 1
6493461 6493561 -50 -50 3 1
6493703 6493842 -50 -50 3 1
6494515 6494799 -50 -50 2 1
6495268 6495707 -50 -50 3 1
6496380 6496500 -50 -50 3 1
6496680 6496827 -50 -50 3 1
6497690 6498090 -50 -50 2 1
6498824 6499052 -50 -50 2 1
6499972 6500239 -50 -50 2 1
6501034 6501251 -50 -50 1 1
6503645 6503845 -50 -50 1 1
6506540 6506940 -50 -50 3 1
6507580 6508400 -50 -50 3 1
6508820 6509360 -50 -50 3 1
6510012 6510502 -50 -50 2 1
6511460 6512135 -50 -50 3 1
6512620 6513380 -50 -50 3 1
6513480 6513860 -50 -50 3 1
6514069 6514341 -50 -50 2 1
6514445 6514560 -50 -50 1 1
6515314 6515742 -50 -50 2 1
6516610 6516916 -50 -50 2 1
6517549 6517650 -50 -50 2 1
6517960 6518068 -50 -50 2 1
6518522 6518773 -50 -50 2 1
6520162 6520481 -50 -50 3 1
6520973 6521151 -50 -50 3 1
6521280 6521420 -50 -50 3 1
6521480 6521630 -50 -50 3 1
6522520 6523340 -50 -50 3 1
6523867 6524167 -50 -50 2 1
6525380 6525840 -50 -50 3 1
6525960 6526440 -50 -50 3 1
6526868 6527320 -50 -50 3 1
6527640 6527740 -50 -50 3 1
6528115 6528532 -50 -50 1 1
6529080 6529420 -50 -50 3 1
6529900 6530120 -50 -50 3 1
6530320 6530440 -50 -50 3 1
6532120 6532360 -50 -50 3 1
6532820 6533000 -50 -50 3 1
6533320 6533540 -50 -50 3 1
6533886 6534158 -50 -50 3 1
6534480 6534840 -50 -50 3 1
6535300 6535640 -50 -50 3 1
6536492 6536904 -50 -50 2 1
6538760 6539440 -50 -50 3 1
6540280 6540600 -50 -50 3 1
6541000 6541240 -50 -50 3 1
6541580 6541720 -50 -50 3 1
6542220 6542380 -50 -50 3 1
6542612 6542717 -50 -50 2 1
6544358 6544515 -50 -50 2 1
6544591 6544793 -50 -50 2 1
6545190 6545381 -50 -50 2 1
6545870 6546179 -50 -50 1 1
6546450 6546595 -50 -50 2 1
6547644 6548292 -50 -50 3 1
6548940 6549380 -50 -50 3 1
6550240 6550740 -50 -50 3 1
6551420 6551540 -50 -50 3 1
6551780 6551940 -50 -50 3 1
6552320 6552840 -50 -50 3 1
6553080 6553340 -50 -50 3 1
6554584 6554893 -50 -50 2 1
6573896 6574141 -50 -50 1 1
6585646 6585791 -50 -50 1 1
6590762 6590973 -50 -50 1 1
