1.709200000000000000e+05 1.710820000000000000e+05
1.709800000000000000e+05 1.710640000000000000e+05
1.808910000000000000e+05 1.810900000000000000e+05
1.809390000000000000e+05 1.810780000000000000e+05
1.834380000000000000e+05 1.835720000000000000e+05
1.878920000000000000e+05 1.881420000000000000e+05
1.908520000000000000e+05 1.910270000000000000e+05
1.909110000000000000e+05 1.910500000000000000e+05
1.970730000000000000e+05 1.972390000000000000e+05
1.995220000000000000e+05 1.996390000000000000e+05
2.013170000000000000e+05 2.018080000000000000e+05
2.016650000000000000e+05 2.017490000000000000e+05
2.016900000000000000e+05 2.018180000000000000e+05
2.017020000000000000e+05 2.018460000000000000e+05
2.029660000000000000e+05 2.031010000000000000e+05
2.036450000000000000e+05 2.037840000000000000e+05
2.064810000000000000e+05 2.067490000000000000e+05
2.101480000000000000e+05 2.103340000000000000e+05
2.104930000000000000e+05 2.106570000000000000e+05
2.105520000000000000e+05 2.106570000000000000e+05
2.108070000000000000e+05 2.109300000000000000e+05
2.132160000000000000e+05 2.136880000000000000e+05
2.132940000000000000e+05 2.136970000000000000e+05
2.133210000000000000e+05 2.136160000000000000e+05
2.137900000000000000e+05 2.142390000000000000e+05
2.138330000000000000e+05 2.140630000000000000e+05
2.138330000000000000e+05 2.142670000000000000e+05
2.138410000000000000e+05 2.140510000000000000e+05
2.141690000000000000e+05 2.142630000000000000e+05
2.195160000000000000e+05 2.196270000000000000e+05
2.204590000000000000e+05 2.207590000000000000e+05
2.231540000000000000e+05 2.234280000000000000e+05
2.231800000000000000e+05 2.232910000000000000e+05
2.235210000000000000e+05 2.236710000000000000e+05
2.239520000000000000e+05 2.240960000000000000e+05
2.242850000000000000e+05 2.246330000000000000e+05
2.243120000000000000e+05 2.245840000000000000e+05
2.246670000000000000e+05 2.248180000000000000e+05
2.247020000000000000e+05 2.248200000000000000e+05
2.255600000000000000e+05 2.257840000000000000e+05
2.256790000000000000e+05 2.258020000000000000e+05
2.262000000000000000e+05 2.263080000000000000e+05
2.274470000000000000e+05 2.276790000000000000e+05
2.277640000000000000e+05 2.279130000000000000e+05
2.285690000000000000e+05 2.288190000000000000e+05
2.285740000000000000e+05 2.288300000000000000e+05
2.293460000000000000e+05 2.297600000000000000e+05
2.293690000000000000e+05 2.297040000000000000e+05
2.312400000000000000e+05 2.314960000000000000e+05
2.313700000000000000e+05 2.314700000000000000e+05
2.373120000000000000e+05 2.375130000000000000e+05
2.373120000000000000e+05 2.376240000000000000e+05
2.375660000000000000e+05 2.376720000000000000e+05
2.396530000000000000e+05 2.399990000000000000e+05
2.398450000000000000e+05 2.400400000000000000e+05
2.403930000000000000e+05 2.406510000000000000e+05
2.404290000000000000e+05 2.406740000000000000e+05
2.404510000000000000e+05 2.405630000000000000e+05
2.421320000000000000e+05 2.423090000000000000e+05
2.421560000000000000e+05 2.424780000000000000e+05
2.424780000000000000e+05 2.426670000000000000e+05
2.424840000000000000e+05 2.434070000000000000e+05
2.426840000000000000e+05 2.434070000000000000e+05
2.427260000000000000e+05 2.432600000000000000e+05
2.433400000000000000e+05 2.434570000000000000e+05
2.435260000000000000e+05 2.436790000000000000e+05
2.436130000000000000e+05 2.438070000000000000e+05
2.508360000000000000e+05 2.510030000000000000e+05
2.515480000000000000e+05 2.516650000000000000e+05
2.519680000000000000e+05 2.521070000000000000e+05
2.519730000000000000e+05 2.521080000000000000e+05
2.525870000000000000e+05 2.529640000000000000e+05
2.526520000000000000e+05 2.528680000000000000e+05
2.526550000000000000e+05 2.527660000000000000e+05
2.535410000000000000e+05 2.539800000000000000e+05
2.536750000000000000e+05 2.539420000000000000e+05
2.540850000000000000e+05 2.542750000000000000e+05
2.540870000000000000e+05 2.546790000000000000e+05
2.543370000000000000e+05 2.546540000000000000e+05
2.543390000000000000e+05 2.543600000000000000e+05
2.586380000000000000e+05 2.589620000000000000e+05
2.587380000000000000e+05 2.589610000000000000e+05
2.603340000000000000e+05 2.605560000000000000e+05
2.604200000000000000e+05 2.605650000000000000e+05
2.613070000000000000e+05 2.615830000000000000e+05
2.620410000000000000e+05 2.622470000000000000e+05
2.620530000000000000e+05 2.622660000000000000e+05
2.621240000000000000e+05 2.622470000000000000e+05
2.636920000000000000e+05 2.639930000000000000e+05
2.641790000000000000e+05 2.643620000000000000e+05
2.649090000000000000e+05 2.650260000000000000e+05
2.655470000000000000e+05 2.656690000000000000e+05
2.655690000000000000e+05 2.657160000000000000e+05
2.658150000000000000e+05 2.659540000000000000e+05
2.667090000000000000e+05 2.668540000000000000e+05
2.673900000000000000e+05 2.675140000000000000e+05
2.682280000000000000e+05 2.685190000000000000e+05
2.693820000000000000e+05 2.695540000000000000e+05
2.696760000000000000e+05 2.699320000000000000e+05
2.700870000000000000e+05 2.705090000000000000e+05
2.701680000000000000e+05 2.703120000000000000e+05
2.709150000000000000e+05 2.712430000000000000e+05
2.734760000000000000e+05 2.739760000000000000e+05
2.734840000000000000e+05 2.737110000000000000e+05
2.737660000000000000e+05 2.739010000000000000e+05
2.745660000000000000e+05 2.747290000000000000e+05
2.745770000000000000e+05 2.747290000000000000e+05
2.755890000000000000e+05 2.757400000000000000e+05
2.757060000000000000e+05 2.758560000000000000e+05
2.757910000000000000e+05 2.759930000000000000e+05
2.764820000000000000e+05 2.766760000000000000e+05
2.779520000000000000e+05 2.780690000000000000e+05
2.781410000000000000e+05 2.783470000000000000e+05
2.806400000000000000e+05 2.809070000000000000e+05
2.814700000000000000e+05 2.817140000000000000e+05
2.823370000000000000e+05 2.824930000000000000e+05
2.827410000000000000e+05 2.829460000000000000e+05
2.827410000000000000e+05 2.830630000000000000e+05
2.863810000000000000e+05 2.865390000000000000e+05
2.872200000000000000e+05 2.873480000000000000e+05
2.872600000000000000e+05 2.874440000000000000e+05
2.876730000000000000e+05 2.879780000000000000e+05
2.877060000000000000e+05 2.879790000000000000e+05
2.879010000000000000e+05 2.880070000000000000e+05
2.882980000000000000e+05 2.886320000000000000e+05
2.890520000000000000e+05 2.894190000000000000e+05
2.890600000000000000e+05 2.895660000000000000e+05
2.890820000000000000e+05 2.894150000000000000e+05
2.894910000000000000e+05 2.895800000000000000e+05
2.900610000000000000e+05 2.905620000000000000e+05
2.901360000000000000e+05 2.903690000000000000e+05
2.901560000000000000e+05 2.904440000000000000e+05
2.901590000000000000e+05 2.905300000000000000e+05
2.909070000000000000e+05 2.913520000000000000e+05
2.909430000000000000e+05 2.913730000000000000e+05
2.919010000000000000e+05 2.920760000000000000e+05
2.919110000000000000e+05 2.920830000000000000e+05
2.921690000000000000e+05 2.925580000000000000e+05
2.921910000000000000e+05 2.924260000000000000e+05
2.922450000000000000e+05 2.924730000000000000e+05
2.926360000000000000e+05 2.933530000000000000e+05
2.927480000000000000e+05 2.929160000000000000e+05
2.927480000000000000e+05 2.933090000000000000e+05
2.927660000000000000e+05 2.929230000000000000e+05
2.929890000000000000e+05 2.932870000000000000e+05
2.930280000000000000e+05 2.932530000000000000e+05
2.943160000000000000e+05 2.945490000000000000e+05
2.943200000000000000e+05 2.944660000000000000e+05
2.954500000000000000e+05 2.955770000000000000e+05
2.963170000000000000e+05 2.964950000000000000e+05
2.968540000000000000e+05 2.969930000000000000e+05
2.975320000000000000e+05 2.976880000000000000e+05
2.981470000000000000e+05 2.983600000000000000e+05
2.981780000000000000e+05 2.982620000000000000e+05
2.998260000000000000e+05 3.000200000000000000e+05
3.026430000000000000e+05 3.028800000000000000e+05
3.027230000000000000e+05 3.028560000000000000e+05
3.029530000000000000e+05 3.031070000000000000e+05
3.035260000000000000e+05 3.038270000000000000e+05
3.056530000000000000e+05 3.060000000000000000e+05
3.067160000000000000e+05 3.069330000000000000e+05
3.070730000000000000e+05 3.072470000000000000e+05
3.070760000000000000e+05 3.072570000000000000e+05
3.086920000000000000e+05 3.089760000000000000e+05
3.101700000000000000e+05 3.105240000000000000e+05
3.142430000000000000e+05 3.143980000000000000e+05
3.170330000000000000e+05 3.172110000000000000e+05
3.170600000000000000e+05 3.175480000000000000e+05
3.170740000000000000e+05 3.174470000000000000e+05
3.172840000000000000e+05 3.174620000000000000e+05
3.172950000000000000e+05 3.177280000000000000e+05
3.176700000000000000e+05 3.177740000000000000e+05
3.194190000000000000e+05 3.196970000000000000e+05
3.194240000000000000e+05 3.196800000000000000e+05
3.195320000000000000e+05 3.196870000000000000e+05
3.201650000000000000e+05 3.205450000000000000e+05
3.201980000000000000e+05 3.204650000000000000e+05
3.236560000000000000e+05 3.242120000000000000e+05
3.237930000000000000e+05 3.241870000000000000e+05
3.272790000000000000e+05 3.275680000000000000e+05
3.273930000000000000e+05 3.275990000000000000e+05
3.280740000000000000e+05 3.283300000000000000e+05
3.280930000000000000e+05 3.283520000000000000e+05
3.321950000000000000e+05 3.324390000000000000e+05
3.322430000000000000e+05 3.323700000000000000e+05
3.326760000000000000e+05 3.330040000000000000e+05
3.371510000000000000e+05 3.375050000000000000e+05
3.373480000000000000e+05 3.374580000000000000e+05
3.373480000000000000e+05 3.374760000000000000e+05
3.376780000000000000e+05 3.378450000000000000e+05
3.376830000000000000e+05 3.378610000000000000e+05
3.376930000000000000e+05 3.378590000000000000e+05
3.379030000000000000e+05 3.381250000000000000e+05
3.379440000000000000e+05 3.381380000000000000e+05
3.379440000000000000e+05 3.381430000000000000e+05
3.379700000000000000e+05 3.381430000000000000e+05
3.385770000000000000e+05 3.388440000000000000e+05
3.385830000000000000e+05 3.388560000000000000e+05
3.386030000000000000e+05 3.388250000000000000e+05
3.389680000000000000e+05 3.391400000000000000e+05
3.389800000000000000e+05 3.391160000000000000e+05
3.390590000000000000e+05 3.397330000000000000e+05
3.392290000000000000e+05 3.394510000000000000e+05
3.392340000000000000e+05 3.395350000000000000e+05
3.392420000000000000e+05 3.393990000000000000e+05
3.392680000000000000e+05 3.394250000000000000e+05
3.395760000000000000e+05 3.397440000000000000e+05
3.395760000000000000e+05 3.397600000000000000e+05
3.396350000000000000e+05 3.397570000000000000e+05
3.396690000000000000e+05 3.397620000000000000e+05
3.443210000000000000e+05 3.443420000000000000e+05
3.500660000000000000e+05 3.503660000000000000e+05
3.519670000000000000e+05 3.521250000000000000e+05
3.524730000000000000e+05 3.527630000000000000e+05
3.536780000000000000e+05 3.540570000000000000e+05
3.537640000000000000e+05 3.540480000000000000e+05
3.545390000000000000e+05 3.550050000000000000e+05
3.550520000000000000e+05 3.551970000000000000e+05
3.550640000000000000e+05 3.551570000000000000e+05
3.550650000000000000e+05 3.552060000000000000e+05
3.573250000000000000e+05 3.574460000000000000e+05
3.573310000000000000e+05 3.574340000000000000e+05
3.573320000000000000e+05 3.575760000000000000e+05
3.575080000000000000e+05 3.575760000000000000e+05
3.584290000000000000e+05 3.588070000000000000e+05
3.588900000000000000e+05 3.591650000000000000e+05
3.593670000000000000e+05 3.596040000000000000e+05
3.601900000000000000e+05 3.604740000000000000e+05
3.602760000000000000e+05 3.604700000000000000e+05
3.613140000000000000e+05 3.614530000000000000e+05
3.613350000000000000e+05 3.614410000000000000e+05
3.626730000000000000e+05 3.628560000000000000e+05
3.626820000000000000e+05 3.628330000000000000e+05
3.626870000000000000e+05 3.628340000000000000e+05
3.626900000000000000e+05 3.630120000000000000e+05
3.627030000000000000e+05 3.628330000000000000e+05
3.629340000000000000e+05 3.633280000000000000e+05
3.635240000000000000e+05 3.636520000000000000e+05
3.635240000000000000e+05 3.637390000000000000e+05
3.635280000000000000e+05 3.637240000000000000e+05
3.635460000000000000e+05 3.636850000000000000e+05
3.647980000000000000e+05 3.649370000000000000e+05
3.655640000000000000e+05 3.661280000000000000e+05
3.656290000000000000e+05 3.661000000000000000e+05
3.656820000000000000e+05 3.660930000000000000e+05
3.664010000000000000e+05 3.665490000000000000e+05
3.668370000000000000e+05 3.670590000000000000e+05
3.675960000000000000e+05 3.677240000000000000e+05
3.679580000000000000e+05 3.681210000000000000e+05
3.689370000000000000e+05 3.691430000000000000e+05
3.694620000000000000e+05 3.698410000000000000e+05
3.694770000000000000e+05 3.697440000000000000e+05
3.699020000000000000e+05 3.701800000000000000e+05
3.699150000000000000e+05 3.701400000000000000e+05
3.699240000000000000e+05 3.703130000000000000e+05
3.699650000000000000e+05 3.701570000000000000e+05
3.709900000000000000e+05 3.711610000000000000e+05
3.709990000000000000e+05 3.711270000000000000e+05
3.720480000000000000e+05 3.723410000000000000e+05
3.753200000000000000e+05 3.754950000000000000e+05
3.760020000000000000e+05 3.762540000000000000e+05
3.775980000000000000e+05 3.778260000000000000e+05
3.802740000000000000e+05 3.807910000000000000e+05
3.802980000000000000e+05 3.803620000000000000e+05
3.803060000000000000e+05 3.805400000000000000e+05
3.804670000000000000e+05 3.805600000000000000e+05
3.835530000000000000e+05 3.836920000000000000e+05
3.846690000000000000e+05 3.848110000000000000e+05
3.852320000000000000e+05 3.855870000000000000e+05
3.854400000000000000e+05 3.856740000000000000e+05
3.857630000000000000e+05 3.859710000000000000e+05
3.857930000000000000e+05 3.859390000000000000e+05
3.865160000000000000e+05 3.866550000000000000e+05
3.865220000000000000e+05 3.867080000000000000e+05
3.916300000000000000e+05 3.917300000000000000e+05
3.916330000000000000e+05 3.917390000000000000e+05
3.921910000000000000e+05 3.923250000000000000e+05
3.937330000000000000e+05 3.938550000000000000e+05
3.950700000000000000e+05 3.952810000000000000e+05
3.950840000000000000e+05 3.953600000000000000e+05
3.951500000000000000e+05 3.953180000000000000e+05
4.009860000000000000e+05 4.011230000000000000e+05
4.081280000000000000e+05 4.082470000000000000e+05
4.084270000000000000e+05 4.086830000000000000e+05
4.103540000000000000e+05 4.106010000000000000e+05
4.134110000000000000e+05 4.136190000000000000e+05
4.134290000000000000e+05 4.135680000000000000e+05
4.174980000000000000e+05 4.177920000000000000e+05
4.175240000000000000e+05 4.177910000000000000e+05
4.183300000000000000e+05 4.186080000000000000e+05
4.183480000000000000e+05 4.184590000000000000e+05
4.183510000000000000e+05 4.185960000000000000e+05
4.195120000000000000e+05 4.196010000000000000e+05
4.195140000000000000e+05 4.196420000000000000e+05
4.195150000000000000e+05 4.195980000000000000e+05
4.200980000000000000e+05 4.204150000000000000e+05
4.201030000000000000e+05 4.202290000000000000e+05
4.203280000000000000e+05 4.204170000000000000e+05
4.214220000000000000e+05 4.215940000000000000e+05
4.214880000000000000e+05 4.216040000000000000e+05
4.220870000000000000e+05 4.222540000000000000e+05
4.227930000000000000e+05 4.228930000000000000e+05
4.275370000000000000e+05 4.276710000000000000e+05
4.289820000000000000e+05 4.293370000000000000e+05
4.303590000000000000e+05 4.304480000000000000e+05
4.308000000000000000e+05 4.310660000000000000e+05
4.319330000000000000e+05 4.324710000000000000e+05
4.321930000000000000e+05 4.324150000000000000e+05
4.322330000000000000e+05 4.323550000000000000e+05
4.332260000000000000e+05 4.334200000000000000e+05
4.337450000000000000e+05 4.340170000000000000e+05
4.348150000000000000e+05 4.352740000000000000e+05
4.348430000000000000e+05 4.351430000000000000e+05
4.370250000000000000e+05 4.373210000000000000e+05
4.371210000000000000e+05 4.372900000000000000e+05
4.371250000000000000e+05 4.372500000000000000e+05
4.376240000000000000e+05 4.377980000000000000e+05
4.376340000000000000e+05 4.377670000000000000e+05
4.383100000000000000e+05 4.384940000000000000e+05
4.398010000000000000e+05 4.399630000000000000e+05
4.400570000000000000e+05 4.402020000000000000e+05
4.400620000000000000e+05 4.401810000000000000e+05
4.424190000000000000e+05 4.426350000000000000e+05
4.449190000000000000e+05 4.450460000000000000e+05
4.449200000000000000e+05 4.450320000000000000e+05
4.449350000000000000e+05 4.450290000000000000e+05
4.510260000000000000e+05 4.512760000000000000e+05
4.518530000000000000e+05 4.520470000000000000e+05
4.537990000000000000e+05 4.543440000000000000e+05
4.601760000000000000e+05 4.603880000000000000e+05
4.624900000000000000e+05 4.626460000000000000e+05
4.625760000000000000e+05 4.626700000000000000e+05
4.724140000000000000e+05 4.725540000000000000e+05
4.756250000000000000e+05 4.757910000000000000e+05
4.768930000000000000e+05 4.771370000000000000e+05
4.791670000000000000e+05 4.793960000000000000e+05
4.848300000000000000e+05 4.850280000000000000e+05
4.939010000000000000e+05 4.940980000000000000e+05
4.966160000000000000e+05 4.968340000000000000e+05
4.992940000000000000e+05 4.994200000000000000e+05
4.993250000000000000e+05 4.994530000000000000e+05
4.995690000000000000e+05 4.997140000000000000e+05
4.998210000000000000e+05 4.999900000000000000e+05
4.998480000000000000e+05 4.999410000000000000e+05
5.003250000000000000e+05 5.004810000000000000e+05
5.013140000000000000e+05 5.014520000000000000e+05
5.029060000000000000e+05 5.032090000000000000e+05
5.036670000000000000e+05 5.039030000000000000e+05
5.047590000000000000e+05 5.049950000000000000e+05
5.047630000000000000e+05 5.049070000000000000e+05
5.051470000000000000e+05 5.053630000000000000e+05
5.056520000000000000e+05 5.061550000000000000e+05
5.063280000000000000e+05 5.065350000000000000e+05
5.073000000000000000e+05 5.077260000000000000e+05
5.161620000000000000e+05 5.163010000000000000e+05
5.182580000000000000e+05 5.184160000000000000e+05
5.193970000000000000e+05 5.197820000000000000e+05
5.194350000000000000e+05 5.196900000000000000e+05
5.195350000000000000e+05 5.196280000000000000e+05
5.203020000000000000e+05 5.205620000000000000e+05
5.203250000000000000e+05 5.205400000000000000e+05
5.210600000000000000e+05 5.212940000000000000e+05
5.225730000000000000e+05 5.228460000000000000e+05
5.225820000000000000e+05 5.227040000000000000e+05
5.259960000000000000e+05 5.262770000000000000e+05
5.336040000000000000e+05 5.337370000000000000e+05
5.336340000000000000e+05 5.339010000000000000e+05
5.336410000000000000e+05 5.337340000000000000e+05
5.338590000000000000e+05 5.340440000000000000e+05
5.347650000000000000e+05 5.349320000000000000e+05
5.352460000000000000e+05 5.354810000000000000e+05
5.356920000000000000e+05 5.360180000000000000e+05
5.410700000000000000e+05 5.411680000000000000e+05
5.430320000000000000e+05 5.431590000000000000e+05
5.430340000000000000e+05 5.433010000000000000e+05
5.432040000000000000e+05 5.432970000000000000e+05
5.434890000000000000e+05 5.437670000000000000e+05
5.458960000000000000e+05 5.461100000000000000e+05
5.469430000000000000e+05 5.471480000000000000e+05
5.491530000000000000e+05 5.494540000000000000e+05
5.491980000000000000e+05 5.494080000000000000e+05
5.548320000000000000e+05 5.549200000000000000e+05
5.578970000000000000e+05 5.581920000000000000e+05
5.599920000000000000e+05 5.602110000000000000e+05
5.644250000000000000e+05 5.645810000000000000e+05
5.644570000000000000e+05 5.645790000000000000e+05
5.652270000000000000e+05 5.653480000000000000e+05
5.652390000000000000e+05 5.653990000000000000e+05
5.670220000000000000e+05 5.671310000000000000e+05
5.675690000000000000e+05 5.677050000000000000e+05
5.678370000000000000e+05 5.682790000000000000e+05
5.706930000000000000e+05 5.709700000000000000e+05
5.787820000000000000e+05 5.789550000000000000e+05
5.831220000000000000e+05 5.832440000000000000e+05
5.831320000000000000e+05 5.832320000000000000e+05
5.846170000000000000e+05 5.849180000000000000e+05
5.846570000000000000e+05 5.849150000000000000e+05
5.846610000000000000e+05 5.849050000000000000e+05
5.871460000000000000e+05 5.876060000000000000e+05
5.928660000000000000e+05 5.931260000000000000e+05
5.930030000000000000e+05 5.931030000000000000e+05
5.931850000000000000e+05 5.933300000000000000e+05
5.932080000000000000e+05 5.934200000000000000e+05
5.944110000000000000e+05 5.945270000000000000e+05
5.974270000000000000e+05 5.975720000000000000e+05
5.995130000000000000e+05 5.996990000000000000e+05
6.034070000000000000e+05 6.035840000000000000e+05
6.044110000000000000e+05 6.045200000000000000e+05
6.137840000000000000e+05 6.139670000000000000e+05
6.146080000000000000e+05 6.147420000000000000e+05
6.146400000000000000e+05 6.147450000000000000e+05
6.148440000000000000e+05 6.149890000000000000e+05
6.156920000000000000e+05 6.159020000000000000e+05
6.183440000000000000e+05 6.188010000000000000e+05
6.185640000000000000e+05 6.186980000000000000e+05
6.191210000000000000e+05 6.193010000000000000e+05
6.217340000000000000e+05 6.219810000000000000e+05
6.245100000000000000e+05 6.246550000000000000e+05
6.245470000000000000e+05 6.247080000000000000e+05
6.278760000000000000e+05 6.281700000000000000e+05
6.278880000000000000e+05 6.284890000000000000e+05
6.286910000000000000e+05 6.288360000000000000e+05
6.298270000000000000e+05 6.300180000000000000e+05
6.345980000000000000e+05 6.346930000000000000e+05
6.351760000000000000e+05 6.353200000000000000e+05
6.373530000000000000e+05 6.375560000000000000e+05
6.373620000000000000e+05 6.374790000000000000e+05
6.387170000000000000e+05 6.388570000000000000e+05
6.455740000000000000e+05 6.458320000000000000e+05
6.628560000000000000e+05 6.629790000000000000e+05
6.639040000000000000e+05 6.641480000000000000e+05
6.644200000000000000e+05 6.644930000000000000e+05
6.681570000000000000e+05 6.683070000000000000e+05
6.685300000000000000e+05 6.687400000000000000e+05
6.697620000000000000e+05 6.698960000000000000e+05
6.732570000000000000e+05 6.737070000000000000e+05
6.733370000000000000e+05 6.734650000000000000e+05
6.751430000000000000e+05 6.752480000000000000e+05
6.783290000000000000e+05 6.785100000000000000e+05
6.812070000000000000e+05 6.814440000000000000e+05
6.893170000000000000e+05 6.897890000000000000e+05
6.894090000000000000e+05 6.896470000000000000e+05
6.900070000000000000e+05 6.902330000000000000e+05
6.900730000000000000e+05 6.902290000000000000e+05
6.905030000000000000e+05 6.908600000000000000e+05
6.905320000000000000e+05 6.907480000000000000e+05
6.905570000000000000e+05 6.908180000000000000e+05
6.926290000000000000e+05 6.928880000000000000e+05
6.926760000000000000e+05 6.927980000000000000e+05
6.933930000000000000e+05 6.934960000000000000e+05
6.946720000000000000e+05 6.948950000000000000e+05
6.964260000000000000e+05 6.965720000000000000e+05
7.081060000000000000e+05 7.082970000000000000e+05
7.081200000000000000e+05 7.083270000000000000e+05
7.091420000000000000e+05 7.093090000000000000e+05
7.095440000000000000e+05 7.096650000000000000e+05
7.100700000000000000e+05 7.101640000000000000e+05
7.100860000000000000e+05 7.103000000000000000e+05
7.102140000000000000e+05 7.102860000000000000e+05
7.124510000000000000e+05 7.126510000000000000e+05
7.178740000000000000e+05 7.180580000000000000e+05
7.179080000000000000e+05 7.181600000000000000e+05
7.222630000000000000e+05 7.223970000000000000e+05
7.222830000000000000e+05 7.224820000000000000e+05
7.251400000000000000e+05 7.252650000000000000e+05
7.251500000000000000e+05 7.252840000000000000e+05
7.261950000000000000e+05 7.265790000000000000e+05
7.279860000000000000e+05 7.280580000000000000e+05
7.282100000000000000e+05 7.286460000000000000e+05
7.287920000000000000e+05 7.291980000000000000e+05
7.289310000000000000e+05 7.290480000000000000e+05
7.294040000000000000e+05 7.296630000000000000e+05
7.380880000000000000e+05 7.382510000000000000e+05
7.381080000000000000e+05 7.382500000000000000e+05
7.381090000000000000e+05 7.382620000000000000e+05
7.386810000000000000e+05 7.388930000000000000e+05
7.387440000000000000e+05 7.388840000000000000e+05
7.392540000000000000e+05 7.393860000000000000e+05
7.435770000000000000e+05 7.437400000000000000e+05
7.435950000000000000e+05 7.437790000000000000e+05
7.453790000000000000e+05 7.455820000000000000e+05
7.499490000000000000e+05 7.500500000000000000e+05
7.524090000000000000e+05 7.525540000000000000e+05
7.530000000000000000e+05 7.531970000000000000e+05
7.610300000000000000e+05 7.611990000000000000e+05
7.701860000000000000e+05 7.703020000000000000e+05
7.714090000000000000e+05 7.715760000000000000e+05
7.721330000000000000e+05 7.724360000000000000e+05
7.721890000000000000e+05 7.724120000000000000e+05
7.747170000000000000e+05 7.748310000000000000e+05
7.770480000000000000e+05 7.773250000000000000e+05
7.770630000000000000e+05 7.774250000000000000e+05
7.770880000000000000e+05 7.773260000000000000e+05
7.781160000000000000e+05 7.782210000000000000e+05
7.783090000000000000e+05 7.783980000000000000e+05
7.798260000000000000e+05 7.799430000000000000e+05
7.917850000000000000e+05 7.919410000000000000e+05
7.917920000000000000e+05 7.918910000000000000e+05
7.945990000000000000e+05 7.949130000000000000e+05
8.202390000000000000e+05 8.204510000000000000e+05
8.202490000000000000e+05 8.205000000000000000e+05
8.212170000000000000e+05 8.213620000000000000e+05
8.212220000000000000e+05 8.215350000000000000e+05
8.213900000000000000e+05 8.215680000000000000e+05
8.214560000000000000e+05 8.215400000000000000e+05
8.218340000000000000e+05 8.220350000000000000e+05
8.224130000000000000e+05 8.226080000000000000e+05
8.243810000000000000e+05 8.247320000000000000e+05
8.244440000000000000e+05 8.247090000000000000e+05
8.250180000000000000e+05 8.251580000000000000e+05
8.255200000000000000e+05 8.256820000000000000e+05
8.268580000000000000e+05 8.272820000000000000e+05
8.269060000000000000e+05 8.272630000000000000e+05
8.270760000000000000e+05 8.271930000000000000e+05
8.286610000000000000e+05 8.288550000000000000e+05
8.295700000000000000e+05 8.296930000000000000e+05
8.297900000000000000e+05 8.300160000000000000e+05
8.298740000000000000e+05 8.300190000000000000e+05
8.304250000000000000e+05 8.305610000000000000e+05
8.315750000000000000e+05 8.318170000000000000e+05
8.318760000000000000e+05 8.320790000000000000e+05
8.318970000000000000e+05 8.321560000000000000e+05
8.323770000000000000e+05 8.326430000000000000e+05
8.330350000000000000e+05 8.333750000000000000e+05
8.330460000000000000e+05 8.333500000000000000e+05
8.351090000000000000e+05 8.352760000000000000e+05
8.354200000000000000e+05 8.355870000000000000e+05
8.365140000000000000e+05 8.366670000000000000e+05
8.378900000000000000e+05 8.383040000000000000e+05
8.379110000000000000e+05 8.382390000000000000e+05
8.386850000000000000e+05 8.388730000000000000e+05
8.393830000000000000e+05 8.396050000000000000e+05
8.405410000000000000e+05 8.406690000000000000e+05
8.408180000000000000e+05 8.409710000000000000e+05
8.412350000000000000e+05 8.416790000000000000e+05
8.413510000000000000e+05 8.415900000000000000e+05
8.419530000000000000e+05 8.421210000000000000e+05
8.444840000000000000e+05 8.446120000000000000e+05
8.462860000000000000e+05 8.464930000000000000e+05
8.467120000000000000e+05 8.469990000000000000e+05
8.467410000000000000e+05 8.469190000000000000e+05
8.467590000000000000e+05 8.469210000000000000e+05
8.475810000000000000e+05 8.478020000000000000e+05
8.475920000000000000e+05 8.477560000000000000e+05
8.482110000000000000e+05 8.487790000000000000e+05
8.482220000000000000e+05 8.487710000000000000e+05
8.491100000000000000e+05 8.494520000000000000e+05
8.491110000000000000e+05 8.492570000000000000e+05
8.491320000000000000e+05 8.492520000000000000e+05
8.493610000000000000e+05 8.494600000000000000e+05
8.496170000000000000e+05 8.497330000000000000e+05
8.496290000000000000e+05 8.497670000000000000e+05
8.499110000000000000e+05 8.500780000000000000e+05
8.503500000000000000e+05 8.507630000000000000e+05
8.503730000000000000e+05 8.506850000000000000e+05
8.503870000000000000e+05 8.507060000000000000e+05
8.521870000000000000e+05 8.524920000000000000e+05
8.530060000000000000e+05 8.532560000000000000e+05
8.530290000000000000e+05 8.534180000000000000e+05
8.530330000000000000e+05 8.531930000000000000e+05
8.532920000000000000e+05 8.534510000000000000e+05
8.553100000000000000e+05 8.556050000000000000e+05
8.553470000000000000e+05 8.557590000000000000e+05
8.559330000000000000e+05 8.561950000000000000e+05
8.562990000000000000e+05 8.564620000000000000e+05
8.563140000000000000e+05 8.569940000000000000e+05
8.563360000000000000e+05 8.569030000000000000e+05
8.565250000000000000e+05 8.569450000000000000e+05
8.572440000000000000e+05 8.575830000000000000e+05
8.578080000000000000e+05 8.581630000000000000e+05
8.578160000000000000e+05 8.581360000000000000e+05
8.587150000000000000e+05 8.589040000000000000e+05
8.590870000000000000e+05 8.593600000000000000e+05
8.591760000000000000e+05 8.593320000000000000e+05
8.596870000000000000e+05 8.600370000000000000e+05
8.603180000000000000e+05 8.606650000000000000e+05
8.603930000000000000e+05 8.606470000000000000e+05
8.629500000000000000e+05 8.631910000000000000e+05
8.643870000000000000e+05 8.644940000000000000e+05
8.687860000000000000e+05 8.690730000000000000e+05
8.688400000000000000e+05 8.689680000000000000e+05
8.698880000000000000e+05 8.701240000000000000e+05
8.699120000000000000e+05 8.701060000000000000e+05
8.702260000000000000e+05 8.704150000000000000e+05
8.725920000000000000e+05 8.726960000000000000e+05
8.747230000000000000e+05 8.748280000000000000e+05
8.778040000000000000e+05 8.781190000000000000e+05
8.779790000000000000e+05 8.781030000000000000e+05
8.785600000000000000e+05 8.787710000000000000e+05
8.792630000000000000e+05 8.797020000000000000e+05
8.792700000000000000e+05 8.795690000000000000e+05
8.792820000000000000e+05 8.795880000000000000e+05
8.809590000000000000e+05 8.811440000000000000e+05
8.815650000000000000e+05 8.819090000000000000e+05
8.842950000000000000e+05 8.848090000000000000e+05
8.843810000000000000e+05 8.847680000000000000e+05
8.844250000000000000e+05 8.847590000000000000e+05
8.850220000000000000e+05 8.853670000000000000e+05
8.859240000000000000e+05 8.864240000000000000e+05
8.859570000000000000e+05 8.862800000000000000e+05
8.859620000000000000e+05 8.864660000000000000e+05
8.859950000000000000e+05 8.864240000000000000e+05
8.860090000000000000e+05 8.862820000000000000e+05
8.874960000000000000e+05 8.878400000000000000e+05
8.905860000000000000e+05 8.912250000000000000e+05
8.916380000000000000e+05 8.918500000000000000e+05
8.919760000000000000e+05 8.923090000000000000e+05
8.919830000000000000e+05 8.920890000000000000e+05
8.921450000000000000e+05 8.922670000000000000e+05
8.950410000000000000e+05 8.955410000000000000e+05
8.950610000000000000e+05 8.954340000000000000e+05
8.956230000000000000e+05 8.958150000000000000e+05
8.958000000000000000e+05 8.962490000000000000e+05
8.960410000000000000e+05 8.962190000000000000e+05
8.960520000000000000e+05 8.961930000000000000e+05
8.964610000000000000e+05 8.966820000000000000e+05
8.964750000000000000e+05 8.966950000000000000e+05
8.967550000000000000e+05 8.969850000000000000e+05
8.973880000000000000e+05 8.977950000000000000e+05
8.974460000000000000e+05 8.978010000000000000e+05
8.974530000000000000e+05 8.976150000000000000e+05
8.974720000000000000e+05 8.976290000000000000e+05
8.985130000000000000e+05 8.988460000000000000e+05
8.985320000000000000e+05 8.987260000000000000e+05
9.004940000000000000e+05 9.005880000000000000e+05
9.020550000000000000e+05 9.022090000000000000e+05
9.038390000000000000e+05 9.040410000000000000e+05
9.047010000000000000e+05 9.048690000000000000e+05
9.057100000000000000e+05 9.058270000000000000e+05
9.068830000000000000e+05 9.071890000000000000e+05
9.087530000000000000e+05 9.090960000000000000e+05
9.088760000000000000e+05 9.090540000000000000e+05
9.095870000000000000e+05 9.098600000000000000e+05
9.096380000000000000e+05 9.098220000000000000e+05
9.096440000000000000e+05 9.098380000000000000e+05
9.108570000000000000e+05 9.110690000000000000e+05
9.116530000000000000e+05 9.119150000000000000e+05
9.140370000000000000e+05 9.141760000000000000e+05
9.140420000000000000e+05 9.142530000000000000e+05
9.157220000000000000e+05 9.160280000000000000e+05
9.164100000000000000e+05 9.165600000000000000e+05
9.164300000000000000e+05 9.165440000000000000e+05
9.169320000000000000e+05 9.170760000000000000e+05
9.184160000000000000e+05 9.186320000000000000e+05
9.186980000000000000e+05 9.189320000000000000e+05
9.193230000000000000e+05 9.196610000000000000e+05
9.221280000000000000e+05 9.225910000000000000e+05
9.221730000000000000e+05 9.223950000000000000e+05
9.225320000000000000e+05 9.226130000000000000e+05
9.245700000000000000e+05 9.247530000000000000e+05
9.259540000000000000e+05 9.262110000000000000e+05
9.260430000000000000e+05 9.262170000000000000e+05
9.260780000000000000e+05 9.264560000000000000e+05
9.263020000000000000e+05 9.265090000000000000e+05
9.267810000000000000e+05 9.270540000000000000e+05
9.268440000000000000e+05 9.270440000000000000e+05
9.280990000000000000e+05 9.282000000000000000e+05
9.304790000000000000e+05 9.307460000000000000e+05
9.304940000000000000e+05 9.306330000000000000e+05
9.310140000000000000e+05 9.312810000000000000e+05
9.316510000000000000e+05 9.320080000000000000e+05
9.327920000000000000e+05 9.329200000000000000e+05
9.332340000000000000e+05 9.335460000000000000e+05
9.333600000000000000e+05 9.335380000000000000e+05
9.350410000000000000e+05 9.351630000000000000e+05
9.360470000000000000e+05 9.361500000000000000e+05
9.360650000000000000e+05 9.361460000000000000e+05
9.375500000000000000e+05 9.378970000000000000e+05
9.375960000000000000e+05 9.378680000000000000e+05
9.380540000000000000e+05 9.383580000000000000e+05
9.380730000000000000e+05 9.387490000000000000e+05
9.380960000000000000e+05 9.383830000000000000e+05
9.381300000000000000e+05 9.383640000000000000e+05
9.381330000000000000e+05 9.383710000000000000e+05
9.384840000000000000e+05 9.385940000000000000e+05
9.384850000000000000e+05 9.387350000000000000e+05
9.384960000000000000e+05 9.386050000000000000e+05
9.389540000000000000e+05 9.391690000000000000e+05
9.390010000000000000e+05 9.394980000000000000e+05
9.390030000000000000e+05 9.392370000000000000e+05
9.390030000000000000e+05 9.393690000000000000e+05
9.390180000000000000e+05 9.392510000000000000e+05
9.397250000000000000e+05 9.399490000000000000e+05
9.403020000000000000e+05 9.404530000000000000e+05
9.403220000000000000e+05 9.405000000000000000e+05
9.403370000000000000e+05 9.409850000000000000e+05
9.406040000000000000e+05 9.409430000000000000e+05
9.428100000000000000e+05 9.430580000000000000e+05
9.449900000000000000e+05 9.451740000000000000e+05
9.449940000000000000e+05 9.452020000000000000e+05
9.454750000000000000e+05 9.456160000000000000e+05
9.457530000000000000e+05 9.463270000000000000e+05
9.458060000000000000e+05 9.460540000000000000e+05
9.458070000000000000e+05 9.462830000000000000e+05
9.461570000000000000e+05 9.462630000000000000e+05
9.469290000000000000e+05 9.470860000000000000e+05
9.469620000000000000e+05 9.470900000000000000e+05
9.482910000000000000e+05 9.485410000000000000e+05
9.484460000000000000e+05 9.485800000000000000e+05
9.489820000000000000e+05 9.492040000000000000e+05
9.502330000000000000e+05 9.504790000000000000e+05
9.505870000000000000e+05 9.507090000000000000e+05
9.505920000000000000e+05 9.508180000000000000e+05
9.511420000000000000e+05 9.513740000000000000e+05
9.511620000000000000e+05 9.512780000000000000e+05
9.528830000000000000e+05 9.530750000000000000e+05
9.528840000000000000e+05 9.530100000000000000e+05
9.536980000000000000e+05 9.539310000000000000e+05
9.537050000000000000e+05 9.540940000000000000e+05
9.537160000000000000e+05 9.539930000000000000e+05
9.546150000000000000e+05 9.547260000000000000e+05
9.557790000000000000e+05 9.559190000000000000e+05
9.563670000000000000e+05 9.564940000000000000e+05
9.578160000000000000e+05 9.579170000000000000e+05
9.585860000000000000e+05 9.588000000000000000e+05
9.586230000000000000e+05 9.588000000000000000e+05
9.612280000000000000e+05 9.615070000000000000e+05
9.642780000000000000e+05 9.644730000000000000e+05
9.642790000000000000e+05 9.645750000000000000e+05
9.650340000000000000e+05 9.651680000000000000e+05
9.655120000000000000e+05 9.658240000000000000e+05
9.667880000000000000e+05 9.671270000000000000e+05
9.668000000000000000e+05 9.669890000000000000e+05
9.687950000000000000e+05 9.693320000000000000e+05
9.688310000000000000e+05 9.692540000000000000e+05
9.703750000000000000e+05 9.705290000000000000e+05
9.703830000000000000e+05 9.709570000000000000e+05
9.707200000000000000e+05 9.709470000000000000e+05
9.707300000000000000e+05 9.709280000000000000e+05
9.710500000000000000e+05 9.714770000000000000e+05
9.717430000000000000e+05 9.720590000000000000e+05
9.759900000000000000e+05 9.762920000000000000e+05
9.766210000000000000e+05 9.769200000000000000e+05
9.785990000000000000e+05 9.789620000000000000e+05
9.794560000000000000e+05 9.795960000000000000e+05
9.810540000000000000e+05 9.812210000000000000e+05
9.818040000000000000e+05 9.822160000000000000e+05
9.818460000000000000e+05 9.820240000000000000e+05
9.820690000000000000e+05 9.822130000000000000e+05
9.820920000000000000e+05 9.822110000000000000e+05
9.828760000000000000e+05 9.832590000000000000e+05
9.837480000000000000e+05 9.839930000000000000e+05
9.856570000000000000e+05 9.858800000000000000e+05
9.859890000000000000e+05 9.866980000000000000e+05
9.860850000000000000e+05 9.863790000000000000e+05
9.864320000000000000e+05 9.867100000000000000e+05
9.868630000000000000e+05 9.871310000000000000e+05
9.880390000000000000e+05 9.883230000000000000e+05
9.886970000000000000e+05 9.890110000000000000e+05
9.886960000000000000e+05 9.887220000000000000e+05
9.888180000000000000e+05 9.890020000000000000e+05
9.897690000000000000e+05 9.901660000000000000e+05
9.897710000000000000e+05 9.900170000000000000e+05
9.904470000000000000e+05 9.907420000000000000e+05
9.910460000000000000e+05 9.914120000000000000e+05
9.911910000000000000e+05 9.914120000000000000e+05
9.926250000000000000e+05 9.928760000000000000e+05
9.943980000000000000e+05 9.947610000000000000e+05
9.949960000000000000e+05 9.951820000000000000e+05
9.950230000000000000e+05 9.951600000000000000e+05
9.959650000000000000e+05 9.960700000000000000e+05
9.966790000000000000e+05 9.968710000000000000e+05
9.981370000000000000e+05 9.984010000000000000e+05
9.989110000000000000e+05 9.991630000000000000e+05
9.997520000000000000e+05 9.999690000000000000e+05
1.000413000000000000e+06 1.000746000000000000e+06
1.001272000000000000e+06 1.001529000000000000e+06
1.001753000000000000e+06 1.002318000000000000e+06
1.001808000000000000e+06 1.002100000000000000e+06
1.001842000000000000e+06 1.002110000000000000e+06
1.002618000000000000e+06 1.003002000000000000e+06
1.002627000000000000e+06 1.002928000000000000e+06
1.003577000000000000e+06 1.003827000000000000e+06
1.003631000000000000e+06 1.003745000000000000e+06
1.004492000000000000e+06 1.004703000000000000e+06
1.005799000000000000e+06 1.006104000000000000e+06
1.010063000000000000e+06 1.010173000000000000e+06
1.010638000000000000e+06 1.010812000000000000e+06
1.011076000000000000e+06 1.011233000000000000e+06
1.011088000000000000e+06 1.011200000000000000e+06
1.011683000000000000e+06 1.012070000000000000e+06
1.013034000000000000e+06 1.013255000000000000e+06
1.013143000000000000e+06 1.013295000000000000e+06
1.013156000000000000e+06 1.013269000000000000e+06
1.014657000000000000e+06 1.015091000000000000e+06
1.014697000000000000e+06 1.015063000000000000e+06
1.014744000000000000e+06 1.014961000000000000e+06
1.016474000000000000e+06 1.016606000000000000e+06
1.016815000000000000e+06 1.017048000000000000e+06
1.017164000000000000e+06 1.017320000000000000e+06
1.017173000000000000e+06 1.017295000000000000e+06
1.018065000000000000e+06 1.018227000000000000e+06
1.018068000000000000e+06 1.018262000000000000e+06
1.018866000000000000e+06 1.018999000000000000e+06
1.018906000000000000e+06 1.019043000000000000e+06
1.020873000000000000e+06 1.021064000000000000e+06
1.021580000000000000e+06 1.021641000000000000e+06
1.022050000000000000e+06 1.022522000000000000e+06
1.022054000000000000e+06 1.022187000000000000e+06
1.022282000000000000e+06 1.022482000000000000e+06
1.023205000000000000e+06 1.023392000000000000e+06
1.024112000000000000e+06 1.024383000000000000e+06
1.024168000000000000e+06 1.024419000000000000e+06
1.024173000000000000e+06 1.024424000000000000e+06
1.025412000000000000e+06 1.025684000000000000e+06
1.025443000000000000e+06 1.025774000000000000e+06
1.025481000000000000e+06 1.025692000000000000e+06
1.026225000000000000e+06 1.026409000000000000e+06
1.026229000000000000e+06 1.026406000000000000e+06
1.026802000000000000e+06 1.027087000000000000e+06
1.026921000000000000e+06 1.027031000000000000e+06
1.027620000000000000e+06 1.028420000000000000e+06
1.027670000000000000e+06 1.028346000000000000e+06
1.027690000000000000e+06 1.027840000000000000e+06
1.028091000000000000e+06 1.028386000000000000e+06
1.028716000000000000e+06 1.028966000000000000e+06
1.029269000000000000e+06 1.029476000000000000e+06
1.029656000000000000e+06 1.029877000000000000e+06
1.029660000000000000e+06 1.030016000000000000e+06
1.030168000000000000e+06 1.030481000000000000e+06
1.030194000000000000e+06 1.030466000000000000e+06
1.030240000000000000e+06 1.030435000000000000e+06
1.030638000000000000e+06 1.031732000000000000e+06
1.030647000000000000e+06 1.031767000000000000e+06
1.030673000000000000e+06 1.031372000000000000e+06
1.031430000000000000e+06 1.031710000000000000e+06
1.031432000000000000e+06 1.031711000000000000e+06
1.032249000000000000e+06 1.032460000000000000e+06
1.033243000000000000e+06 1.033444000000000000e+06
1.033576000000000000e+06 1.033806000000000000e+06
1.034127000000000000e+06 1.034686000000000000e+06
1.034926000000000000e+06 1.035233000000000000e+06
1.035367000000000000e+06 1.035614000000000000e+06
1.035739000000000000e+06 1.036050000000000000e+06
1.035802000000000000e+06 1.035972000000000000e+06
1.036281000000000000e+06 1.036587000000000000e+06
1.036287000000000000e+06 1.036521000000000000e+06
1.036941000000000000e+06 1.037278000000000000e+06
1.036963000000000000e+06 1.037140000000000000e+06
1.036973000000000000e+06 1.037125000000000000e+06
1.037896000000000000e+06 1.038320000000000000e+06
1.037904000000000000e+06 1.038160000000000000e+06
1.038889000000000000e+06 1.039173000000000000e+06
1.039402000000000000e+06 1.039587000000000000e+06
1.039844000000000000e+06 1.040022000000000000e+06
1.039874000000000000e+06 1.040175000000000000e+06
1.039874000000000000e+06 1.040013000000000000e+06
1.039874000000000000e+06 1.040136000000000000e+06
1.040759000000000000e+06 1.040948000000000000e+06
1.041296000000000000e+06 1.041557000000000000e+06
1.041299000000000000e+06 1.041449000000000000e+06
1.043003000000000000e+06 1.043360000000000000e+06
1.043124000000000000e+06 1.043341000000000000e+06
1.044048000000000000e+06 1.044398000000000000e+06
1.045767000000000000e+06 1.046013000000000000e+06
1.045815000000000000e+06 1.045943000000000000e+06
1.046502000000000000e+06 1.046763000000000000e+06
1.046604000000000000e+06 1.046971000000000000e+06
1.046818000000000000e+06 1.046962000000000000e+06
1.047027000000000000e+06 1.047340000000000000e+06
1.047565000000000000e+06 1.047843000000000000e+06
1.048031000000000000e+06 1.048471000000000000e+06
1.048040000000000000e+06 1.048335000000000000e+06
1.048693000000000000e+06 1.049114000000000000e+06
1.048735000000000000e+06 1.048891000000000000e+06
1.049016000000000000e+06 1.049133000000000000e+06
1.049742000000000000e+06 1.049970000000000000e+06
1.050617000000000000e+06 1.050762000000000000e+06
1.050640000000000000e+06 1.050852000000000000e+06
1.051454000000000000e+06 1.051620000000000000e+06
1.052148000000000000e+06 1.052293000000000000e+06
1.052156000000000000e+06 1.052429000000000000e+06
1.053374000000000000e+06 1.053730000000000000e+06
1.053499000000000000e+06 1.053744000000000000e+06
1.054453000000000000e+06 1.054738000000000000e+06
1.054590000000000000e+06 1.054724000000000000e+06
1.057918000000000000e+06 1.058220000000000000e+06
1.058908000000000000e+06 1.059042000000000000e+06
1.059821000000000000e+06 1.060057000000000000e+06
1.060306000000000000e+06 1.060562000000000000e+06
1.060949000000000000e+06 1.061091000000000000e+06
1.061551000000000000e+06 1.061684000000000000e+06
1.061989000000000000e+06 1.062169000000000000e+06
1.062009000000000000e+06 1.062151000000000000e+06
1.063156000000000000e+06 1.063726000000000000e+06
1.063206000000000000e+06 1.063601000000000000e+06
1.064156000000000000e+06 1.064580000000000000e+06
1.064343000000000000e+06 1.064548000000000000e+06
1.065630000000000000e+06 1.066136000000000000e+06
1.066947000000000000e+06 1.067156000000000000e+06
1.067509000000000000e+06 1.067715000000000000e+06
1.068410000000000000e+06 1.068655000000000000e+06
1.068424000000000000e+06 1.068802000000000000e+06
1.069217000000000000e+06 1.069546000000000000e+06
1.069633000000000000e+06 1.069802000000000000e+06
1.074238000000000000e+06 1.074466000000000000e+06
1.076080000000000000e+06 1.076266000000000000e+06
1.076592000000000000e+06 1.076854000000000000e+06
1.077600000000000000e+06 1.078013000000000000e+06
1.077605000000000000e+06 1.077692000000000000e+06
1.077843000000000000e+06 1.077958000000000000e+06
1.077855000000000000e+06 1.077988000000000000e+06
1.078490000000000000e+06 1.078885000000000000e+06
1.080165000000000000e+06 1.080505000000000000e+06
1.080924000000000000e+06 1.081058000000000000e+06
1.081491000000000000e+06 1.081858000000000000e+06
1.081501000000000000e+06 1.081629000000000000e+06
1.083198000000000000e+06 1.083326000000000000e+06
1.083216000000000000e+06 1.083665000000000000e+06
1.083223000000000000e+06 1.083610000000000000e+06
1.083438000000000000e+06 1.083627000000000000e+06
1.084104000000000000e+06 1.084221000000000000e+06
1.084436000000000000e+06 1.084662000000000000e+06
1.084458000000000000e+06 1.084651000000000000e+06
1.084582000000000000e+06 1.084670000000000000e+06
1.085280000000000000e+06 1.085470000000000000e+06
1.085284000000000000e+06 1.085603000000000000e+06
1.085290000000000000e+06 1.085630000000000000e+06
1.086299000000000000e+06 1.086508000000000000e+06
1.086329000000000000e+06 1.086500000000000000e+06
1.087026000000000000e+06 1.087424000000000000e+06
1.087045000000000000e+06 1.087384000000000000e+06
1.087895000000000000e+06 1.088271000000000000e+06
1.087900000000000000e+06 1.088272000000000000e+06
1.087930000000000000e+06 1.088141000000000000e+06
1.088640000000000000e+06 1.088996000000000000e+06
1.088726000000000000e+06 1.088987000000000000e+06
1.089448000000000000e+06 1.089582000000000000e+06
1.089461000000000000e+06 1.089597000000000000e+06
1.089474000000000000e+06 1.089587000000000000e+06
1.089666000000000000e+06 1.089928000000000000e+06
1.089702000000000000e+06 1.090089000000000000e+06
1.089713000000000000e+06 1.090085000000000000e+06
1.090419000000000000e+06 1.090853000000000000e+06
1.090453000000000000e+06 1.090831000000000000e+06
1.090507000000000000e+06 1.090657000000000000e+06
1.091407000000000000e+06 1.091747000000000000e+06
1.091566000000000000e+06 1.091756000000000000e+06
1.091827000000000000e+06 1.091989000000000000e+06
1.091842000000000000e+06 1.092072000000000000e+06
1.092438000000000000e+06 1.093026000000000000e+06
1.092472000000000000e+06 1.092640000000000000e+06
1.092503000000000000e+06 1.092621000000000000e+06
1.092744000000000000e+06 1.093000000000000000e+06
1.092814000000000000e+06 1.092965000000000000e+06
1.092845000000000000e+06 1.093039000000000000e+06
1.093110000000000000e+06 1.093372000000000000e+06
1.093116000000000000e+06 1.093552000000000000e+06
1.093145000000000000e+06 1.093317000000000000e+06
1.093199000000000000e+06 1.093387000000000000e+06
1.093488000000000000e+06 1.093744000000000000e+06
1.093492000000000000e+06 1.093753000000000000e+06
1.093602000000000000e+06 1.093746000000000000e+06
1.096586000000000000e+06 1.096843000000000000e+06
1.097553000000000000e+06 1.097815000000000000e+06
1.098454000000000000e+06 1.098548000000000000e+06
1.098989000000000000e+06 1.099517000000000000e+06
1.099028000000000000e+06 1.099262000000000000e+06
1.099897000000000000e+06 1.100272000000000000e+06
1.099963000000000000e+06 1.100158000000000000e+06
1.100848000000000000e+06 1.101043000000000000e+06
1.101565000000000000e+06 1.101949000000000000e+06
1.102470000000000000e+06 1.102703000000000000e+06
1.102482000000000000e+06 1.102980000000000000e+06
1.103552000000000000e+06 1.103850000000000000e+06
1.105693000000000000e+06 1.105826000000000000e+06
1.106365000000000000e+06 1.106603000000000000e+06
1.106386000000000000e+06 1.106572000000000000e+06
1.107129000000000000e+06 1.107466000000000000e+06
1.107173000000000000e+06 1.107440000000000000e+06
1.107282000000000000e+06 1.107427000000000000e+06
1.108018000000000000e+06 1.108389000000000000e+06
1.108056000000000000e+06 1.108301000000000000e+06
1.108651000000000000e+06 1.108929000000000000e+06
1.108651000000000000e+06 1.108774000000000000e+06
1.109223000000000000e+06 1.109339000000000000e+06
1.109300000000000000e+06 1.109790000000000000e+06
1.109353000000000000e+06 1.109719000000000000e+06
1.109387000000000000e+06 1.109609000000000000e+06
1.109670000000000000e+06 1.109777000000000000e+06
1.110588000000000000e+06 1.110710000000000000e+06
1.111093000000000000e+06 1.111239000000000000e+06
1.111479000000000000e+06 1.111635000000000000e+06
1.111489000000000000e+06 1.111943000000000000e+06
1.111831000000000000e+06 1.111918000000000000e+06
1.111852000000000000e+06 1.112045000000000000e+06
1.112622000000000000e+06 1.112762000000000000e+06
1.112661000000000000e+06 1.112830000000000000e+06
1.113078000000000000e+06 1.113549000000000000e+06
1.114105000000000000e+06 1.114536000000000000e+06
1.114150000000000000e+06 1.114395000000000000e+06
1.114906000000000000e+06 1.115550000000000000e+06
1.114916000000000000e+06 1.115140000000000000e+06
1.114948000000000000e+06 1.115145000000000000e+06
1.115189000000000000e+06 1.115484000000000000e+06
1.115203000000000000e+06 1.115298000000000000e+06
1.115221000000000000e+06 1.115328000000000000e+06
1.115394000000000000e+06 1.115555000000000000e+06
1.115414000000000000e+06 1.115509000000000000e+06
1.115747000000000000e+06 1.116062000000000000e+06
1.115776000000000000e+06 1.116015000000000000e+06
1.116535000000000000e+06 1.116725000000000000e+06
1.117041000000000000e+06 1.117224000000000000e+06
1.117776000000000000e+06 1.118163000000000000e+06
1.118642000000000000e+06 1.118865000000000000e+06
1.118662000000000000e+06 1.119057000000000000e+06
1.119340000000000000e+06 1.119607000000000000e+06
1.119350000000000000e+06 1.119614000000000000e+06
1.119937000000000000e+06 1.120120000000000000e+06
1.120605000000000000e+06 1.120830000000000000e+06
1.121607000000000000e+06 1.121772000000000000e+06
1.122851000000000000e+06 1.123081000000000000e+06
1.123133000000000000e+06 1.123277000000000000e+06
1.123159000000000000e+06 1.123265000000000000e+06
1.123660000000000000e+06 1.123772000000000000e+06
1.124475000000000000e+06 1.124636000000000000e+06
1.126010000000000000e+06 1.126340000000000000e+06
1.126096000000000000e+06 1.126247000000000000e+06
1.130670000000000000e+06 1.130842000000000000e+06
1.131354000000000000e+06 1.131560000000000000e+06
1.132103000000000000e+06 1.132231000000000000e+06
1.132956000000000000e+06 1.133144000000000000e+06
1.133192000000000000e+06 1.133309000000000000e+06
1.133214000000000000e+06 1.133324000000000000e+06
1.133588000000000000e+06 1.133733000000000000e+06
1.133838000000000000e+06 1.134043000000000000e+06
1.137271000000000000e+06 1.137416000000000000e+06
1.140896000000000000e+06 1.141159000000000000e+06
1.140896000000000000e+06 1.141141000000000000e+06
1.141243000000000000e+06 1.141415000000000000e+06
1.141617000000000000e+06 1.141794000000000000e+06
1.141901000000000000e+06 1.142232000000000000e+06
1.141953000000000000e+06 1.142092000000000000e+06
1.141953000000000000e+06 1.142103000000000000e+06
1.144431000000000000e+06 1.144534000000000000e+06
1.144909000000000000e+06 1.145175000000000000e+06
1.146020000000000000e+06 1.146137000000000000e+06
1.147498000000000000e+06 1.147669000000000000e+06
1.149232000000000000e+06 1.149410000000000000e+06
1.149961000000000000e+06 1.150189000000000000e+06
1.149963000000000000e+06 1.150124000000000000e+06
1.150035000000000000e+06 1.150441000000000000e+06
1.150185000000000000e+06 1.150447000000000000e+06
1.150243000000000000e+06 1.150408000000000000e+06
1.155946000000000000e+06 1.156219000000000000e+06
1.157493000000000000e+06 1.157791000000000000e+06
1.160075000000000000e+06 1.160426000000000000e+06
1.160100000000000000e+06 1.160275000000000000e+06
1.160837000000000000e+06 1.161176000000000000e+06
1.162039000000000000e+06 1.162165000000000000e+06
1.162255000000000000e+06 1.162413000000000000e+06
1.162821000000000000e+06 1.163188000000000000e+06
1.163759000000000000e+06 1.164076000000000000e+06
1.164585000000000000e+06 1.164876000000000000e+06
1.165315000000000000e+06 1.165487000000000000e+06
1.166689000000000000e+06 1.166829000000000000e+06
1.167535000000000000e+06 1.167960000000000000e+06
1.171319000000000000e+06 1.171491000000000000e+06
1.171356000000000000e+06 1.171547000000000000e+06
1.171892000000000000e+06 1.172290000000000000e+06
1.175355000000000000e+06 1.175539000000000000e+06
1.175381000000000000e+06 1.175464000000000000e+06
1.180511000000000000e+06 1.180699000000000000e+06
1.180768000000000000e+06 1.180957000000000000e+06
1.181205000000000000e+06 1.181494000000000000e+06
1.182293000000000000e+06 1.182449000000000000e+06
1.183757000000000000e+06 1.183880000000000000e+06
1.185324000000000000e+06 1.185446000000000000e+06
1.185440000000000000e+06 1.185624000000000000e+06
1.185518000000000000e+06 1.185635000000000000e+06
1.186208000000000000e+06 1.186647000000000000e+06
1.186234000000000000e+06 1.186562000000000000e+06
1.186726000000000000e+06 1.186859000000000000e+06
1.188146000000000000e+06 1.188449000000000000e+06
1.188985000000000000e+06 1.189124000000000000e+06
1.190267000000000000e+06 1.190390000000000000e+06
1.190877000000000000e+06 1.191104000000000000e+06
1.192412000000000000e+06 1.192541000000000000e+06
1.193384000000000000e+06 1.193782000000000000e+06
1.197124000000000000e+06 1.197244000000000000e+06
1.197851000000000000e+06 1.198127000000000000e+06
1.198829000000000000e+06 1.199085000000000000e+06
1.201266000000000000e+06 1.201399000000000000e+06
1.201569000000000000e+06 1.201697000000000000e+06
1.201627000000000000e+06 1.201739000000000000e+06
1.201769000000000000e+06 1.201914000000000000e+06
1.201818000000000000e+06 1.201928000000000000e+06
1.201987000000000000e+06 1.202146000000000000e+06
1.205192000000000000e+06 1.205381000000000000e+06
1.209676000000000000e+06 1.210070000000000000e+06
1.210363000000000000e+06 1.210642000000000000e+06
1.211997000000000000e+06 1.212275000000000000e+06
1.213350000000000000e+06 1.213573000000000000e+06
1.215659000000000000e+06 1.215848000000000000e+06
1.217450000000000000e+06 1.217584000000000000e+06
1.217476000000000000e+06 1.217677000000000000e+06
1.219150000000000000e+06 1.219250000000000000e+06
1.219579000000000000e+06 1.219799000000000000e+06
1.219602000000000000e+06 1.219753000000000000e+06
1.222093000000000000e+06 1.222534000000000000e+06
1.223618000000000000e+06 1.223755000000000000e+06
1.223896000000000000e+06 1.224000000000000000e+06
1.224337000000000000e+06 1.224491000000000000e+06
1.226058000000000000e+06 1.226247000000000000e+06
1.229685000000000000e+06 1.230068000000000000e+06
1.233415000000000000e+06 1.233663000000000000e+06
1.234850000000000000e+06 1.235131000000000000e+06
1.236760000000000000e+06 1.237045000000000000e+06
1.237756000000000000e+06 1.237954000000000000e+06
1.237819000000000000e+06 1.237919000000000000e+06
1.242425000000000000e+06 1.243018000000000000e+06
1.243162000000000000e+06 1.243437000000000000e+06
1.245877000000000000e+06 1.246087000000000000e+06
1.252463000000000000e+06 1.252652000000000000e+06
1.252736000000000000e+06 1.252925000000000000e+06
1.252778000000000000e+06 1.253000000000000000e+06
1.255757000000000000e+06 1.255955000000000000e+06
1.256476000000000000e+06 1.256591000000000000e+06
1.257407000000000000e+06 1.257660000000000000e+06
1.258931000000000000e+06 1.259083000000000000e+06
1.260109000000000000e+06 1.260395000000000000e+06
1.261202000000000000e+06 1.261463000000000000e+06
1.262856000000000000e+06 1.263148000000000000e+06
1.263029000000000000e+06 1.263140000000000000e+06
1.265316000000000000e+06 1.265660000000000000e+06
1.269177000000000000e+06 1.269416000000000000e+06
1.270433000000000000e+06 1.270537000000000000e+06
1.272656000000000000e+06 1.272924000000000000e+06
1.277389000000000000e+06 1.277496000000000000e+06
1.285846000000000000e+06 1.286017000000000000e+06
1.289504000000000000e+06 1.289643000000000000e+06
1.290102000000000000e+06 1.290330000000000000e+06
1.291133000000000000e+06 1.291266000000000000e+06
1.291559000000000000e+06 1.291762000000000000e+06
1.292201000000000000e+06 1.292424000000000000e+06
1.294643000000000000e+06 1.294987000000000000e+06
1.296260000000000000e+06 1.296586000000000000e+06
1.298481000000000000e+06 1.298654000000000000e+06
1.300457000000000000e+06 1.300807000000000000e+06
1.302056000000000000e+06 1.302421000000000000e+06
1.302515000000000000e+06 1.302884000000000000e+06
1.303274000000000000e+06 1.303386000000000000e+06
1.303295000000000000e+06 1.303499000000000000e+06
1.304292000000000000e+06 1.304501000000000000e+06
1.307327000000000000e+06 1.307465000000000000e+06
1.307928000000000000e+06 1.308095000000000000e+06
1.310839000000000000e+06 1.311008000000000000e+06
1.313432000000000000e+06 1.313556000000000000e+06
1.313464000000000000e+06 1.313564000000000000e+06
1.315004000000000000e+06 1.315132000000000000e+06
1.315726000000000000e+06 1.315838000000000000e+06
1.316966000000000000e+06 1.317115000000000000e+06
1.322087000000000000e+06 1.322361000000000000e+06
1.322997000000000000e+06 1.323185000000000000e+06
1.323073000000000000e+06 1.323184000000000000e+06
1.324842000000000000e+06 1.325004000000000000e+06
1.327877000000000000e+06 1.328063000000000000e+06
1.328315000000000000e+06 1.328493000000000000e+06
1.329210000000000000e+06 1.329345000000000000e+06
1.329516000000000000e+06 1.329714000000000000e+06
1.330694000000000000e+06 1.330800000000000000e+06
1.330890000000000000e+06 1.331017000000000000e+06
1.333363000000000000e+06 1.333491000000000000e+06
1.333380000000000000e+06 1.333814000000000000e+06
1.333386000000000000e+06 1.333564000000000000e+06
1.334962000000000000e+06 1.335078000000000000e+06
1.338079000000000000e+06 1.338179000000000000e+06
1.339714000000000000e+06 1.340002000000000000e+06
1.340547000000000000e+06 1.340777000000000000e+06
1.341005000000000000e+06 1.341180000000000000e+06
1.345842000000000000e+06 1.345958000000000000e+06
1.346104000000000000e+06 1.346263000000000000e+06
1.346320000000000000e+06 1.346470000000000000e+06
1.347319000000000000e+06 1.347476000000000000e+06
1.348572000000000000e+06 1.348784000000000000e+06
1.350796000000000000e+06 1.351148000000000000e+06
1.356068000000000000e+06 1.356237000000000000e+06
1.358821000000000000e+06 1.359072000000000000e+06
1.364656000000000000e+06 1.364808000000000000e+06
1.368554000000000000e+06 1.368749000000000000e+06
1.371990000000000000e+06 1.372105000000000000e+06
1.380277000000000000e+06 1.380468000000000000e+06
1.381879000000000000e+06 1.382025000000000000e+06
1.383492000000000000e+06 1.383693000000000000e+06
1.386171000000000000e+06 1.386525000000000000e+06
1.386831000000000000e+06 1.387246000000000000e+06
1.388153000000000000e+06 1.388272000000000000e+06
1.388345000000000000e+06 1.388586000000000000e+06
1.389619000000000000e+06 1.389812000000000000e+06
1.404028000000000000e+06 1.404199000000000000e+06
1.404683000000000000e+06 1.404919000000000000e+06
1.408958000000000000e+06 1.409060000000000000e+06
1.409142000000000000e+06 1.409333000000000000e+06
1.416061000000000000e+06 1.416185000000000000e+06
1.416068000000000000e+06 1.416190000000000000e+06
1.428142000000000000e+06 1.428259000000000000e+06
1.429146000000000000e+06 1.429317000000000000e+06
1.432012000000000000e+06 1.432126000000000000e+06
1.432469000000000000e+06 1.432714000000000000e+06
1.437832000000000000e+06 1.437977000000000000e+06
1.804816000000000000e+06 1.805109000000000000e+06
1.805583000000000000e+06 1.805699000000000000e+06
1.809710000000000000e+06 1.809885000000000000e+06
1.811248000000000000e+06 1.811394000000000000e+06
1.813967000000000000e+06 1.814097000000000000e+06
1.817558000000000000e+06 1.817681000000000000e+06
1.817798000000000000e+06 1.817976000000000000e+06
1.818288000000000000e+06 1.818649000000000000e+06
1.820117000000000000e+06 1.820222000000000000e+06
1.827393000000000000e+06 1.827538000000000000e+06
1.828324000000000000e+06 1.828436000000000000e+06
1.829079000000000000e+06 1.829203000000000000e+06
1.829567000000000000e+06 1.829773000000000000e+06
1.829623000000000000e+06 1.829724000000000000e+06
1.829806000000000000e+06 1.830031000000000000e+06
1.830266000000000000e+06 1.830485000000000000e+06
1.833524000000000000e+06 1.833672000000000000e+06
1.835397000000000000e+06 1.835603000000000000e+06
1.838279000000000000e+06 1.838655000000000000e+06
1.844666000000000000e+06 1.844975000000000000e+06
1.852526000000000000e+06 1.852717000000000000e+06
1.858104000000000000e+06 1.858224000000000000e+06
1.860156000000000000e+06 1.860314000000000000e+06
1.861719000000000000e+06 1.861847000000000000e+06
1.861723000000000000e+06 1.861866000000000000e+06
1.868587000000000000e+06 1.868781000000000000e+06
1.869592000000000000e+06 1.869721000000000000e+06
1.874474000000000000e+06 1.874639000000000000e+06
1.879662000000000000e+06 1.879786000000000000e+06
1.885150000000000000e+06 1.885379000000000000e+06
2.087273000000000000e+06 2.087417000000000000e+06
2.102311000000000000e+06 2.102564000000000000e+06
2.103179000000000000e+06 2.103874000000000000e+06
2.103204000000000000e+06 2.103811000000000000e+06
2.103935000000000000e+06 2.104169000000000000e+06
2.104006000000000000e+06 2.104184000000000000e+06
2.104898000000000000e+06 2.105150000000000000e+06
2.105802000000000000e+06 2.106000000000000000e+06
2.106052000000000000e+06 2.106208000000000000e+06
2.106073000000000000e+06 2.106196000000000000e+06
2.109390000000000000e+06 2.109551000000000000e+06
2.111196000000000000e+06 2.111304000000000000e+06
2.111756000000000000e+06 2.111942000000000000e+06
2.113006000000000000e+06 2.113189000000000000e+06
2.115646000000000000e+06 2.115868000000000000e+06
2.115661000000000000e+06 2.115874000000000000e+06
2.115913000000000000e+06 2.116085000000000000e+06
2.115937000000000000e+06 2.116095000000000000e+06
2.116390000000000000e+06 2.116529000000000000e+06
2.117002000000000000e+06 2.117163000000000000e+06
2.123078000000000000e+06 2.123762000000000000e+06
2.123086000000000000e+06 2.123286000000000000e+06
2.123617000000000000e+06 2.123773000000000000e+06
2.127857000000000000e+06 2.127946000000000000e+06
2.127873000000000000e+06 2.128026000000000000e+06
2.128425000000000000e+06 2.128549000000000000e+06
2.130098000000000000e+06 2.130265000000000000e+06
2.131918000000000000e+06 2.132106000000000000e+06
2.132648000000000000e+06 2.132909000000000000e+06
2.135141000000000000e+06 2.135284000000000000e+06
2.136248000000000000e+06 2.136437000000000000e+06
2.139507000000000000e+06 2.139685000000000000e+06
2.139543000000000000e+06 2.139682000000000000e+06
2.140067000000000000e+06 2.140196000000000000e+06
2.140234000000000000e+06 2.140356000000000000e+06
2.142940000000000000e+06 2.143138000000000000e+06
2.143495000000000000e+06 2.143679000000000000e+06
2.146629000000000000e+06 2.146757000000000000e+06
2.149432000000000000e+06 2.149593000000000000e+06
2.150160000000000000e+06 2.150274000000000000e+06
2.163300000000000000e+06 2.163436000000000000e+06
2.165054000000000000e+06 2.165204000000000000e+06
2.165075000000000000e+06 2.165281000000000000e+06
2.165344000000000000e+06 2.165551000000000000e+06
2.166065000000000000e+06 2.166239000000000000e+06
2.166727000000000000e+06 2.167095000000000000e+06
2.167596000000000000e+06 2.167824000000000000e+06
2.171331000000000000e+06 2.171469000000000000e+06
2.175215000000000000e+06 2.175432000000000000e+06
2.176937000000000000e+06 2.177112000000000000e+06
2.177176000000000000e+06 2.177389000000000000e+06
2.177782000000000000e+06 2.177976000000000000e+06
2.180648000000000000e+06 2.180885000000000000e+06
2.180756000000000000e+06 2.180912000000000000e+06
2.181861000000000000e+06 2.182033000000000000e+06
2.183372000000000000e+06 2.183481000000000000e+06
2.188285000000000000e+06 2.188445000000000000e+06
2.190193000000000000e+06 2.190321000000000000e+06
2.190234000000000000e+06 2.190318000000000000e+06
2.190478000000000000e+06 2.190699000000000000e+06
2.194680000000000000e+06 2.194797000000000000e+06
2.199707000000000000e+06 2.199827000000000000e+06
2.200821000000000000e+06 2.201021000000000000e+06
2.200830000000000000e+06 2.200970000000000000e+06
2.202181000000000000e+06 2.202409000000000000e+06
2.202496000000000000e+06 2.202607000000000000e+06
2.202504000000000000e+06 2.202609000000000000e+06
2.203149000000000000e+06 2.203312000000000000e+06
2.203370000000000000e+06 2.203663000000000000e+06
2.203397000000000000e+06 2.203669000000000000e+06
2.203469000000000000e+06 2.203692000000000000e+06
2.204954000000000000e+06 2.205171000000000000e+06
2.207408000000000000e+06 2.207547000000000000e+06
2.208963000000000000e+06 2.209202000000000000e+06
2.209407000000000000e+06 2.209521000000000000e+06
2.210025000000000000e+06 2.210398000000000000e+06
2.210059000000000000e+06 2.210415000000000000e+06
2.210159000000000000e+06 2.210420000000000000e+06
2.210464000000000000e+06 2.210592000000000000e+06
2.211172000000000000e+06 2.211405000000000000e+06
2.211240000000000000e+06 2.211401000000000000e+06
2.211774000000000000e+06 2.211874000000000000e+06
2.212787000000000000e+06 2.212909000000000000e+06
2.214602000000000000e+06 2.214746000000000000e+06
2.215597000000000000e+06 2.216081000000000000e+06
2.215612000000000000e+06 2.215935000000000000e+06
2.216176000000000000e+06 2.216343000000000000e+06
2.217950000000000000e+06 2.218351000000000000e+06
2.220059000000000000e+06 2.220387000000000000e+06
2.220818000000000000e+06 2.221145000000000000e+06
2.222331000000000000e+06 2.222437000000000000e+06
2.222531000000000000e+06 2.222742000000000000e+06
2.224329000000000000e+06 2.224461000000000000e+06
2.227150000000000000e+06 2.227342000000000000e+06
2.229073000000000000e+06 2.229218000000000000e+06
2.230790000000000000e+06 2.230957000000000000e+06
2.234541000000000000e+06 2.234742000000000000e+06
2.235694000000000000e+06 2.235850000000000000e+06
2.236469000000000000e+06 2.236770000000000000e+06
2.237341000000000000e+06 2.237497000000000000e+06
2.238560000000000000e+06 2.238677000000000000e+06
2.239052000000000000e+06 2.239213000000000000e+06
2.241649000000000000e+06 2.241789000000000000e+06
2.241866000000000000e+06 2.242134000000000000e+06
2.243497000000000000e+06 2.243644000000000000e+06
2.247268000000000000e+06 2.247513000000000000e+06
2.247276000000000000e+06 2.247393000000000000e+06
2.251117000000000000e+06 2.251345000000000000e+06
2.251790000000000000e+06 2.252008000000000000e+06
2.251819000000000000e+06 2.251936000000000000e+06
2.252244000000000000e+06 2.252510000000000000e+06
2.254004000000000000e+06 2.254246000000000000e+06
2.256457000000000000e+06 2.256657000000000000e+06
2.256528000000000000e+06 2.256720000000000000e+06
2.261012000000000000e+06 2.261119000000000000e+06
2.264773000000000000e+06 2.265025000000000000e+06
2.265068000000000000e+06 2.265190000000000000e+06
2.265076000000000000e+06 2.265226000000000000e+06
2.265513000000000000e+06 2.265624000000000000e+06
2.266731000000000000e+06 2.266952000000000000e+06
2.268178000000000000e+06 2.268438000000000000e+06
2.268963000000000000e+06 2.269230000000000000e+06
2.269829000000000000e+06 2.270169000000000000e+06
2.270929000000000000e+06 2.271181000000000000e+06
2.271244000000000000e+06 2.271364000000000000e+06
2.271633000000000000e+06 2.271805000000000000e+06
2.276031000000000000e+06 2.276166000000000000e+06
2.281426000000000000e+06 2.281802000000000000e+06
2.281947000000000000e+06 2.282140000000000000e+06
2.284968000000000000e+06 2.285186000000000000e+06
2.286370000000000000e+06 2.286570000000000000e+06
2.299274000000000000e+06 2.299443000000000000e+06
2.300220000000000000e+06 2.300393000000000000e+06
2.301377000000000000e+06 2.301716000000000000e+06
2.302037000000000000e+06 2.302311000000000000e+06
2.307527000000000000e+06 2.307666000000000000e+06
2.307726000000000000e+06 2.307804000000000000e+06
2.308347000000000000e+06 2.308466000000000000e+06
2.311283000000000000e+06 2.311487000000000000e+06
2.311558000000000000e+06 2.311630000000000000e+06
2.314469000000000000e+06 2.314572000000000000e+06
2.314863000000000000e+06 2.315169000000000000e+06
2.316180000000000000e+06 2.316290000000000000e+06
2.316939000000000000e+06 2.317106000000000000e+06
2.322308000000000000e+06 2.322461000000000000e+06
2.323591000000000000e+06 2.323719000000000000e+06
2.323604000000000000e+06 2.323718000000000000e+06
2.324842000000000000e+06 2.324965000000000000e+06
2.326935000000000000e+06 2.327040000000000000e+06
2.331530000000000000e+06 2.331703000000000000e+06
2.332718000000000000e+06 2.332824000000000000e+06
2.333113000000000000e+06 2.333325000000000000e+06
2.333959000000000000e+06 2.334093000000000000e+06
2.336753000000000000e+06 2.336903000000000000e+06
2.338000000000000000e+06 2.338362000000000000e+06
2.340287000000000000e+06 2.340571000000000000e+06
2.340318000000000000e+06 2.340462000000000000e+06
2.340604000000000000e+06 2.340815000000000000e+06
2.345083000000000000e+06 2.345222000000000000e+06
2.345150000000000000e+06 2.345261000000000000e+06
2.348698000000000000e+06 2.348815000000000000e+06
2.357636000000000000e+06 2.357994000000000000e+06
2.359476000000000000e+06 2.359576000000000000e+06
2.359709000000000000e+06 2.359832000000000000e+06
2.361254000000000000e+06 2.361505000000000000e+06
2.364746000000000000e+06 2.364968000000000000e+06
2.367639000000000000e+06 2.367759000000000000e+06
2.369860000000000000e+06 2.369968000000000000e+06
2.371429000000000000e+06 2.371629000000000000e+06
2.374893000000000000e+06 2.375309000000000000e+06
2.375659000000000000e+06 2.375816000000000000e+06
2.377555000000000000e+06 2.377739000000000000e+06
2.380505000000000000e+06 2.380704000000000000e+06
2.381081000000000000e+06 2.381242000000000000e+06
2.381287000000000000e+06 2.381409000000000000e+06
2.381732000000000000e+06 2.381882000000000000e+06
2.382608000000000000e+06 2.382906000000000000e+06
2.383328000000000000e+06 2.383623000000000000e+06
2.385863000000000000e+06 2.385974000000000000e+06
2.386761000000000000e+06 2.387106000000000000e+06
2.386880000000000000e+06 2.387030000000000000e+06
2.389483000000000000e+06 2.389761000000000000e+06
2.391540000000000000e+06 2.391933000000000000e+06
2.393146000000000000e+06 2.393387000000000000e+06
2.395176000000000000e+06 2.395309000000000000e+06
2.396085000000000000e+06 2.396302000000000000e+06
2.397109000000000000e+06 2.397315000000000000e+06
2.397343000000000000e+06 2.397477000000000000e+06
2.400204000000000000e+06 2.400395000000000000e+06
2.401875000000000000e+06 2.402152000000000000e+06
2.402223000000000000e+06 2.402754000000000000e+06
2.403171000000000000e+06 2.403310000000000000e+06
2.403572000000000000e+06 2.403683000000000000e+06
2.405293000000000000e+06 2.405491000000000000e+06
2.405689000000000000e+06 2.405904000000000000e+06
2.409410000000000000e+06 2.409677000000000000e+06
2.410152000000000000e+06 2.410297000000000000e+06
2.412448000000000000e+06 2.412826000000000000e+06
2.415087000000000000e+06 2.415354000000000000e+06
2.417799000000000000e+06 2.417948000000000000e+06
2.419968000000000000e+06 2.420080000000000000e+06
2.423411000000000000e+06 2.423551000000000000e+06
2.429704000000000000e+06 2.429915000000000000e+06
2.429791000000000000e+06 2.429928000000000000e+06
2.430278000000000000e+06 2.430609000000000000e+06
2.431392000000000000e+06 2.431560000000000000e+06
2.432745000000000000e+06 2.432840000000000000e+06
2.435152000000000000e+06 2.435481000000000000e+06
2.435504000000000000e+06 2.435621000000000000e+06
2.435819000000000000e+06 2.435980000000000000e+06
2.437367000000000000e+06 2.437629000000000000e+06
2.438280000000000000e+06 2.438415000000000000e+06
2.439004000000000000e+06 2.439215000000000000e+06
2.439731000000000000e+06 2.439895000000000000e+06
2.440323000000000000e+06 2.440486000000000000e+06
2.442531000000000000e+06 2.443090000000000000e+06
2.443208000000000000e+06 2.443534000000000000e+06
2.445735000000000000e+06 2.446070000000000000e+06
2.446290000000000000e+06 2.446578000000000000e+06
2.446968000000000000e+06 2.447186000000000000e+06
2.447969000000000000e+06 2.448111000000000000e+06
2.449546000000000000e+06 2.449718000000000000e+06
2.450587000000000000e+06 2.450723000000000000e+06
2.451404000000000000e+06 2.451586000000000000e+06
2.453430000000000000e+06 2.453559000000000000e+06
2.453848000000000000e+06 2.454147000000000000e+06
2.454435000000000000e+06 2.454602000000000000e+06
2.454440000000000000e+06 2.454622000000000000e+06
2.454683000000000000e+06 2.455045000000000000e+06
2.456656000000000000e+06 2.456768000000000000e+06
2.456848000000000000e+06 2.457076000000000000e+06
2.457555000000000000e+06 2.457755000000000000e+06
2.458351000000000000e+06 2.458501000000000000e+06
2.458597000000000000e+06 2.458725000000000000e+06
2.459599000000000000e+06 2.459717000000000000e+06
2.460897000000000000e+06 2.461055000000000000e+06
2.463074000000000000e+06 2.463444000000000000e+06
2.466967000000000000e+06 2.467145000000000000e+06
2.468735000000000000e+06 2.468927000000000000e+06
2.469093000000000000e+06 2.469221000000000000e+06
2.469638000000000000e+06 2.469909000000000000e+06
2.470821000000000000e+06 2.470973000000000000e+06
2.471270000000000000e+06 2.471470000000000000e+06
2.471788000000000000e+06 2.472190000000000000e+06
2.473176000000000000e+06 2.473298000000000000e+06
2.475529000000000000e+06 2.475695000000000000e+06
2.479076000000000000e+06 2.479236000000000000e+06
2.479626000000000000e+06 2.479804000000000000e+06
2.481713000000000000e+06 2.481983000000000000e+06
2.484629000000000000e+06 2.484744000000000000e+06
2.484911000000000000e+06 2.485103000000000000e+06
2.485649000000000000e+06 2.485813000000000000e+06
2.486998000000000000e+06 2.487142000000000000e+06
2.487222000000000000e+06 2.487426000000000000e+06
2.488206000000000000e+06 2.488426000000000000e+06
2.488834000000000000e+06 2.488992000000000000e+06
2.490486000000000000e+06 2.490611000000000000e+06
2.493834000000000000e+06 2.494006000000000000e+06
2.495608000000000000e+06 2.496198000000000000e+06
2.497657000000000000e+06 2.497761000000000000e+06
2.498437000000000000e+06 2.498543000000000000e+06
2.500104000000000000e+06 2.500279000000000000e+06
2.500699000000000000e+06 2.501015000000000000e+06
2.501366000000000000e+06 2.501583000000000000e+06
2.502666000000000000e+06 2.502941000000000000e+06
2.504187000000000000e+06 2.504386000000000000e+06
2.506003000000000000e+06 2.506167000000000000e+06
2.508576000000000000e+06 2.508798000000000000e+06
2.511092000000000000e+06 2.511376000000000000e+06
2.511894000000000000e+06 2.512205000000000000e+06
2.512832000000000000e+06 2.512948000000000000e+06
2.514535000000000000e+06 2.514816000000000000e+06
2.515054000000000000e+06 2.515187000000000000e+06
2.515813000000000000e+06 2.515968000000000000e+06
2.518803000000000000e+06 2.519058000000000000e+06
2.518820000000000000e+06 2.519015000000000000e+06
2.524181000000000000e+06 2.524311000000000000e+06
2.526089000000000000e+06 2.526477000000000000e+06
2.529140000000000000e+06 2.529244000000000000e+06
2.529833000000000000e+06 2.529971000000000000e+06
2.530046000000000000e+06 2.530166000000000000e+06
2.532306000000000000e+06 2.532441000000000000e+06
2.538112000000000000e+06 2.538274000000000000e+06
2.538343000000000000e+06 2.538486000000000000e+06
2.539069000000000000e+06 2.539268000000000000e+06
2.539949000000000000e+06 2.540114000000000000e+06
2.540765000000000000e+06 2.541132000000000000e+06
2.541869000000000000e+06 2.541976000000000000e+06
2.542048000000000000e+06 2.542193000000000000e+06
2.544962000000000000e+06 2.545163000000000000e+06
2.546864000000000000e+06 2.547025000000000000e+06
2.548729000000000000e+06 2.549019000000000000e+06
2.549193000000000000e+06 2.549399000000000000e+06
2.552668000000000000e+06 2.552878000000000000e+06
2.555750000000000000e+06 2.555958000000000000e+06
2.556083000000000000e+06 2.556350000000000000e+06
2.559267000000000000e+06 2.559406000000000000e+06
2.559715000000000000e+06 2.559918000000000000e+06
2.561103000000000000e+06 2.561354000000000000e+06
2.563960000000000000e+06 2.564158000000000000e+06
2.575071000000000000e+06 2.575218000000000000e+06
2.577349000000000000e+06 2.577730000000000000e+06
2.578811000000000000e+06 2.578938000000000000e+06
2.581898000000000000e+06 2.582124000000000000e+06
2.583991000000000000e+06 2.584145000000000000e+06
2.585129000000000000e+06 2.585244000000000000e+06
2.586017000000000000e+06 2.586165000000000000e+06
2.587637000000000000e+06 2.587873000000000000e+06
2.590216000000000000e+06 2.590408000000000000e+06
2.592544000000000000e+06 2.592841000000000000e+06
2.594293000000000000e+06 2.594432000000000000e+06
2.596452000000000000e+06 2.596585000000000000e+06
2.604998000000000000e+06 2.605111000000000000e+06
2.607654000000000000e+06 2.607964000000000000e+06
2.611825000000000000e+06 2.612015000000000000e+06
2.615824000000000000e+06 2.615926000000000000e+06
2.617931000000000000e+06 2.618093000000000000e+06
2.619528000000000000e+06 2.619720000000000000e+06
2.619836000000000000e+06 2.620021000000000000e+06
2.620558000000000000e+06 2.620658000000000000e+06
2.621050000000000000e+06 2.621405000000000000e+06
2.622296000000000000e+06 2.622499000000000000e+06
2.626646000000000000e+06 2.626979000000000000e+06
2.627162000000000000e+06 2.627355000000000000e+06
2.629403000000000000e+06 2.629691000000000000e+06
2.631285000000000000e+06 2.631412000000000000e+06
2.635269000000000000e+06 2.635521000000000000e+06
2.635848000000000000e+06 2.635987000000000000e+06
2.636570000000000000e+06 2.636815000000000000e+06
2.636932000000000000e+06 2.637065000000000000e+06
2.637161000000000000e+06 2.637438000000000000e+06
2.638992000000000000e+06 2.639092000000000000e+06
2.639785000000000000e+06 2.640063000000000000e+06
2.643561000000000000e+06 2.643776000000000000e+06
2.645845000000000000e+06 2.645995000000000000e+06
2.646067000000000000e+06 2.646263000000000000e+06
2.646620000000000000e+06 2.646779000000000000e+06
2.646693000000000000e+06 2.646776000000000000e+06
2.649921000000000000e+06 2.650084000000000000e+06
2.650829000000000000e+06 2.650949000000000000e+06
2.651079000000000000e+06 2.651511000000000000e+06
2.651946000000000000e+06 2.652057000000000000e+06
2.653301000000000000e+06 2.653528000000000000e+06
2.654465000000000000e+06 2.654888000000000000e+06
2.656150000000000000e+06 2.656336000000000000e+06
2.656968000000000000e+06 2.657152000000000000e+06
2.660298000000000000e+06 2.660476000000000000e+06
2.663296000000000000e+06 2.663495000000000000e+06
2.663708000000000000e+06 2.663985000000000000e+06
2.665539000000000000e+06 2.665681000000000000e+06
2.667884000000000000e+06 2.668141000000000000e+06
2.668991000000000000e+06 2.669394000000000000e+06
2.669756000000000000e+06 2.669971000000000000e+06
2.670026000000000000e+06 2.670259000000000000e+06
2.670470000000000000e+06 2.670716000000000000e+06
2.671482000000000000e+06 2.671610000000000000e+06
2.672146000000000000e+06 2.672316000000000000e+06
2.676929000000000000e+06 2.677070000000000000e+06
2.677719000000000000e+06 2.677803000000000000e+06
2.677875000000000000e+06 2.677997000000000000e+06
2.677902000000000000e+06 2.678049000000000000e+06
2.678339000000000000e+06 2.678447000000000000e+06
2.679101000000000000e+06 2.679400000000000000e+06
2.680073000000000000e+06 2.680220000000000000e+06
2.681527000000000000e+06 2.681633000000000000e+06
2.684507000000000000e+06 2.684697000000000000e+06
2.685184000000000000e+06 2.685636000000000000e+06
2.685451000000000000e+06 2.685618000000000000e+06
2.685751000000000000e+06 2.685866000000000000e+06
2.687212000000000000e+06 2.687359000000000000e+06
2.690935000000000000e+06 2.691045000000000000e+06
2.701377000000000000e+06 2.701535000000000000e+06
2.707026000000000000e+06 2.707147000000000000e+06
2.707607000000000000e+06 2.708296000000000000e+06
2.708389000000000000e+06 2.708783000000000000e+06
2.709086000000000000e+06 2.709210000000000000e+06
2.710734000000000000e+06 2.710927000000000000e+06
2.716552000000000000e+06 2.716752000000000000e+06
2.717522000000000000e+06 2.717680000000000000e+06
2.718556000000000000e+06 2.718698000000000000e+06
2.719156000000000000e+06 2.719432000000000000e+06
2.719947000000000000e+06 2.720080000000000000e+06
2.721712000000000000e+06 2.721940000000000000e+06
2.723671000000000000e+06 2.723784000000000000e+06
2.726809000000000000e+06 2.726942000000000000e+06
2.727267000000000000e+06 2.727580000000000000e+06
2.728374000000000000e+06 2.728637000000000000e+06
2.731727000000000000e+06 2.731925000000000000e+06
2.732623000000000000e+06 2.732747000000000000e+06
2.734272000000000000e+06 2.734454000000000000e+06
2.736538000000000000e+06 2.736649000000000000e+06
2.740049000000000000e+06 2.740388000000000000e+06
2.740657000000000000e+06 2.740906000000000000e+06
2.741389000000000000e+06 2.741528000000000000e+06
2.744164000000000000e+06 2.744275000000000000e+06
2.744802000000000000e+06 2.745026000000000000e+06
2.746893000000000000e+06 2.747066000000000000e+06
2.748034000000000000e+06 2.748268000000000000e+06
2.753478000000000000e+06 2.753676000000000000e+06
2.757519000000000000e+06 2.757768000000000000e+06
2.759917000000000000e+06 2.760050000000000000e+06
2.765572000000000000e+06 2.766000000000000000e+06
2.767334000000000000e+06 2.767473000000000000e+06
2.768654000000000000e+06 2.768815000000000000e+06
2.769517000000000000e+06 2.769710000000000000e+06
2.769764000000000000e+06 2.769912000000000000e+06
2.770792000000000000e+06 2.771022000000000000e+06
2.772488000000000000e+06 2.772674000000000000e+06
2.775027000000000000e+06 2.775135000000000000e+06
2.776356000000000000e+06 2.776613000000000000e+06
2.777070000000000000e+06 2.777407000000000000e+06
2.778997000000000000e+06 2.779164000000000000e+06
2.781444000000000000e+06 2.781620000000000000e+06
2.781735000000000000e+06 2.781972000000000000e+06
2.782840000000000000e+06 2.782942000000000000e+06
2.783150000000000000e+06 2.783514000000000000e+06
2.790936000000000000e+06 2.791038000000000000e+06
2.793488000000000000e+06 2.793661000000000000e+06
2.793791000000000000e+06 2.793946000000000000e+06
2.793822000000000000e+06 2.794004000000000000e+06
2.796303000000000000e+06 2.796454000000000000e+06
2.799661000000000000e+06 2.799764000000000000e+06
2.804753000000000000e+06 2.805061000000000000e+06
2.828230000000000000e+06 2.828347000000000000e+06
2.830124000000000000e+06 2.830230000000000000e+06
2.830291000000000000e+06 2.830391000000000000e+06
2.830313000000000000e+06 2.830480000000000000e+06
2.832115000000000000e+06 2.832245000000000000e+06
2.834265000000000000e+06 2.834373000000000000e+06
2.837678000000000000e+06 2.837809000000000000e+06
2.840085000000000000e+06 2.840293000000000000e+06
2.842712000000000000e+06 2.843069000000000000e+06
2.843609000000000000e+06 2.844004000000000000e+06
2.845016000000000000e+06 2.845198000000000000e+06
2.856235000000000000e+06 2.856397000000000000e+06
2.856480000000000000e+06 2.856591000000000000e+06
2.857236000000000000e+06 2.857452000000000000e+06
2.857420000000000000e+06 2.857632000000000000e+06
2.861262000000000000e+06 2.861374000000000000e+06
2.863735000000000000e+06 2.863963000000000000e+06
2.871541000000000000e+06 2.871679000000000000e+06
2.873285000000000000e+06 2.873477000000000000e+06
2.874697000000000000e+06 2.874810000000000000e+06
2.875454000000000000e+06 2.875706000000000000e+06
2.877579000000000000e+06 2.877831000000000000e+06
2.878518000000000000e+06 2.878796000000000000e+06
2.880549000000000000e+06 2.880762000000000000e+06
2.883727000000000000e+06 2.883832000000000000e+06
2.894473000000000000e+06 2.894619000000000000e+06
2.953345000000000000e+06 2.953540000000000000e+06
2.953358000000000000e+06 2.953703000000000000e+06
2.961570000000000000e+06 2.961726000000000000e+06
3.221626000000000000e+06 3.221936000000000000e+06
3.222235000000000000e+06 3.222588000000000000e+06
3.232943000000000000e+06 3.233309000000000000e+06
3.233898000000000000e+06 3.234148000000000000e+06
3.237104000000000000e+06 3.237220000000000000e+06
3.244835000000000000e+06 3.245085000000000000e+06
3.245998000000000000e+06 3.246160000000000000e+06
3.248950000000000000e+06 3.249123000000000000e+06
3.250680000000000000e+06 3.250786000000000000e+06
3.250862000000000000e+06 3.251157000000000000e+06
3.254008000000000000e+06 3.254163000000000000e+06
3.256548000000000000e+06 3.256832000000000000e+06
3.256923000000000000e+06 3.257039000000000000e+06
3.257487000000000000e+06 3.257831000000000000e+06
3.257587000000000000e+06 3.257820000000000000e+06
3.259135000000000000e+06 3.259279000000000000e+06
3.259324000000000000e+06 3.259491000000000000e+06
3.259357000000000000e+06 3.259483000000000000e+06
3.262932000000000000e+06 3.263413000000000000e+06
3.267902000000000000e+06 3.268063000000000000e+06
3.272262000000000000e+06 3.272453000000000000e+06
3.277542000000000000e+06 3.277769000000000000e+06
3.279651000000000000e+06 3.279808000000000000e+06
3.280197000000000000e+06 3.280447000000000000e+06
3.280245000000000000e+06 3.280429000000000000e+06
3.280853000000000000e+06 3.281055000000000000e+06
3.283582000000000000e+06 3.283720000000000000e+06
3.284809000000000000e+06 3.284998000000000000e+06
3.289790000000000000e+06 3.289985000000000000e+06
3.297655000000000000e+06 3.297836000000000000e+06
3.300727000000000000e+06 3.300915000000000000e+06
3.300986000000000000e+06 3.301090000000000000e+06
3.303628000000000000e+06 3.303818000000000000e+06
3.304087000000000000e+06 3.304291000000000000e+06
3.307492000000000000e+06 3.307663000000000000e+06
3.308004000000000000e+06 3.308133000000000000e+06
3.313919000000000000e+06 3.314087000000000000e+06
3.314814000000000000e+06 3.314940000000000000e+06
3.319681000000000000e+06 3.319798000000000000e+06
3.319858000000000000e+06 3.319992000000000000e+06
3.322492000000000000e+06 3.322607000000000000e+06
3.324840000000000000e+06 3.325004000000000000e+06
3.325472000000000000e+06 3.325656000000000000e+06
3.325853000000000000e+06 3.325986000000000000e+06
3.326682000000000000e+06 3.326965000000000000e+06
3.327544000000000000e+06 3.327774000000000000e+06
3.328829000000000000e+06 3.328996000000000000e+06
3.331334000000000000e+06 3.331579000000000000e+06
3.332123000000000000e+06 3.332280000000000000e+06
3.332662000000000000e+06 3.332775000000000000e+06
3.336549000000000000e+06 3.336783000000000000e+06
3.337508000000000000e+06 3.337680000000000000e+06
3.337735000000000000e+06 3.337835000000000000e+06
3.342079000000000000e+06 3.342239000000000000e+06
3.345572000000000000e+06 3.345744000000000000e+06
3.348529000000000000e+06 3.348899000000000000e+06
3.352715000000000000e+06 3.352870000000000000e+06
3.353017000000000000e+06 3.353170000000000000e+06
3.354093000000000000e+06 3.354176000000000000e+06
3.354516000000000000e+06 3.354649000000000000e+06
3.355284000000000000e+06 3.355434000000000000e+06
3.356603000000000000e+06 3.356731000000000000e+06
3.356806000000000000e+06 3.356990000000000000e+06
3.358228000000000000e+06 3.358343000000000000e+06
3.359210000000000000e+06 3.359358000000000000e+06
3.359434000000000000e+06 3.359651000000000000e+06
3.359435000000000000e+06 3.359695000000000000e+06
3.361100000000000000e+06 3.361349000000000000e+06
3.363494000000000000e+06 3.363722000000000000e+06
3.364369000000000000e+06 3.364464000000000000e+06
3.366833000000000000e+06 3.366978000000000000e+06
3.369353000000000000e+06 3.369585000000000000e+06
3.369462000000000000e+06 3.369613000000000000e+06
3.374191000000000000e+06 3.374311000000000000e+06
3.375805000000000000e+06 3.376050000000000000e+06
3.381084000000000000e+06 3.381268000000000000e+06
3.381098000000000000e+06 3.381338000000000000e+06
3.381643000000000000e+06 3.382024000000000000e+06
3.384577000000000000e+06 3.384766000000000000e+06
3.385395000000000000e+06 3.385601000000000000e+06
3.386022000000000000e+06 3.386168000000000000e+06
3.386573000000000000e+06 3.386696000000000000e+06
3.388479000000000000e+06 3.388618000000000000e+06
3.392252000000000000e+06 3.392452000000000000e+06
3.392891000000000000e+06 3.393071000000000000e+06
3.402093000000000000e+06 3.402296000000000000e+06
3.408739000000000000e+06 3.408928000000000000e+06
3.417393000000000000e+06 3.417536000000000000e+06
3.418696000000000000e+06 3.418880000000000000e+06
3.419447000000000000e+06 3.419715000000000000e+06
3.424454000000000000e+06 3.424620000000000000e+06
3.427318000000000000e+06 3.427494000000000000e+06
3.429021000000000000e+06 3.429169000000000000e+06
3.432939000000000000e+06 3.433239000000000000e+06
3.433836000000000000e+06 3.433999000000000000e+06
3.434060000000000000e+06 3.434359000000000000e+06
3.434103000000000000e+06 3.434292000000000000e+06
3.436384000000000000e+06 3.436532000000000000e+06
3.439551000000000000e+06 3.439779000000000000e+06
3.439797000000000000e+06 3.439908000000000000e+06
3.440252000000000000e+06 3.440408000000000000e+06
3.440456000000000000e+06 3.440595000000000000e+06
3.442313000000000000e+06 3.442517000000000000e+06
3.443202000000000000e+06 3.443414000000000000e+06
3.443641000000000000e+06 3.443918000000000000e+06
3.445054000000000000e+06 3.445272000000000000e+06
3.447857000000000000e+06 3.448005000000000000e+06
3.448590000000000000e+06 3.448835000000000000e+06
3.448962000000000000e+06 3.449079000000000000e+06
3.453729000000000000e+06 3.453837000000000000e+06
3.459222000000000000e+06 3.459621000000000000e+06
3.460736000000000000e+06 3.460864000000000000e+06
3.462123000000000000e+06 3.462238000000000000e+06
3.464471000000000000e+06 3.464609000000000000e+06
3.467631000000000000e+06 3.467742000000000000e+06
3.468249000000000000e+06 3.468432000000000000e+06
3.472729000000000000e+06 3.472952000000000000e+06
3.473559000000000000e+06 3.473707000000000000e+06
3.473567000000000000e+06 3.473760000000000000e+06
3.475628000000000000e+06 3.475817000000000000e+06
3.475874000000000000e+06 3.475985000000000000e+06
3.476494000000000000e+06 3.476703000000000000e+06
3.477310000000000000e+06 3.477544000000000000e+06
3.477974000000000000e+06 3.478102000000000000e+06
3.478182000000000000e+06 3.478404000000000000e+06
3.478897000000000000e+06 3.479054000000000000e+06
3.479154000000000000e+06 3.479329000000000000e+06
3.488459000000000000e+06 3.488577000000000000e+06
3.490482000000000000e+06 3.490620000000000000e+06
3.490689000000000000e+06 3.490794000000000000e+06
3.492349000000000000e+06 3.492750000000000000e+06
3.493863000000000000e+06 3.494314000000000000e+06
3.495865000000000000e+06 3.496043000000000000e+06
3.498917000000000000e+06 3.499034000000000000e+06
3.502482000000000000e+06 3.502618000000000000e+06
3.508542000000000000e+06 3.508670000000000000e+06
3.513731000000000000e+06 3.513949000000000000e+06
3.523974000000000000e+06 3.524136000000000000e+06
3.524983000000000000e+06 3.525217000000000000e+06
3.526631000000000000e+06 3.526754000000000000e+06
3.531496000000000000e+06 3.531746000000000000e+06
3.531536000000000000e+06 3.531743000000000000e+06
3.531827000000000000e+06 3.531968000000000000e+06
3.534491000000000000e+06 3.534641000000000000e+06
3.538724000000000000e+06 3.538827000000000000e+06
3.546051000000000000e+06 3.546297000000000000e+06
3.547010000000000000e+06 3.547200000000000000e+06
3.547291000000000000e+06 3.547431000000000000e+06
3.553250000000000000e+06 3.553350000000000000e+06
3.553358000000000000e+06 3.553508000000000000e+06
3.555616000000000000e+06 3.555733000000000000e+06
3.557993000000000000e+06 3.558119000000000000e+06
3.558422000000000000e+06 3.558562000000000000e+06
3.564772000000000000e+06 3.564906000000000000e+06
3.567289000000000000e+06 3.567418000000000000e+06
3.570379000000000000e+06 3.570500000000000000e+06
3.582651000000000000e+06 3.582764000000000000e+06
3.584303000000000000e+06 3.584409000000000000e+06
3.586804000000000000e+06 3.587132000000000000e+06
3.592286000000000000e+06 3.592469000000000000e+06
3.592309000000000000e+06 3.592676000000000000e+06
3.593220000000000000e+06 3.593554000000000000e+06
3.595472000000000000e+06 3.595657000000000000e+06
3.599737000000000000e+06 3.599976000000000000e+06
3.606098000000000000e+06 3.606207000000000000e+06
3.606973000000000000e+06 3.607220000000000000e+06
3.607763000000000000e+06 3.607891000000000000e+06
3.608130000000000000e+06 3.608366000000000000e+06
3.611687000000000000e+06 3.611832000000000000e+06
3.612427000000000000e+06 3.612549000000000000e+06
3.612607000000000000e+06 3.612730000000000000e+06
3.612897000000000000e+06 3.613121000000000000e+06
3.617797000000000000e+06 3.617916000000000000e+06
3.619648000000000000e+06 3.619809000000000000e+06
3.621894000000000000e+06 3.622056000000000000e+06
3.622132000000000000e+06 3.622220000000000000e+06
3.628395000000000000e+06 3.628551000000000000e+06
3.638246000000000000e+06 3.638497000000000000e+06
3.639222000000000000e+06 3.639355000000000000e+06
3.639747000000000000e+06 3.639975000000000000e+06
3.640029000000000000e+06 3.640174000000000000e+06
3.640236000000000000e+06 3.640369000000000000e+06
3.655228000000000000e+06 3.655490000000000000e+06
3.667278000000000000e+06 3.667462000000000000e+06
3.670312000000000000e+06 3.670540000000000000e+06
3.670630000000000000e+06 3.670780000000000000e+06
3.673337000000000000e+06 3.673468000000000000e+06
3.683481000000000000e+06 3.683659000000000000e+06
3.685005000000000000e+06 3.685281000000000000e+06
3.685341000000000000e+06 3.685480000000000000e+06
3.685906000000000000e+06 3.686072000000000000e+06
3.686135000000000000e+06 3.686275000000000000e+06
3.687193000000000000e+06 3.687325000000000000e+06
3.691105000000000000e+06 3.691348000000000000e+06
3.691949000000000000e+06 3.692086000000000000e+06
3.692259000000000000e+06 3.692360000000000000e+06
3.693093000000000000e+06 3.693260000000000000e+06
3.696550000000000000e+06 3.696808000000000000e+06
3.699882000000000000e+06 3.700126000000000000e+06
3.703636000000000000e+06 3.703753000000000000e+06
3.713249000000000000e+06 3.713403000000000000e+06
3.724759000000000000e+06 3.724923000000000000e+06
5.423682000000000000e+06 5.423754000000000000e+06
