5.579020000000000000e+05 5.579960000000000000e+05
5.756450000000000000e+05 5.758390000000000000e+05
5.767650000000000000e+05 5.769740000000000000e+05
5.778060000000000000e+05 5.778790000000000000e+05
5.788760000000000000e+05 5.790800000000000000e+05
5.848490000000000000e+05 5.849490000000000000e+05
5.874070000000000000e+05 5.875640000000000000e+05
5.886730000000000000e+05 5.887460000000000000e+05
5.895210000000000000e+05 5.899130000000000000e+05
5.903470000000000000e+05 5.905980000000000000e+05
5.913040000000000000e+05 5.915030000000000000e+05
5.926540000000000000e+05 5.929470000000000000e+05
5.935480000000000000e+05 5.937370000000000000e+05
5.945840000000000000e+05 5.946990000000000000e+05
5.967920000000000000e+05 5.969590000000000000e+05
5.977910000000000000e+05 5.982040000000000000e+05
5.991400000000000000e+05 5.994120000000000000e+05
5.998600000000000000e+05 6.000120000000000000e+05
6.013870000000000000e+05 6.015700000000000000e+05
6.025220000000000000e+05 6.026580000000000000e+05
6.033380000000000000e+05 6.035270000000000000e+05
6.045900000000000000e+05 6.051020000000000000e+05
6.054920000000000000e+05 6.058590000000000000e+05
6.070320000000000000e+05 6.072360000000000000e+05
6.092130000000000000e+05 6.095690000000000000e+05
6.101440000000000000e+05 6.104320000000000000e+05
6.125130000000000000e+05 6.131560000000000000e+05
6.136070000000000000e+05 6.140990000000000000e+05
6.148140000000000000e+05 6.152040000000000000e+05
6.161070000000000000e+05 6.164790000000000000e+05
6.170910000000000000e+05 6.174050000000000000e+05
6.181750000000000000e+05 6.186790000000000000e+05
6.197740000000000000e+05 6.202920000000000000e+05
6.211030000000000000e+05 6.216260000000000000e+05
6.218830000000000000e+05 6.219850000000000000e+05
6.221440000000000000e+05 6.230490000000000000e+05
6.234410000000000000e+05 6.239490000000000000e+05
6.245030000000000000e+05 6.253040000000000000e+05
6.259630000000000000e+05 6.263020000000000000e+05
6.270980000000000000e+05 6.273750000000000000e+05
6.284790000000000000e+05 6.285940000000000000e+05
6.293050000000000000e+05 6.294780000000000000e+05
6.296710000000000000e+05 6.297810000000000000e+05
6.323130000000000000e+05 6.324070000000000000e+05
6.338410000000000000e+05 6.341230000000000000e+05
6.356120000000000000e+05 6.359150000000000000e+05
6.370210000000000000e+05 6.373090000000000000e+05
6.377010000000000000e+05 6.378920000000000000e+05
6.384230000000000000e+05 6.387320000000000000e+05
6.402120000000000000e+05 6.404110000000000000e+05
6.414200000000000000e+05 6.416660000000000000e+05
6.422050000000000000e+05 6.424040000000000000e+05
6.426020000000000000e+05 6.427910000000000000e+05
6.434430000000000000e+05 6.439710000000000000e+05
6.445380000000000000e+05 6.448200000000000000e+05
6.465360000000000000e+05 6.466860000000000000e+05
6.475040000000000000e+05 6.477450000000000000e+05
6.482570000000000000e+05 6.487230000000000000e+05
6.505640000000000000e+05 6.508760000000000000e+05
6.525750000000000000e+05 6.526920000000000000e+05
6.553690000000000000e+05 6.555020000000000000e+05
6.568860000000000000e+05 6.569960000000000000e+05
6.579740000000000000e+05 6.581620000000000000e+05
6.585960000000000000e+05 6.588840000000000000e+05
6.621640000000000000e+05 6.623370000000000000e+05
6.630320000000000000e+05 6.631680000000000000e+05
6.641690000000000000e+05 6.642580000000000000e+05
6.650110000000000000e+05 6.651580000000000000e+05
6.666260000000000000e+05 6.668300000000000000e+05
6.672850000000000000e+05 6.674890000000000000e+05
6.680030000000000000e+05 6.682530000000000000e+05
6.683920000000000000e+05 6.685530000000000000e+05
6.691990000000000000e+05 6.694320000000000000e+05
6.702720000000000000e+05 6.707430000000000000e+05
6.722510000000000000e+05 6.723960000000000000e+05
6.752790000000000000e+05 6.754180000000000000e+05
6.762740000000000000e+05 6.764080000000000000e+05
6.846390000000000000e+05 6.849140000000000000e+05
6.851020000000000000e+05 6.853970000000000000e+05
6.881930000000000000e+05 6.883270000000000000e+05
6.887190000000000000e+05 6.888470000000000000e+05
6.913430000000000000e+05 6.915680000000000000e+05
6.978080000000000000e+05 6.979390000000000000e+05
6.980380000000000000e+05 6.982530000000000000e+05
7.007950000000000000e+05 7.009520000000000000e+05
7.030170000000000000e+05 7.032170000000000000e+05
7.068070000000000000e+05 7.069680000000000000e+05
7.092670000000000000e+05 7.095070000000000000e+05
7.136810000000000000e+05 7.137980000000000000e+05
7.144270000000000000e+05 7.145270000000000000e+05
7.265270000000000000e+05 7.268510000000000000e+05
7.300580000000000000e+05 7.304660000000000000e+05
7.309730000000000000e+05 7.313340000000000000e+05
7.346650000000000000e+05 7.348410000000000000e+05
7.412210000000000000e+05 7.413270000000000000e+05
7.589260000000000000e+05 7.591260000000000000e+05
7.715870000000000000e+05 7.718850000000000000e+05
7.736480000000000000e+05 7.738310000000000000e+05
7.770580000000000000e+05 7.772990000000000000e+05
7.778460000000000000e+05 7.779350000000000000e+05
7.799340000000000000e+05 7.800180000000000000e+05
7.823860000000000000e+05 7.826160000000000000e+05
7.852110000000000000e+05 7.853160000000000000e+05
7.878080000000000000e+05 7.879700000000000000e+05
8.162120000000000000e+05 8.163400000000000000e+05
8.264420000000000000e+05 8.265310000000000000e+05
8.460820000000000000e+05 8.461840000000000000e+05
8.467700000000000000e+05 8.468540000000000000e+05
8.609070000000000000e+05 8.609960000000000000e+05
8.747900000000000000e+05 8.749520000000000000e+05
8.751400000000000000e+05 8.754020000000000000e+05
8.758950000000000000e+05 8.760120000000000000e+05
8.760960000000000000e+05 8.761840000000000000e+05
8.798640000000000000e+05 8.799530000000000000e+05
8.825540000000000000e+05 8.826470000000000000e+05
8.886210000000000000e+05 8.886990000000000000e+05
8.894790000000000000e+05 8.895960000000000000e+05
8.983130000000000000e+05 8.983860000000000000e+05
8.999800000000000000e+05 9.002260000000000000e+05
9.079580000000000000e+05 9.080860000000000000e+05
9.222590000000000000e+05 9.224110000000000000e+05
9.525020000000000000e+05 9.526080000000000000e+05
9.815320000000000000e+05 9.816100000000000000e+05
9.903150000000000000e+05 9.904200000000000000e+05
1.001970000000000000e+06 1.002048000000000000e+06
1.005545000000000000e+06 1.005642000000000000e+06
1.017757000000000000e+06 1.017907000000000000e+06
1.023024000000000000e+06 1.023092000000000000e+06
1.028093000000000000e+06 1.028235000000000000e+06
1.047190000000000000e+06 1.047318000000000000e+06
1.050022000000000000e+06 1.050126000000000000e+06
1.050822000000000000e+06 1.051047000000000000e+06
1.052083000000000000e+06 1.052245000000000000e+06
1.069774000000000000e+06 1.069910000000000000e+06
1.074393000000000000e+06 1.074493000000000000e+06
1.101420000000000000e+06 1.101650000000000000e+06
1.103306000000000000e+06 1.103417000000000000e+06
1.105338000000000000e+06 1.105463000000000000e+06
1.108293000000000000e+06 1.108502000000000000e+06
1.109679000000000000e+06 1.109826000000000000e+06
1.119969000000000000e+06 1.120037000000000000e+06
1.121462000000000000e+06 1.121578000000000000e+06
1.124415000000000000e+06 1.124577000000000000e+06
1.132300000000000000e+06 1.132406000000000000e+06
1.142242000000000000e+06 1.142378000000000000e+06
1.179822000000000000e+06 1.179896000000000000e+06
1.183967000000000000e+06 1.184106000000000000e+06
1.184740000000000000e+06 1.184868000000000000e+06
1.185372000000000000e+06 1.185488000000000000e+06
1.199345000000000000e+06 1.199467000000000000e+06
1.205721000000000000e+06 1.205857000000000000e+06
1.234856000000000000e+06 1.234956000000000000e+06
1.235770000000000000e+06 1.235948000000000000e+06
1.238415000000000000e+06 1.238614000000000000e+06
1.239022000000000000e+06 1.239294000000000000e+06
1.240602000000000000e+06 1.240806000000000000e+06
1.241794000000000000e+06 1.242076000000000000e+06
1.243052000000000000e+06 1.243696000000000000e+06
1.244433000000000000e+06 1.244548000000000000e+06
1.244703000000000000e+06 1.244938000000000000e+06
1.245184000000000000e+06 1.245357000000000000e+06
1.245655000000000000e+06 1.246188000000000000e+06
1.246323000000000000e+06 1.246786000000000000e+06
1.247105000000000000e+06 1.247476000000000000e+06
1.247584000000000000e+06 1.247968000000000000e+06
1.248210000000000000e+06 1.248566000000000000e+06
1.249746000000000000e+06 1.250358000000000000e+06
1.250588000000000000e+06 1.251179000000000000e+06
1.251550000000000000e+06 1.251848000000000000e+06
1.253671000000000000e+06 1.254001000000000000e+06
1.254456000000000000e+06 1.254665000000000000e+06
1.255470000000000000e+06 1.255755000000000000e+06
1.257046000000000000e+06 1.257229000000000000e+06
1.257379000000000000e+06 1.257635000000000000e+06
1.258327000000000000e+06 1.258814000000000000e+06
1.259028000000000000e+06 1.259227000000000000e+06
1.259562000000000000e+06 1.259922000000000000e+06
1.261063000000000000e+06 1.261366000000000000e+06
1.262568000000000000e+06 1.263133000000000000e+06
1.263516000000000000e+06 1.264039000000000000e+06
1.264577000000000000e+06 1.265276000000000000e+06
1.265994000000000000e+06 1.266161000000000000e+06
1.267142000000000000e+06 1.267378000000000000e+06
1.267952000000000000e+06 1.268186000000000000e+06
1.273842000000000000e+06 1.273960000000000000e+06
1.277439000000000000e+06 1.277623000000000000e+06
1.277854000000000000e+06 1.278148000000000000e+06
1.278499000000000000e+06 1.278874000000000000e+06
1.279162000000000000e+06 1.279390000000000000e+06
1.280017000000000000e+06 1.280656000000000000e+06
1.281073000000000000e+06 1.281262000000000000e+06
1.281490000000000000e+06 1.281652000000000000e+06
1.282692000000000000e+06 1.282931000000000000e+06
1.283714000000000000e+06 1.284050000000000000e+06
1.284624000000000000e+06 1.284990000000000000e+06
1.285377000000000000e+06 1.285429000000000000e+06
1.285809000000000000e+06 1.286001000000000000e+06
1.286403000000000000e+06 1.287154000000000000e+06
1.290558000000000000e+06 1.290783000000000000e+06
1.292286000000000000e+06 1.292497000000000000e+06
1.293106000000000000e+06 1.293362000000000000e+06
1.293566000000000000e+06 1.293754000000000000e+06
1.294508000000000000e+06 1.295086000000000000e+06
1.295494000000000000e+06 1.295707000000000000e+06
1.297965000000000000e+06 1.298054000000000000e+06
1.299808000000000000e+06 1.300016000000000000e+06
1.300614000000000000e+06 1.300753000000000000e+06
1.301868000000000000e+06 1.301962000000000000e+06
1.302841000000000000e+06 1.303113000000000000e+06
1.303651000000000000e+06 1.303735000000000000e+06
1.303812000000000000e+06 1.303937000000000000e+06
1.304122000000000000e+06 1.304295000000000000e+06
1.304450000000000000e+06 1.304818000000000000e+06
1.311418000000000000e+06 1.311640000000000000e+06
1.312106000000000000e+06 1.312362000000000000e+06
1.312913000000000000e+06 1.313130000000000000e+06
1.313964000000000000e+06 1.314425000000000000e+06
1.315168000000000000e+06 1.315471000000000000e+06
1.316177000000000000e+06 1.316392000000000000e+06
1.317370000000000000e+06 1.317684000000000000e+06
1.318274000000000000e+06 1.318386000000000000e+06
1.320937000000000000e+06 1.321387000000000000e+06
1.321968000000000000e+06 1.322125000000000000e+06
1.322306000000000000e+06 1.322417000000000000e+06
1.323192000000000000e+06 1.323401000000000000e+06
1.324060000000000000e+06 1.324290000000000000e+06
1.324505000000000000e+06 1.324793000000000000e+06
1.325070000000000000e+06 1.325237000000000000e+06
1.325405000000000000e+06 1.325488000000000000e+06
1.327652000000000000e+06 1.327792000000000000e+06
1.328854000000000000e+06 1.329058000000000000e+06
1.329257000000000000e+06 1.329467000000000000e+06
1.333055000000000000e+06 1.333254000000000000e+06
1.334080000000000000e+06 1.334316000000000000e+06
1.335516000000000000e+06 1.335688000000000000e+06
1.336150000000000000e+06 1.336384000000000000e+06
1.337142000000000000e+06 1.337346000000000000e+06
1.337556000000000000e+06 1.337912000000000000e+06
1.338216000000000000e+06 1.338608000000000000e+06
1.338780000000000000e+06 1.338948000000000000e+06
1.343038000000000000e+06 1.343326000000000000e+06
1.343806000000000000e+06 1.343901000000000000e+06
1.344854000000000000e+06 1.345000000000000000e+06
1.345073000000000000e+06 1.345209000000000000e+06
1.346025000000000000e+06 1.346147000000000000e+06
1.346447000000000000e+06 1.346531000000000000e+06
1.348322000000000000e+06 1.348531000000000000e+06
1.349222000000000000e+06 1.349577000000000000e+06
1.349881000000000000e+06 1.350597000000000000e+06
1.351188000000000000e+06 1.351387000000000000e+06
1.351727000000000000e+06 1.352031000000000000e+06
1.352923000000000000e+06 1.353051000000000000e+06
1.354629000000000000e+06 1.355102000000000000e+06
1.355909000000000000e+06 1.356110000000000000e+06
1.356707000000000000e+06 1.356979000000000000e+06
1.357952000000000000e+06 1.358108000000000000e+06
1.358846000000000000e+06 1.359207000000000000e+06
1.359494000000000000e+06 1.359832000000000000e+06
1.360582000000000000e+06 1.360925000000000000e+06
1.363834000000000000e+06 1.364174000000000000e+06
1.368924000000000000e+06 1.369076000000000000e+06
1.370745000000000000e+06 1.370818000000000000e+06
1.371484000000000000e+06 1.371788000000000000e+06
1.372707000000000000e+06 1.373002000000000000e+06
1.373792000000000000e+06 1.374032000000000000e+06
1.375508000000000000e+06 1.375641000000000000e+06
1.377640000000000000e+06 1.377952000000000000e+06
1.382202000000000000e+06 1.382347000000000000e+06
1.383066000000000000e+06 1.383166000000000000e+06
1.383791000000000000e+06 1.383885000000000000e+06
1.385973000000000000e+06 1.386096000000000000e+06
1.398291000000000000e+06 1.398375000000000000e+06
1.398935000000000000e+06 1.399024000000000000e+06
1.410480000000000000e+06 1.410658000000000000e+06
1.412075000000000000e+06 1.412326000000000000e+06
1.412809000000000000e+06 1.412937000000000000e+06
1.419883000000000000e+06 1.420034000000000000e+06
1.420490000000000000e+06 1.420596000000000000e+06
1.421398000000000000e+06 1.421526000000000000e+06
1.421884000000000000e+06 1.422118000000000000e+06
1.423324000000000000e+06 1.423436000000000000e+06
1.433860000000000000e+06 1.434194000000000000e+06
1.482733000000000000e+06 1.482854000000000000e+06
1.490630000000000000e+06 1.490944000000000000e+06
1.492570000000000000e+06 1.492806000000000000e+06
1.493266000000000000e+06 1.493669000000000000e+06
1.495119000000000000e+06 1.495308000000000000e+06
1.495484000000000000e+06 1.495615000000000000e+06
1.498471000000000000e+06 1.498868000000000000e+06
1.499645000000000000e+06 1.499954000000000000e+06
1.501712000000000000e+06 1.501947000000000000e+06
1.502177000000000000e+06 1.502344000000000000e+06
1.503994000000000000e+06 1.504184000000000000e+06
1.504458000000000000e+06 1.504703000000000000e+06
1.506710000000000000e+06 1.506873000000000000e+06
1.507686000000000000e+06 1.507814000000000000e+06
1.511637000000000000e+06 1.511773000000000000e+06
1.512603000000000000e+06 1.512754000000000000e+06
1.516321000000000000e+06 1.516434000000000000e+06
1.520467000000000000e+06 1.520806000000000000e+06
1.521147000000000000e+06 1.521503000000000000e+06
1.522813000000000000e+06 1.523141000000000000e+06
1.523434000000000000e+06 1.523968000000000000e+06
1.524352000000000000e+06 1.524744000000000000e+06
1.525256000000000000e+06 1.525727000000000000e+06
1.527379000000000000e+06 1.527668000000000000e+06
1.531217000000000000e+06 1.531418000000000000e+06
1.531684000000000000e+06 1.531888000000000000e+06
1.533040000000000000e+06 1.533328000000000000e+06
1.533909000000000000e+06 1.534118000000000000e+06
1.534693000000000000e+06 1.534976000000000000e+06
1.535766000000000000e+06 1.536058000000000000e+06
1.536174000000000000e+06 1.536644000000000000e+06
1.537790000000000000e+06 1.537936000000000000e+06
1.539073000000000000e+06 1.539568000000000000e+06
1.541481000000000000e+06 1.541726000000000000e+06
1.542518000000000000e+06 1.542702000000000000e+06
1.543551000000000000e+06 1.543935000000000000e+06
1.544486000000000000e+06 1.544603000000000000e+06
1.545711000000000000e+06 1.545883000000000000e+06
1.549378000000000000e+06 1.549699000000000000e+06
1.551607000000000000e+06 1.551763000000000000e+06
1.552447000000000000e+06 1.552719000000000000e+06
1.554540000000000000e+06 1.554718000000000000e+06
1.555304000000000000e+06 1.555497000000000000e+06
1.557524000000000000e+06 1.557793000000000000e+06
1.560706000000000000e+06 1.560939000000000000e+06
1.561634000000000000e+06 1.561820000000000000e+06
1.564486000000000000e+06 1.564747000000000000e+06
1.565252000000000000e+06 1.565392000000000000e+06
1.567144000000000000e+06 1.567625000000000000e+06
1.568195000000000000e+06 1.568321000000000000e+06
1.568764000000000000e+06 1.568959000000000000e+06
1.586232000000000000e+06 1.586656000000000000e+06
1.587430000000000000e+06 1.587801000000000000e+06
1.588011000000000000e+06 1.588186000000000000e+06
1.589130000000000000e+06 1.589648000000000000e+06
1.590072000000000000e+06 1.590344000000000000e+06
1.591285000000000000e+06 1.591678000000000000e+06
1.592567000000000000e+06 1.592922000000000000e+06
1.594910000000000000e+06 1.595172000000000000e+06
1.599121000000000000e+06 1.599320000000000000e+06
1.600094000000000000e+06 1.600565000000000000e+06
1.608239000000000000e+06 1.608647000000000000e+06
1.608914000000000000e+06 1.609343000000000000e+06
1.609960000000000000e+06 1.610462000000000000e+06
1.611284000000000000e+06 1.612126000000000000e+06
1.612335000000000000e+06 1.612623000000000000e+06
1.612852000000000000e+06 1.613202000000000000e+06
1.613551000000000000e+06 1.614012000000000000e+06
1.614446000000000000e+06 1.614822000000000000e+06
1.615508000000000000e+06 1.615874000000000000e+06
1.616784000000000000e+06 1.616941000000000000e+06
1.617286000000000000e+06 1.617401000000000000e+06
1.618254000000000000e+06 1.618552000000000000e+06
1.618693000000000000e+06 1.618876000000000000e+06
1.619368000000000000e+06 1.619876000000000000e+06
1.620582000000000000e+06 1.620995000000000000e+06
1.621785000000000000e+06 1.622180000000000000e+06
1.622965000000000000e+06 1.623232000000000000e+06
1.623852000000000000e+06 1.624397000000000000e+06
1.624818000000000000e+06 1.625044000000000000e+06
1.625748000000000000e+06 1.626360000000000000e+06
1.626932000000000000e+06 1.627068000000000000e+06
1.627434000000000000e+06 1.627712000000000000e+06
1.628040000000000000e+06 1.628124000000000000e+06
1.628350000000000000e+06 1.628721000000000000e+06
1.629506000000000000e+06 1.630024000000000000e+06
1.630786000000000000e+06 1.631153000000000000e+06
1.632430000000000000e+06 1.632927000000000000e+06
1.635416000000000000e+06 1.636006000000000000e+06
1.636472000000000000e+06 1.636818000000000000e+06
1.637815000000000000e+06 1.638087000000000000e+06
1.639184000000000000e+06 1.639674000000000000e+06
1.640603000000000000e+06 1.640792000000000000e+06
1.641171000000000000e+06 1.641432000000000000e+06
1.641757000000000000e+06 1.642024000000000000e+06
1.642345000000000000e+06 1.642701000000000000e+06
1.643085000000000000e+06 1.643397000000000000e+06
1.643562000000000000e+06 1.643860000000000000e+06
1.644293000000000000e+06 1.644532000000000000e+06
1.645319000000000000e+06 1.645570000000000000e+06
1.645785000000000000e+06 1.646344000000000000e+06
1.647212000000000000e+06 1.647502000000000000e+06
1.648746000000000000e+06 1.649180000000000000e+06
1.649956000000000000e+06 1.650246000000000000e+06
1.651216000000000000e+06 1.651566000000000000e+06
1.652373000000000000e+06 1.653012000000000000e+06
1.653681000000000000e+06 1.654183000000000000e+06
1.654821000000000000e+06 1.655428000000000000e+06
1.656098000000000000e+06 1.656588000000000000e+06
1.657324000000000000e+06 1.657564000000000000e+06
1.658731000000000000e+06 1.659104000000000000e+06
1.660729000000000000e+06 1.660952000000000000e+06
1.661721000000000000e+06 1.662197000000000000e+06
1.663740000000000000e+06 1.664045000000000000e+06
1.667820000000000000e+06 1.667959000000000000e+06
1.678510000000000000e+06 1.679007000000000000e+06
1.679258000000000000e+06 1.679431000000000000e+06
1.680022000000000000e+06 1.680493000000000000e+06
1.680958000000000000e+06 1.681638000000000000e+06
1.682202000000000000e+06 1.682598000000000000e+06
1.682862000000000000e+06 1.683012000000000000e+06
1.684686000000000000e+06 1.685131000000000000e+06
1.686035000000000000e+06 1.686258000000000000e+06
1.686602000000000000e+06 1.687058000000000000e+06
1.687714000000000000e+06 1.688043000000000000e+06
1.688462000000000000e+06 1.688628000000000000e+06
1.688937000000000000e+06 1.689171000000000000e+06
1.689828000000000000e+06 1.690117000000000000e+06
1.690390000000000000e+06 1.690891000000000000e+06
1.691103000000000000e+06 1.691242000000000000e+06
1.691567000000000000e+06 1.691706000000000000e+06
1.692800000000000000e+06 1.693028000000000000e+06
1.693401000000000000e+06 1.693902000000000000e+06
1.694523000000000000e+06 1.694684000000000000e+06
1.695545000000000000e+06 1.696120000000000000e+06
1.696391000000000000e+06 1.696536000000000000e+06
1.697135000000000000e+06 1.697653000000000000e+06
1.698971000000000000e+06 1.699442000000000000e+06
1.700603000000000000e+06 1.701053000000000000e+06
1.701592000000000000e+06 1.701974000000000000e+06
1.702659000000000000e+06 1.702963000000000000e+06
1.703688000000000000e+06 1.703979000000000000e+06
1.704825000000000000e+06 1.705058000000000000e+06
1.706082000000000000e+06 1.706473000000000000e+06
1.706801000000000000e+06 1.707351000000000000e+06
1.707485000000000000e+06 1.707855000000000000e+06
1.708100000000000000e+06 1.708209000000000000e+06
1.708846000000000000e+06 1.709489000000000000e+06
1.710087000000000000e+06 1.710255000000000000e+06
1.711311000000000000e+06 1.711426000000000000e+06
1.711756000000000000e+06 1.711939000000000000e+06
1.712157000000000000e+06 1.712303000000000000e+06
1.712410000000000000e+06 1.712635000000000000e+06
1.713142000000000000e+06 1.713388000000000000e+06
1.714675000000000000e+06 1.715010000000000000e+06
1.717173000000000000e+06 1.717451000000000000e+06
1.717668000000000000e+06 1.717891000000000000e+06
1.718070000000000000e+06 1.718420000000000000e+06
1.719514000000000000e+06 1.719864000000000000e+06
1.720596000000000000e+06 1.720821000000000000e+06
1.721929000000000000e+06 1.722357000000000000e+06
1.723806000000000000e+06 1.724072000000000000e+06
1.723806000000000000e+06 1.724156000000000000e+06
1.724906000000000000e+06 1.725068000000000000e+06
1.725855000000000000e+06 1.726122000000000000e+06
1.727762000000000000e+06 1.728168000000000000e+06
1.728485000000000000e+06 1.728685000000000000e+06
1.728952000000000000e+06 1.729069000000000000e+06
1.729753000000000000e+06 1.729875000000000000e+06
1.731703000000000000e+06 1.731858000000000000e+06
1.732410000000000000e+06 1.732761000000000000e+06
1.733593000000000000e+06 1.733718000000000000e+06
1.734582000000000000e+06 1.734995000000000000e+06
1.736912000000000000e+06 1.737153000000000000e+06
1.737676000000000000e+06 1.737864000000000000e+06
1.739951000000000000e+06 1.740073000000000000e+06
1.741090000000000000e+06 1.741378000000000000e+06
1.741640000000000000e+06 1.741918000000000000e+06
1.742612000000000000e+06 1.742801000000000000e+06
1.743618000000000000e+06 1.744030000000000000e+06
1.744404000000000000e+06 1.744666000000000000e+06
1.745337000000000000e+06 1.745767000000000000e+06
1.748842000000000000e+06 1.748941000000000000e+06
1.749569000000000000e+06 1.749731000000000000e+06
1.751201000000000000e+06 1.751342000000000000e+06
1.751802000000000000e+06 1.751975000000000000e+06
1.752414000000000000e+06 1.752723000000000000e+06
1.753696000000000000e+06 1.753863000000000000e+06
1.754020000000000000e+06 1.754240000000000000e+06
1.758572000000000000e+06 1.758655000000000000e+06
1.758922000000000000e+06 1.759026000000000000e+06
1.759136000000000000e+06 1.759283000000000000e+06
1.760496000000000000e+06 1.760873000000000000e+06
1.761365000000000000e+06 1.761641000000000000e+06
1.762846000000000000e+06 1.763258000000000000e+06
1.763770000000000000e+06 1.763976000000000000e+06
1.765269000000000000e+06 1.765647000000000000e+06
1.767256000000000000e+06 1.767476000000000000e+06
1.767876000000000000e+06 1.768213000000000000e+06
1.773108000000000000e+06 1.773276000000000000e+06
1.774437000000000000e+06 1.774625000000000000e+06
1.787095000000000000e+06 1.787378000000000000e+06
1.788029000000000000e+06 1.788444000000000000e+06
1.789147000000000000e+06 1.789378000000000000e+06
1.789827000000000000e+06 1.789968000000000000e+06
1.791502000000000000e+06 1.791613000000000000e+06
1.792186000000000000e+06 1.792301000000000000e+06
1.794346000000000000e+06 1.794508000000000000e+06
1.795356000000000000e+06 1.795664000000000000e+06
1.796397000000000000e+06 1.796716000000000000e+06
1.797210000000000000e+06 1.797477000000000000e+06
1.797872000000000000e+06 1.798456000000000000e+06
1.799728000000000000e+06 1.800084000000000000e+06
1.800911000000000000e+06 1.801084000000000000e+06
1.801372000000000000e+06 1.801528000000000000e+06
1.801654000000000000e+06 1.801952000000000000e+06
1.803492000000000000e+06 1.804064000000000000e+06
1.804484000000000000e+06 1.804636000000000000e+06
1.804892000000000000e+06 1.805018000000000000e+06
1.805446000000000000e+06 1.805760000000000000e+06
1.806519000000000000e+06 1.806791000000000000e+06
1.807712000000000000e+06 1.807973000000000000e+06
1.808614000000000000e+06 1.809006000000000000e+06
1.809770000000000000e+06 1.809974000000000000e+06
1.810978000000000000e+06 1.811643000000000000e+06
1.812644000000000000e+06 1.812911000000000000e+06
1.813569000000000000e+06 1.813803000000000000e+06
1.814506000000000000e+06 1.814779000000000000e+06
1.815796000000000000e+06 1.815946000000000000e+06
1.816245000000000000e+06 1.816557000000000000e+06
1.817124000000000000e+06 1.817325000000000000e+06
1.817742000000000000e+06 1.817930000000000000e+06
1.818868000000000000e+06 1.819202000000000000e+06
1.821935000000000000e+06 1.822191000000000000e+06
1.823428000000000000e+06 1.823548000000000000e+06
1.824872000000000000e+06 1.825207000000000000e+06
1.825615000000000000e+06 1.826154000000000000e+06
1.827995000000000000e+06 1.828131000000000000e+06
1.829258000000000000e+06 1.829742000000000000e+06
1.830374000000000000e+06 1.830726000000000000e+06
1.833189000000000000e+06 1.833315000000000000e+06
1.835303000000000000e+06 1.835480000000000000e+06
1.837139000000000000e+06 1.837290000000000000e+06
1.838624000000000000e+06 1.838713000000000000e+06
1.841219000000000000e+06 1.841329000000000000e+06
1.841938000000000000e+06 1.842141000000000000e+06
1.843402000000000000e+06 1.843525000000000000e+06
1.845629000000000000e+06 1.845802000000000000e+06
1.846575000000000000e+06 1.846697000000000000e+06
1.848711000000000000e+06 1.849045000000000000e+06
1.849796000000000000e+06 1.850041000000000000e+06
1.851416000000000000e+06 1.851683000000000000e+06
1.852390000000000000e+06 1.852601000000000000e+06
1.854331000000000000e+06 1.854712000000000000e+06
1.855853000000000000e+06 1.855952000000000000e+06
1.857828000000000000e+06 1.858039000000000000e+06
1.864113000000000000e+06 1.864264000000000000e+06
1.865002000000000000e+06 1.865112000000000000e+06
1.865331000000000000e+06 1.865457000000000000e+06
1.868088000000000000e+06 1.868193000000000000e+06
1.869546000000000000e+06 1.869696000000000000e+06
1.872276000000000000e+06 1.872499000000000000e+06
1.875557000000000000e+06 1.875679000000000000e+06
1.882374000000000000e+06 1.882521000000000000e+06
1.883436000000000000e+06 1.883834000000000000e+06
1.885471000000000000e+06 1.885780000000000000e+06
1.886403000000000000e+06 1.886547000000000000e+06
1.887396000000000000e+06 1.887485000000000000e+06
1.890907000000000000e+06 1.891002000000000000e+06
1.891886000000000000e+06 1.892003000000000000e+06
1.910235000000000000e+06 1.910423000000000000e+06
1.910580000000000000e+06 1.910737000000000000e+06
1.916151000000000000e+06 1.916381000000000000e+06
1.920538000000000000e+06 1.920700000000000000e+06
1.921579000000000000e+06 1.921774000000000000e+06
1.926401000000000000e+06 1.926513000000000000e+06
1.932148000000000000e+06 1.932271000000000000e+06
1.945039000000000000e+06 1.945189000000000000e+06
1.956702000000000000e+06 1.956830000000000000e+06
1.974061000000000000e+06 1.974235000000000000e+06
1.976481000000000000e+06 1.976681000000000000e+06
1.978558000000000000e+06 1.978769000000000000e+06
1.982762000000000000e+06 1.982868000000000000e+06
1.986655000000000000e+06 1.986978000000000000e+06
1.988175000000000000e+06 1.988426000000000000e+06
2.023236000000000000e+06 2.023374000000000000e+06
2.079841000000000000e+06 2.079957000000000000e+06
2.095572000000000000e+06 2.095672000000000000e+06
2.129341000000000000e+06 2.129536000000000000e+06
2.178116000000000000e+06 2.178210000000000000e+06
2.193994000000000000e+06 2.194088000000000000e+06
2.268482000000000000e+06 2.268582000000000000e+06
2.335227000000000000e+06 2.335388000000000000e+06
2.351108000000000000e+06 2.351270000000000000e+06
2.351954000000000000e+06 2.352111000000000000e+06
2.370835000000000000e+06 2.370924000000000000e+06
2.373902000000000000e+06 2.373994000000000000e+06
2.375326000000000000e+06 2.375446000000000000e+06
2.375844000000000000e+06 2.376017000000000000e+06
2.377298000000000000e+06 2.377424000000000000e+06
2.378135000000000000e+06 2.378350000000000000e+06
2.378966000000000000e+06 2.379735000000000000e+06
2.380228000000000000e+06 2.380512000000000000e+06
2.381136000000000000e+06 2.381653000000000000e+06
2.382377000000000000e+06 2.382455000000000000e+06
2.383228000000000000e+06 2.383390000000000000e+06
2.384887000000000000e+06 2.385032000000000000e+06
2.385572000000000000e+06 2.385894000000000000e+06
2.387533000000000000e+06 2.387622000000000000e+06
2.391610000000000000e+06 2.391755000000000000e+06
2.392529000000000000e+06 2.392824000000000000e+06
2.393739000000000000e+06 2.394053000000000000e+06
2.394556000000000000e+06 2.394733000000000000e+06
2.395424000000000000e+06 2.395544000000000000e+06
2.395795000000000000e+06 2.396146000000000000e+06
2.396546000000000000e+06 2.397278000000000000e+06
2.397580000000000000e+06 2.397747000000000000e+06
2.399336000000000000e+06 2.399586000000000000e+06
2.399944000000000000e+06 2.400174000000000000e+06
2.400723000000000000e+06 2.400828000000000000e+06
2.401372000000000000e+06 2.401717000000000000e+06
2.402531000000000000e+06 2.402792000000000000e+06
2.403576000000000000e+06 2.403887000000000000e+06
2.404685000000000000e+06 2.404863000000000000e+06
2.405831000000000000e+06 2.406087000000000000e+06
2.406901000000000000e+06 2.407178000000000000e+06
2.408036000000000000e+06 2.408292000000000000e+06
2.409496000000000000e+06 2.409690000000000000e+06
2.410679000000000000e+06 2.410802000000000000e+06
2.412152000000000000e+06 2.412531000000000000e+06
2.413058000000000000e+06 2.413330000000000000e+06
2.414823000000000000e+06 2.415023000000000000e+06
2.415846000000000000e+06 2.416102000000000000e+06
2.417059000000000000e+06 2.417415000000000000e+06
2.419675000000000000e+06 2.419808000000000000e+06
2.420737000000000000e+06 2.420998000000000000e+06
2.421716000000000000e+06 2.421817000000000000e+06
2.424090000000000000e+06 2.424379000000000000e+06
2.425552000000000000e+06 2.425709000000000000e+06
2.428152000000000000e+06 2.428330000000000000e+06
2.429146000000000000e+06 2.429470000000000000e+06
2.430354000000000000e+06 2.430616000000000000e+06
2.432163000000000000e+06 2.432430000000000000e+06
2.434918000000000000e+06 2.435291000000000000e+06
2.435690000000000000e+06 2.435840000000000000e+06
2.435995000000000000e+06 2.436112000000000000e+06
2.539908000000000000e+06 2.540181000000000000e+06
2.567818000000000000e+06 2.567979000000000000e+06
2.569008000000000000e+06 2.569230000000000000e+06
2.575260000000000000e+06 2.575455000000000000e+06
2.842851000000000000e+06 2.843054000000000000e+06
2.843839000000000000e+06 2.844121000000000000e+06
2.851765000000000000e+06 2.852001000000000000e+06
2.853218000000000000e+06 2.853297000000000000e+06
2.855152000000000000e+06 2.855448000000000000e+06
2.856388000000000000e+06 2.856550000000000000e+06
2.858463000000000000e+06 2.858783000000000000e+06
2.859276000000000000e+06 2.859688000000000000e+06
2.860623000000000000e+06 2.860874000000000000e+06
2.862446000000000000e+06 2.863185000000000000e+06
2.864078000000000000e+06 2.864758000000000000e+06
2.865221000000000000e+06 2.865560000000000000e+06
2.865794000000000000e+06 2.866066000000000000e+06
2.867206000000000000e+06 2.867499000000000000e+06
2.868126000000000000e+06 2.868304000000000000e+06
2.868692000000000000e+06 2.868780000000000000e+06
2.869774000000000000e+06 2.870230000000000000e+06
2.870766000000000000e+06 2.871624000000000000e+06
2.872340000000000000e+06 2.872670000000000000e+06
2.873165000000000000e+06 2.873846000000000000e+06
2.874216000000000000e+06 2.874508000000000000e+06
2.875042000000000000e+06 2.875518000000000000e+06
2.875884000000000000e+06 2.876261000000000000e+06
2.876770000000000000e+06 2.877366000000000000e+06
2.878126000000000000e+06 2.878649000000000000e+06
2.879154000000000000e+06 2.880058000000000000e+06
2.881319000000000000e+06 2.881445000000000000e+06
2.882041000000000000e+06 2.882275000000000000e+06
2.885046000000000000e+06 2.885392000000000000e+06
2.888979000000000000e+06 2.889390000000000000e+06
2.890403000000000000e+06 2.890848000000000000e+06
3.694896000000000000e+06 3.695063000000000000e+06
3.700950000000000000e+06 3.701133000000000000e+06
3.713178000000000000e+06 3.713295000000000000e+06
3.717247000000000000e+06 3.717524000000000000e+06
3.720642000000000000e+06 3.720736000000000000e+06
3.723315000000000000e+06 3.723561000000000000e+06
4.000411000000000000e+06 4.000565000000000000e+06
4.007284000000000000e+06 4.007406000000000000e+06
4.009494000000000000e+06 4.009829000000000000e+06
4.010509000000000000e+06 4.010682000000000000e+06
4.011409000000000000e+06 4.011582000000000000e+06
4.012084000000000000e+06 4.012419000000000000e+06
4.013823000000000000e+06 4.013980000000000000e+06
4.014257000000000000e+06 4.014383000000000000e+06
4.014613000000000000e+06 4.015005000000000000e+06
4.015706000000000000e+06 4.015973000000000000e+06
4.016140000000000000e+06 4.016475000000000000e+06
4.017098000000000000e+06 4.017684000000000000e+06
4.018751000000000000e+06 4.019023000000000000e+06
4.019828000000000000e+06 4.020263000000000000e+06
4.020755000000000000e+06 4.021028000000000000e+06
4.022119000000000000e+06 4.022358000000000000e+06
4.023406000000000000e+06 4.023783000000000000e+06
4.024139000000000000e+06 4.024463000000000000e+06
4.025038000000000000e+06 4.025462000000000000e+06
4.026252000000000000e+06 4.026477000000000000e+06
4.027183000000000000e+06 4.027445000000000000e+06
4.028143000000000000e+06 4.028525000000000000e+06
4.028933000000000000e+06 4.029336000000000000e+06
4.029859000000000000e+06 4.030215000000000000e+06
4.030947000000000000e+06 4.031334000000000000e+06
4.032577000000000000e+06 4.033017000000000000e+06
4.034269000000000000e+06 4.034771000000000000e+06
4.035006000000000000e+06 4.035341000000000000e+06
4.035969000000000000e+06 4.036691000000000000e+06
4.037072000000000000e+06 4.037669000000000000e+06
4.038297000000000000e+06 4.038809000000000000e+06
4.038935000000000000e+06 4.039217000000000000e+06
4.039662000000000000e+06 4.039908000000000000e+06
4.040363000000000000e+06 4.041027000000000000e+06
4.041242000000000000e+06 4.041629000000000000e+06
4.041978000000000000e+06 4.042390000000000000e+06
4.042674000000000000e+06 4.043091000000000000e+06
4.043692000000000000e+06 4.044027000000000000e+06
4.044168000000000000e+06 4.044540000000000000e+06
4.044917000000000000e+06 4.045284000000000000e+06
4.046264000000000000e+06 4.046586000000000000e+06
4.047089000000000000e+06 4.047391000000000000e+06
4.048206000000000000e+06 4.048535000000000000e+06
4.049234000000000000e+06 4.049498000000000000e+06
4.049700000000000000e+06 4.050034000000000000e+06
4.050919000000000000e+06 4.051034000000000000e+06
4.051170000000000000e+06 4.051358000000000000e+06
4.051599000000000000e+06 4.051981000000000000e+06
4.052269000000000000e+06 4.052483000000000000e+06
4.053336000000000000e+06 4.053592000000000000e+06
4.053807000000000000e+06 4.054079000000000000e+06
4.054324000000000000e+06 4.054492000000000000e+06
4.055219000000000000e+06 4.055633000000000000e+06
4.055846000000000000e+06 4.056763000000000000e+06
4.057605000000000000e+06 4.058253000000000000e+06
4.058364000000000000e+06 4.058827000000000000e+06
4.059202000000000000e+06 4.059825000000000000e+06
4.060941000000000000e+06 4.061453000000000000e+06
4.061861000000000000e+06 4.062035000000000000e+06
4.062672000000000000e+06 4.062967000000000000e+06
4.064201000000000000e+06 4.065142000000000000e+06
4.065597000000000000e+06 4.066204000000000000e+06
4.066577000000000000e+06 4.067105000000000000e+06
4.067881000000000000e+06 4.068499000000000000e+06
4.069073000000000000e+06 4.070202000000000000e+06
4.070881000000000000e+06 4.071226000000000000e+06
4.071599000000000000e+06 4.071961000000000000e+06
4.073342000000000000e+06 4.073954000000000000e+06
4.074472000000000000e+06 4.074964000000000000e+06
4.075256000000000000e+06 4.075429000000000000e+06
4.075796000000000000e+06 4.076041000000000000e+06
4.077150000000000000e+06 4.077511000000000000e+06
4.077944000000000000e+06 4.078212000000000000e+06
4.079159000000000000e+06 4.079537000000000000e+06
4.080657000000000000e+06 4.081202000000000000e+06
4.081829000000000000e+06 4.082096000000000000e+06
4.082368000000000000e+06 4.082970000000000000e+06
4.084309000000000000e+06 4.084800000000000000e+06
4.085834000000000000e+06 4.085975000000000000e+06
4.086247000000000000e+06 4.086304000000000000e+06
4.086420000000000000e+06 4.086660000000000000e+06
4.087032000000000000e+06 4.087508000000000000e+06
4.087837000000000000e+06 4.088276000000000000e+06
4.088449000000000000e+06 4.088622000000000000e+06
4.089114000000000000e+06 4.089767000000000000e+06
4.090113000000000000e+06 4.090698000000000000e+06
4.091023000000000000e+06 4.091781000000000000e+06
4.092320000000000000e+06 4.092409000000000000e+06
4.092540000000000000e+06 4.092686000000000000e+06
4.093816000000000000e+06 4.094057000000000000e+06
4.095051000000000000e+06 4.095186000000000000e+06
4.095274000000000000e+06 4.095468000000000000e+06
4.096457000000000000e+06 4.097522000000000000e+06
4.097762000000000000e+06 4.098546000000000000e+06
4.098976000000000000e+06 4.099396000000000000e+06
4.100661000000000000e+06 4.101121000000000000e+06
4.102502000000000000e+06 4.102649000000000000e+06
4.103153000000000000e+06 4.103516000000000000e+06
4.103860000000000000e+06 4.104999000000000000e+06
4.105740000000000000e+06 4.106345000000000000e+06
4.107787000000000000e+06 4.108198000000000000e+06
4.109156000000000000e+06 4.109538000000000000e+06
4.110835000000000000e+06 4.111374000000000000e+06
4.111620000000000000e+06 4.111906000000000000e+06
4.113015000000000000e+06 4.113293000000000000e+06
4.114816000000000000e+06 4.115093000000000000e+06
4.115380000000000000e+06 4.115709000000000000e+06
4.115851000000000000e+06 4.116029000000000000e+06
4.116943000000000000e+06 4.117821000000000000e+06
4.118052000000000000e+06 4.118862000000000000e+06
4.120284000000000000e+06 4.120674000000000000e+06
4.120957000000000000e+06 4.121647000000000000e+06
4.122262000000000000e+06 4.122729000000000000e+06
4.123102000000000000e+06 4.123191000000000000e+06
4.124457000000000000e+06 4.125064000000000000e+06
4.125494000000000000e+06 4.126267000000000000e+06
4.126464000000000000e+06 4.126814000000000000e+06
4.127420000000000000e+06 4.127865000000000000e+06
4.128846000000000000e+06 4.129102000000000000e+06
4.129675000000000000e+06 4.130156000000000000e+06
4.130809000000000000e+06 4.131260000000000000e+06
4.132158000000000000e+06 4.132454000000000000e+06
4.133430000000000000e+06 4.133859000000000000e+06
4.134054000000000000e+06 4.134354000000000000e+06
4.134642000000000000e+06 4.134744000000000000e+06
4.134929000000000000e+06 4.135323000000000000e+06
4.136471000000000000e+06 4.137188000000000000e+06
4.137624000000000000e+06 4.138286000000000000e+06
4.138569000000000000e+06 4.138764000000000000e+06
4.139341000000000000e+06 4.139636000000000000e+06
4.139862000000000000e+06 4.140157000000000000e+06
4.140783000000000000e+06 4.141167000000000000e+06
4.141974000000000000e+06 4.142247000000000000e+06
4.142492000000000000e+06 4.142803000000000000e+06
4.143069000000000000e+06 4.143192000000000000e+06
4.143540000000000000e+06 4.143679000000000000e+06
4.143928000000000000e+06 4.144284000000000000e+06
4.145112000000000000e+06 4.145970000000000000e+06
4.146514000000000000e+06 4.147079000000000000e+06
4.148036000000000000e+06 4.148360000000000000e+06
4.148698000000000000e+06 4.149188000000000000e+06
4.149622000000000000e+06 4.149822000000000000e+06
4.150084000000000000e+06 4.150267000000000000e+06
4.150413000000000000e+06 4.151297000000000000e+06
4.152153000000000000e+06 4.152362000000000000e+06
4.153293000000000000e+06 4.154062000000000000e+06
4.154314000000000000e+06 4.154520000000000000e+06
4.155199000000000000e+06 4.155644000000000000e+06
4.156564000000000000e+06 4.156908000000000000e+06
4.157470000000000000e+06 4.157614000000000000e+06
4.158477000000000000e+06 4.158716000000000000e+06
4.158891000000000000e+06 4.159336000000000000e+06
4.159996000000000000e+06 4.160375000000000000e+06
4.162698000000000000e+06 4.163065000000000000e+06
4.163781000000000000e+06 4.164090000000000000e+06
4.165738000000000000e+06 4.166125000000000000e+06
4.166297000000000000e+06 4.166460000000000000e+06
4.166887000000000000e+06 4.167221000000000000e+06
4.167688000000000000e+06 4.168067000000000000e+06
4.168490000000000000e+06 4.168668000000000000e+06
4.168925000000000000e+06 4.169036000000000000e+06
4.169364000000000000e+06 4.169547000000000000e+06
4.175201000000000000e+06 4.175358000000000000e+06
4.175839000000000000e+06 4.176242000000000000e+06
4.176844000000000000e+06 4.177022000000000000e+06
4.177476000000000000e+06 4.177968000000000000e+06
4.178672000000000000e+06 4.179165000000000000e+06
4.180178000000000000e+06 4.180557000000000000e+06
4.181326000000000000e+06 4.181504000000000000e+06
4.181645000000000000e+06 4.181823000000000000e+06
4.182327000000000000e+06 4.182560000000000000e+06
4.183479000000000000e+06 4.184035000000000000e+06
4.184876000000000000e+06 4.185357000000000000e+06
4.187512000000000000e+06 4.187883000000000000e+06
4.188304000000000000e+06 4.188566000000000000e+06
4.190419000000000000e+06 4.190837000000000000e+06
4.192384000000000000e+06 4.192662000000000000e+06
4.193330000000000000e+06 4.193442000000000000e+06
4.193764000000000000e+06 4.194009000000000000e+06
4.194488000000000000e+06 4.194661000000000000e+06
4.195362000000000000e+06 4.195724000000000000e+06
4.196547000000000000e+06 4.196854000000000000e+06
4.197363000000000000e+06 4.197632000000000000e+06
4.198139000000000000e+06 4.198345000000000000e+06
4.199013000000000000e+06 4.199152000000000000e+06
4.200116000000000000e+06 4.200294000000000000e+06
4.200587000000000000e+06 4.200796000000000000e+06
4.201868000000000000e+06 4.202261000000000000e+06
4.204186000000000000e+06 4.204369000000000000e+06
4.205478000000000000e+06 4.205876000000000000e+06
4.206488000000000000e+06 4.206582000000000000e+06
4.206864000000000000e+06 4.207094000000000000e+06
4.208488000000000000e+06 4.208907000000000000e+06
4.209352000000000000e+06 4.209749000000000000e+06
4.210719000000000000e+06 4.211342000000000000e+06
4.211988000000000000e+06 4.212152000000000000e+06
4.212961000000000000e+06 4.213286000000000000e+06
4.214387000000000000e+06 4.215003000000000000e+06
4.215579000000000000e+06 4.215735000000000000e+06
4.222328000000000000e+06 4.222818000000000000e+06
4.224017000000000000e+06 4.224179000000000000e+06
4.225131000000000000e+06 4.225283000000000000e+06
4.226509000000000000e+06 4.226975000000000000e+06
4.227692000000000000e+06 4.228204000000000000e+06
4.228523000000000000e+06 4.228740000000000000e+06
4.230333000000000000e+06 4.230579000000000000e+06
4.231683000000000000e+06 4.232049000000000000e+06
4.232582000000000000e+06 4.232818000000000000e+06
4.233278000000000000e+06 4.233498000000000000e+06
4.233953000000000000e+06 4.234204000000000000e+06
4.236474000000000000e+06 4.236585000000000000e+06
4.237690000000000000e+06 4.237907000000000000e+06
4.239040000000000000e+06 4.239168000000000000e+06
4.240722000000000000e+06 4.241198000000000000e+06
4.242087000000000000e+06 4.242255000000000000e+06
4.243149000000000000e+06 4.243573000000000000e+06
4.243719000000000000e+06 4.244467000000000000e+06
4.244645000000000000e+06 4.245038000000000000e+06
4.245360000000000000e+06 4.245766000000000000e+06
4.246145000000000000e+06 4.246317000000000000e+06
4.246607000000000000e+06 4.247088000000000000e+06
4.247358000000000000e+06 4.248080000000000000e+06
4.248216000000000000e+06 4.248744000000000000e+06
4.248843000000000000e+06 4.249131000000000000e+06
4.249440000000000000e+06 4.249674000000000000e+06
4.250336000000000000e+06 4.250636000000000000e+06
4.251702000000000000e+06 4.251834000000000000e+06
4.252356000000000000e+06 4.252824000000000000e+06
4.253531000000000000e+06 4.253787000000000000e+06
4.254861000000000000e+06 4.255340000000000000e+06
4.255722000000000000e+06 4.256433000000000000e+06
4.256982000000000000e+06 4.257182000000000000e+06
4.259124000000000000e+06 4.259458000000000000e+06
4.262940000000000000e+06 4.263107000000000000e+06
4.263399000000000000e+06 4.263800000000000000e+06
4.266851000000000000e+06 4.267285000000000000e+06
4.267395000000000000e+06 4.267531000000000000e+06
4.269932000000000000e+06 4.270314000000000000e+06
4.270664000000000000e+06 4.271125000000000000e+06
4.271256000000000000e+06 4.271648000000000000e+06
4.272098000000000000e+06 4.272202000000000000e+06
4.272532000000000000e+06 4.272720000000000000e+06
4.273515000000000000e+06 4.273698000000000000e+06
4.275027000000000000e+06 4.275273000000000000e+06
4.275932000000000000e+06 4.276398000000000000e+06
4.276968000000000000e+06 4.277732000000000000e+06
4.278234000000000000e+06 4.278522000000000000e+06
4.279646000000000000e+06 4.280253000000000000e+06
4.281085000000000000e+06 4.281597000000000000e+06
4.283229000000000000e+06 4.283444000000000000e+06
4.285494000000000000e+06 4.285688000000000000e+06
4.286045000000000000e+06 4.286299000000000000e+06
4.287401000000000000e+06 4.287897000000000000e+06
4.288785000000000000e+06 4.289141000000000000e+06
4.289671000000000000e+06 4.289996000000000000e+06
4.290791000000000000e+06 4.290976000000000000e+06
4.291738000000000000e+06 4.292036000000000000e+06
4.293064000000000000e+06 4.293786000000000000e+06
4.294215000000000000e+06 4.294340000000000000e+06
4.295462000000000000e+06 4.296435000000000000e+06
4.298198000000000000e+06 4.298418000000000000e+06
4.299259000000000000e+06 4.299578000000000000e+06
4.300652000000000000e+06 4.300864000000000000e+06
4.301603000000000000e+06 4.301792000000000000e+06
4.302388000000000000e+06 4.302600000000000000e+06
4.303453000000000000e+06 4.303789000000000000e+06
4.304734000000000000e+06 4.304884000000000000e+06
4.305898000000000000e+06 4.306331000000000000e+06
4.307108000000000000e+06 4.307470000000000000e+06
4.308251000000000000e+06 4.308752000000000000e+06
4.309534000000000000e+06 4.309774000000000000e+06
4.310650000000000000e+06 4.310985000000000000e+06
4.312119000000000000e+06 4.312263000000000000e+06
4.312656000000000000e+06 4.313050000000000000e+06
4.313570000000000000e+06 4.314004000000000000e+06
4.314794000000000000e+06 4.315162000000000000e+06
4.315785000000000000e+06 4.316119000000000000e+06
4.316828000000000000e+06 4.317409000000000000e+06
4.317878000000000000e+06 4.318716000000000000e+06
4.318846000000000000e+06 4.318991000000000000e+06
4.319346000000000000e+06 4.319781000000000000e+06
4.320254000000000000e+06 4.320516000000000000e+06
4.321457000000000000e+06 4.321943000000000000e+06
4.322979000000000000e+06 4.323196000000000000e+06
4.324206000000000000e+06 4.324345000000000000e+06
4.325174000000000000e+06 4.325291000000000000e+06
4.326050000000000000e+06 4.326337000000000000e+06
4.327390000000000000e+06 4.327766000000000000e+06
4.328430000000000000e+06 4.328731000000000000e+06
4.329467000000000000e+06 4.329718000000000000e+06
4.330178000000000000e+06 4.330362000000000000e+06
4.331341000000000000e+06 4.331492000000000000e+06
4.333540000000000000e+06 4.333935000000000000e+06
4.334582000000000000e+06 4.335006000000000000e+06
4.335603000000000000e+06 4.335843000000000000e+06
4.336445000000000000e+06 4.336657000000000000e+06
4.337053000000000000e+06 4.337236000000000000e+06
4.338090000000000000e+06 4.338234000000000000e+06
4.341371000000000000e+06 4.341850000000000000e+06
4.343909000000000000e+06 4.344059000000000000e+06
4.345774000000000000e+06 4.346036000000000000e+06
4.346753000000000000e+06 4.347051000000000000e+06
4.347995000000000000e+06 4.348283000000000000e+06
4.348942000000000000e+06 4.349475000000000000e+06
4.350038000000000000e+06 4.350415000000000000e+06
4.354837000000000000e+06 4.355308000000000000e+06
4.356759000000000000e+06 4.357033000000000000e+06
4.359074000000000000e+06 4.359226000000000000e+06
4.360313000000000000e+06 4.360547000000000000e+06
4.362328000000000000e+06 4.362720000000000000e+06
4.363256000000000000e+06 4.363490000000000000e+06
4.364013000000000000e+06 4.364258000000000000e+06
4.364902000000000000e+06 4.365184000000000000e+06
4.366000000000000000e+06 4.366309000000000000e+06
4.367339000000000000e+06 4.367695000000000000e+06
4.368199000000000000e+06 4.368321000000000000e+06
4.368785000000000000e+06 4.368896000000000000e+06
4.369887000000000000e+06 4.370211000000000000e+06
4.370970000000000000e+06 4.371362000000000000e+06
4.372122000000000000e+06 4.372534000000000000e+06
4.373364000000000000e+06 4.373636000000000000e+06
4.374285000000000000e+06 4.374429000000000000e+06
4.374627000000000000e+06 4.374833000000000000e+06
4.376046000000000000e+06 4.376208000000000000e+06
4.378011000000000000e+06 4.378434000000000000e+06
4.378921000000000000e+06 4.379114000000000000e+06
4.380805000000000000e+06 4.381217000000000000e+06
4.381336000000000000e+06 4.381447000000000000e+06
4.384885000000000000e+06 4.385069000000000000e+06
4.385409000000000000e+06 4.385520000000000000e+06
4.386549000000000000e+06 4.386833000000000000e+06
4.387758000000000000e+06 4.387836000000000000e+06
4.387985000000000000e+06 4.388180000000000000e+06
4.388809000000000000e+06 4.388931000000000000e+06
4.391302000000000000e+06 4.391458000000000000e+06
4.393058000000000000e+06 4.393224000000000000e+06
4.394213000000000000e+06 4.394291000000000000e+06
4.395064000000000000e+06 4.395665000000000000e+06
4.396328000000000000e+06 4.396623000000000000e+06
4.397473000000000000e+06 4.397567000000000000e+06
4.399039000000000000e+06 4.399228000000000000e+06
4.400028000000000000e+06 4.400117000000000000e+06
4.400614000000000000e+06 4.401006000000000000e+06
4.402591000000000000e+06 4.402697000000000000e+06
4.403781000000000000e+06 4.403970000000000000e+06
4.404796000000000000e+06 4.404958000000000000e+06
4.407215000000000000e+06 4.407455000000000000e+06
4.407627000000000000e+06 4.407722000000000000e+06
4.408557000000000000e+06 4.408729000000000000e+06
4.409987000000000000e+06 4.410137000000000000e+06
4.411057000000000000e+06 4.411253000000000000e+06
4.412759000000000000e+06 4.413076000000000000e+06
4.413928000000000000e+06 4.414367000000000000e+06
4.415096000000000000e+06 4.415280000000000000e+06
4.416689000000000000e+06 4.416930000000000000e+06
4.418781000000000000e+06 4.419065000000000000e+06
4.419828000000000000e+06 4.420011000000000000e+06
4.420659000000000000e+06 4.420952000000000000e+06
4.421292000000000000e+06 4.421470000000000000e+06
4.423686000000000000e+06 4.423830000000000000e+06
4.424751000000000000e+06 4.424895000000000000e+06
4.425603000000000000e+06 4.425765000000000000e+06
4.426351000000000000e+06 4.426691000000000000e+06
4.429395000000000000e+06 4.429557000000000000e+06
4.433705000000000000e+06 4.433972000000000000e+06
4.434892000000000000e+06 4.435105000000000000e+06
4.435765000000000000e+06 4.435954000000000000e+06
4.436681000000000000e+06 4.436876000000000000e+06
4.439526000000000000e+06 4.439709000000000000e+06
4.440304000000000000e+06 4.440515000000000000e+06
4.441476000000000000e+06 4.441715000000000000e+06
4.442498000000000000e+06 4.442737000000000000e+06
4.449037000000000000e+06 4.449276000000000000e+06
4.449874000000000000e+06 4.449989000000000000e+06
4.453374000000000000e+06 4.453552000000000000e+06
4.454337000000000000e+06 4.454459000000000000e+06
4.454870000000000000e+06 4.455065000000000000e+06
4.455285000000000000e+06 4.455418000000000000e+06
4.457140000000000000e+06 4.457460000000000000e+06
4.463851000000000000e+06 4.464040000000000000e+06
4.469159000000000000e+06 4.469520000000000000e+06
4.470493000000000000e+06 4.470620000000000000e+06
4.473396000000000000e+06 4.473507000000000000e+06
4.476359000000000000e+06 4.476609000000000000e+06
4.477402000000000000e+06 4.477547000000000000e+06
4.479705000000000000e+06 4.480060000000000000e+06
4.480144000000000000e+06 4.480264000000000000e+06
4.480675000000000000e+06 4.480778000000000000e+06
4.482926000000000000e+06 4.483148000000000000e+06
4.483867000000000000e+06 4.484017000000000000e+06
4.484896000000000000e+06 4.485048000000000000e+06
4.487139000000000000e+06 4.487250000000000000e+06
4.489008000000000000e+06 4.489447000000000000e+06
4.490300000000000000e+06 4.490603000000000000e+06
4.491273000000000000e+06 4.491561000000000000e+06
4.492105000000000000e+06 4.492283000000000000e+06
4.494770000000000000e+06 4.495026000000000000e+06
4.498970000000000000e+06 4.499315000000000000e+06
4.500898000000000000e+06 4.501098000000000000e+06
4.502770000000000000e+06 4.502943000000000000e+06
4.505682000000000000e+06 4.505959000000000000e+06
4.507780000000000000e+06 4.507994000000000000e+06
4.510515000000000000e+06 4.510808000000000000e+06
4.512100000000000000e+06 4.512278000000000000e+06
4.517779000000000000e+06 4.517918000000000000e+06
4.526706000000000000e+06 4.526890000000000000e+06
4.531433000000000000e+06 4.531610000000000000e+06
4.533043000000000000e+06 4.533372000000000000e+06
4.534732000000000000e+06 4.534842000000000000e+06
4.535360000000000000e+06 4.535507000000000000e+06
4.536707000000000000e+06 4.536835000000000000e+06
4.536952000000000000e+06 4.537124000000000000e+06
4.537387000000000000e+06 4.537570000000000000e+06
4.537976000000000000e+06 4.538163000000000000e+06
4.538920000000000000e+06 4.539176000000000000e+06
4.539615000000000000e+06 4.539898000000000000e+06
4.541476000000000000e+06 4.541675000000000000e+06
4.546987000000000000e+06 4.547448000000000000e+06
4.548129000000000000e+06 4.548246000000000000e+06
4.550893000000000000e+06 4.551020000000000000e+06
4.553087000000000000e+06 4.553204000000000000e+06
4.556467000000000000e+06 4.556584000000000000e+06
4.557798000000000000e+06 4.558054000000000000e+06
4.560309000000000000e+06 4.560448000000000000e+06
4.560876000000000000e+06 4.561037000000000000e+06
4.561562000000000000e+06 4.561725000000000000e+06
4.562546000000000000e+06 4.562750000000000000e+06
4.564482000000000000e+06 4.564615000000000000e+06
4.564759000000000000e+06 4.564876000000000000e+06
4.568876000000000000e+06 4.569043000000000000e+06
4.572596000000000000e+06 4.572741000000000000e+06
4.575168000000000000e+06 4.575429000000000000e+06
4.576219000000000000e+06 4.576447000000000000e+06
4.577891000000000000e+06 4.578085000000000000e+06
4.578998000000000000e+06 4.579154000000000000e+06
4.580990000000000000e+06 4.581096000000000000e+06
4.584404000000000000e+06 4.584613000000000000e+06
4.588526000000000000e+06 4.588725000000000000e+06
4.590048000000000000e+06 4.590309000000000000e+06
4.593098000000000000e+06 4.593223000000000000e+06
4.594024000000000000e+06 4.594317000000000000e+06
4.596362000000000000e+06 4.596468000000000000e+06
4.597120000000000000e+06 4.597288000000000000e+06
4.597832000000000000e+06 4.597989000000000000e+06
4.599309000000000000e+06 4.599415000000000000e+06
4.599796000000000000e+06 4.599957000000000000e+06
4.600800000000000000e+06 4.601022000000000000e+06
4.601237000000000000e+06 4.601470000000000000e+06
4.602987000000000000e+06 4.603132000000000000e+06
4.603491000000000000e+06 4.603614000000000000e+06
4.604202000000000000e+06 4.604392000000000000e+06
4.605098000000000000e+06 4.605215000000000000e+06
4.605349000000000000e+06 4.605663000000000000e+06
4.606018000000000000e+06 4.606311000000000000e+06
4.606913000000000000e+06 4.607159000000000000e+06
4.607678000000000000e+06 4.607756000000000000e+06
4.608503000000000000e+06 4.608718000000000000e+06
4.611509000000000000e+06 4.611643000000000000e+06
4.611918000000000000e+06 4.612052000000000000e+06
4.613551000000000000e+06 4.613849000000000000e+06
4.616271000000000000e+06 4.616637000000000000e+06
4.618652000000000000e+06 4.618958000000000000e+06
4.620134000000000000e+06 4.620307000000000000e+06
4.622215000000000000e+06 4.622363000000000000e+06
4.622927000000000000e+06 4.623056000000000000e+06
4.623351000000000000e+06 4.623490000000000000e+06
4.624152000000000000e+06 4.624429000000000000e+06
4.624576000000000000e+06 4.624769000000000000e+06
4.625648000000000000e+06 4.625970000000000000e+06
4.627074000000000000e+06 4.627219000000000000e+06
4.629187000000000000e+06 4.629415000000000000e+06
4.629726000000000000e+06 4.629870000000000000e+06
4.630967000000000000e+06 4.631050000000000000e+06
4.632993000000000000e+06 4.633082000000000000e+06
4.654436000000000000e+06 4.654575000000000000e+06
4.654946000000000000e+06 4.655444000000000000e+06
4.655897000000000000e+06 4.656277000000000000e+06
4.657287000000000000e+06 4.657465000000000000e+06
4.658137000000000000e+06 4.658337000000000000e+06
4.658690000000000000e+06 4.658893000000000000e+06
4.659932000000000000e+06 4.660348000000000000e+06
4.661982000000000000e+06 4.662393000000000000e+06
4.664820000000000000e+06 4.665009000000000000e+06
4.666143000000000000e+06 4.666318000000000000e+06
4.666848000000000000e+06 4.667428000000000000e+06
4.668061000000000000e+06 4.668480000000000000e+06
4.668862000000000000e+06 4.669170000000000000e+06
4.669474000000000000e+06 4.670101000000000000e+06
4.670326000000000000e+06 4.670770000000000000e+06
4.671454000000000000e+06 4.672004000000000000e+06
4.672765000000000000e+06 4.673182000000000000e+06
4.673445000000000000e+06 4.673623000000000000e+06
4.673874000000000000e+06 4.674476000000000000e+06
4.675132000000000000e+06 4.675293000000000000e+06
4.676222000000000000e+06 4.676323000000000000e+06
4.677312000000000000e+06 4.677563000000000000e+06
4.678115000000000000e+06 4.678393000000000000e+06
4.678559000000000000e+06 4.678809000000000000e+06
4.678986000000000000e+06 4.679488000000000000e+06
4.679854000000000000e+06 4.680388000000000000e+06
4.681143000000000000e+06 4.681609000000000000e+06
4.682082000000000000e+06 4.682337000000000000e+06
4.682623000000000000e+06 4.682756000000000000e+06
4.682890000000000000e+06 4.683007000000000000e+06
4.684921000000000000e+06 4.685371000000000000e+06
4.686157000000000000e+06 4.686312000000000000e+06
4.686830000000000000e+06 4.687290000000000000e+06
4.687766000000000000e+06 4.688112000000000000e+06
4.688499000000000000e+06 4.688917000000000000e+06
4.689346000000000000e+06 4.689566000000000000e+06
4.689980000000000000e+06 4.690119000000000000e+06
4.690509000000000000e+06 4.690832000000000000e+06
4.691272000000000000e+06 4.691356000000000000e+06
4.691804000000000000e+06 4.691994000000000000e+06
4.693132000000000000e+06 4.693354000000000000e+06
4.693931000000000000e+06 4.694070000000000000e+06
4.694387000000000000e+06 4.694587000000000000e+06
4.695862000000000000e+06 4.696254000000000000e+06
4.697038000000000000e+06 4.697520000000000000e+06
4.698420000000000000e+06 4.698976000000000000e+06
4.700253000000000000e+06 4.700420000000000000e+06
4.702370000000000000e+06 4.702520000000000000e+06
5.149856000000000000e+06 5.149944000000000000e+06
5.152597000000000000e+06 5.152725000000000000e+06
5.161087000000000000e+06 5.161270000000000000e+06
5.161698000000000000e+06 5.161915000000000000e+06
5.164126000000000000e+06 5.164393000000000000e+06
5.166318000000000000e+06 5.166841000000000000e+06
5.166940000000000000e+06 5.167447000000000000e+06
5.194215000000000000e+06 5.194448000000000000e+06
5.195624000000000000e+06 5.196524000000000000e+06
5.196995000000000000e+06 5.197183000000000000e+06
5.197816000000000000e+06 5.198334000000000000e+06
5.198876000000000000e+06 5.199561000000000000e+06
5.199833000000000000e+06 5.200440000000000000e+06
5.201358000000000000e+06 5.201792000000000000e+06
5.201989000000000000e+06 5.202735000000000000e+06
5.203232000000000000e+06 5.203459000000000000e+06
5.203850000000000000e+06 5.204478000000000000e+06
5.205103000000000000e+06 5.205778000000000000e+06
5.206306000000000000e+06 5.206892000000000000e+06
5.207155000000000000e+06 5.207258000000000000e+06
5.207476000000000000e+06 5.207874000000000000e+06
5.207965000000000000e+06 5.208370000000000000e+06
5.209173000000000000e+06 5.209706000000000000e+06
5.210386000000000000e+06 5.210888000000000000e+06
5.211520000000000000e+06 5.211982000000000000e+06
5.212873000000000000e+06 5.213182000000000000e+06
5.214687000000000000e+06 5.214845000000000000e+06
5.215098000000000000e+06 5.215532000000000000e+06
5.216856000000000000e+06 5.217106000000000000e+06
5.218330000000000000e+06 5.218731000000000000e+06
5.219504000000000000e+06 5.219682000000000000e+06
5.219891000000000000e+06 5.220069000000000000e+06
5.220289000000000000e+06 5.220927000000000000e+06
5.221698000000000000e+06 5.222037000000000000e+06
5.222813000000000000e+06 5.223252000000000000e+06
5.223765000000000000e+06 5.224591000000000000e+06
5.225682000000000000e+06 5.225985000000000000e+06
5.227008000000000000e+06 5.227406000000000000e+06
5.228355000000000000e+06 5.228721000000000000e+06
5.229519000000000000e+06 5.230283000000000000e+06
5.230753000000000000e+06 5.231429000000000000e+06
5.232030000000000000e+06 5.232506000000000000e+06
5.233154000000000000e+06 5.233547000000000000e+06
5.233719000000000000e+06 5.234169000000000000e+06
5.234821000000000000e+06 5.235188000000000000e+06
5.235888000000000000e+06 5.236346000000000000e+06
5.236642000000000000e+06 5.236948000000000000e+06
5.237267000000000000e+06 5.237801000000000000e+06
5.238621000000000000e+06 5.238940000000000000e+06
5.239882000000000000e+06 5.239983000000000000e+06
5.240522000000000000e+06 5.241138000000000000e+06
5.241509000000000000e+06 5.241943000000000000e+06
5.242712000000000000e+06 5.243120000000000000e+06
5.243542000000000000e+06 5.243709000000000000e+06
5.244059000000000000e+06 5.244309000000000000e+06
5.244457000000000000e+06 5.244823000000000000e+06
5.246013000000000000e+06 5.246587000000000000e+06
5.248243000000000000e+06 5.248543000000000000e+06
5.249315000000000000e+06 5.249543000000000000e+06
5.250451000000000000e+06 5.250576000000000000e+06
5.251926000000000000e+06 5.252418000000000000e+06
5.253474000000000000e+06 5.253699000000000000e+06
5.254510000000000000e+06 5.254834000000000000e+06
5.255033000000000000e+06 5.255216000000000000e+06
5.255818000000000000e+06 5.256168000000000000e+06
5.256775000000000000e+06 5.257225000000000000e+06
5.257649000000000000e+06 5.258072000000000000e+06
5.258627000000000000e+06 5.258988000000000000e+06
5.259170000000000000e+06 5.259548000000000000e+06
5.261533000000000000e+06 5.261857000000000000e+06
5.263254000000000000e+06 5.263493000000000000e+06
5.264540000000000000e+06 5.264617000000000000e+06
5.265259000000000000e+06 5.265434000000000000e+06
5.265598000000000000e+06 5.266004000000000000e+06
5.266321000000000000e+06 5.266485000000000000e+06
5.267238000000000000e+06 5.267715000000000000e+06
5.268037000000000000e+06 5.268215000000000000e+06
5.268415000000000000e+06 5.268615000000000000e+06
5.269340000000000000e+06 5.269848000000000000e+06
5.270020000000000000e+06 5.270476000000000000e+06
5.270670000000000000e+06 5.270959000000000000e+06
5.271552000000000000e+06 5.271948000000000000e+06
5.272680000000000000e+06 5.272953000000000000e+06
5.273620000000000000e+06 5.274209000000000000e+06
5.274698000000000000e+06 5.275193000000000000e+06
5.275847000000000000e+06 5.276042000000000000e+06
5.276192000000000000e+06 5.276398000000000000e+06
5.278602000000000000e+06 5.278726000000000000e+06
5.279140000000000000e+06 5.279256000000000000e+06
5.280911000000000000e+06 5.281173000000000000e+06
5.281345000000000000e+06 5.281565000000000000e+06
5.281970000000000000e+06 5.282470000000000000e+06
5.284050000000000000e+06 5.284453000000000000e+06
5.285267000000000000e+06 5.285818000000000000e+06
5.286420000000000000e+06 5.286786000000000000e+06
5.287220000000000000e+06 5.287879000000000000e+06
5.288439000000000000e+06 5.288551000000000000e+06
5.289187000000000000e+06 5.289276000000000000e+06
5.290045000000000000e+06 5.290390000000000000e+06
5.290897000000000000e+06 5.291305000000000000e+06
5.291802000000000000e+06 5.292446000000000000e+06
5.292974000000000000e+06 5.293617000000000000e+06
5.293968000000000000e+06 5.294423000000000000e+06
5.295231000000000000e+06 5.295665000000000000e+06
5.296780000000000000e+06 5.297146000000000000e+06
5.297910000000000000e+06 5.298215000000000000e+06
5.298949000000000000e+06 5.299343000000000000e+06
5.299953000000000000e+06 5.300114000000000000e+06
5.301132000000000000e+06 5.301554000000000000e+06
5.302708000000000000e+06 5.302836000000000000e+06
5.303232000000000000e+06 5.303588000000000000e+06
5.304493000000000000e+06 5.304775000000000000e+06
5.305780000000000000e+06 5.305999000000000000e+06
5.306235000000000000e+06 5.306496000000000000e+06
5.307415000000000000e+06 5.307865000000000000e+06
5.308630000000000000e+06 5.308870000000000000e+06
5.309393000000000000e+06 5.309632000000000000e+06
5.309937000000000000e+06 5.310198000000000000e+06
5.311048000000000000e+06 5.311254000000000000e+06
5.311426000000000000e+06 5.311593000000000000e+06
5.312432000000000000e+06 5.312726000000000000e+06
5.313682000000000000e+06 5.314032000000000000e+06
5.314315000000000000e+06 5.314782000000000000e+06
5.315482000000000000e+06 5.315970000000000000e+06
5.316590000000000000e+06 5.316941000000000000e+06
5.317644000000000000e+06 5.317947000000000000e+06
5.318699000000000000e+06 5.318959000000000000e+06
5.319335000000000000e+06 5.319474000000000000e+06
5.320398000000000000e+06 5.320686000000000000e+06
5.321373000000000000e+06 5.321922000000000000e+06
5.322228000000000000e+06 5.322611000000000000e+06
5.323549000000000000e+06 5.323947000000000000e+06
5.324409000000000000e+06 5.324839000000000000e+06
5.327036000000000000e+06 5.327170000000000000e+06
5.327637000000000000e+06 5.328043000000000000e+06
5.328741000000000000e+06 5.328863000000000000e+06
5.330314000000000000e+06 5.330426000000000000e+06
5.331202000000000000e+06 5.331365000000000000e+06
5.333018000000000000e+06 5.333106000000000000e+06
5.334676000000000000e+06 5.334982000000000000e+06
5.335508000000000000e+06 5.335985000000000000e+06
5.336489000000000000e+06 5.337117000000000000e+06
5.337782000000000000e+06 5.338215000000000000e+06
5.338898000000000000e+06 5.339226000000000000e+06
5.339632000000000000e+06 5.340104000000000000e+06
5.340577000000000000e+06 5.341267000000000000e+06
5.342270000000000000e+06 5.342448000000000000e+06
5.342615000000000000e+06 5.342976000000000000e+06
5.344342000000000000e+06 5.344811000000000000e+06
5.345376000000000000e+06 5.345732000000000000e+06
5.346474000000000000e+06 5.346629000000000000e+06
5.347076000000000000e+06 5.347594000000000000e+06
5.348358000000000000e+06 5.348802000000000000e+06
5.349325000000000000e+06 5.349587000000000000e+06
5.350392000000000000e+06 5.350785000000000000e+06
5.351476000000000000e+06 5.351743000000000000e+06
5.353197000000000000e+06 5.353286000000000000e+06
5.354702000000000000e+06 5.355355000000000000e+06
5.356013000000000000e+06 5.356790000000000000e+06
5.357198000000000000e+06 5.357841000000000000e+06
5.358163000000000000e+06 5.358587000000000000e+06
5.359099000000000000e+06 5.359368000000000000e+06
5.360099000000000000e+06 5.360543000000000000e+06
5.360818000000000000e+06 5.361503000000000000e+06
5.362209000000000000e+06 5.362691000000000000e+06
5.363229000000000000e+06 5.363475000000000000e+06
5.364679000000000000e+06 5.364850000000000000e+06
5.366050000000000000e+06 5.366337000000000000e+06
5.366546000000000000e+06 5.366964000000000000e+06
5.368335000000000000e+06 5.368654000000000000e+06
5.368978000000000000e+06 5.369313000000000000e+06
5.369698000000000000e+06 5.370087000000000000e+06
5.371369000000000000e+06 5.371698000000000000e+06
5.372575000000000000e+06 5.372883000000000000e+06
5.374297000000000000e+06 5.374547000000000000e+06
5.375420000000000000e+06 5.375770000000000000e+06
5.376765000000000000e+06 5.377259000000000000e+06
5.377718000000000000e+06 5.377846000000000000e+06
5.378342000000000000e+06 5.378470000000000000e+06
5.379255000000000000e+06 5.379584000000000000e+06
5.380822000000000000e+06 5.381100000000000000e+06
5.382104000000000000e+06 5.382219000000000000e+06
5.382770000000000000e+06 5.383304000000000000e+06
5.383850000000000000e+06 5.384411000000000000e+06
5.384909000000000000e+06 5.385259000000000000e+06
5.386087000000000000e+06 5.386409000000000000e+06
5.387043000000000000e+06 5.387337000000000000e+06
5.387920000000000000e+06 5.388295000000000000e+06
5.389161000000000000e+06 5.389330000000000000e+06
5.390143000000000000e+06 5.390504000000000000e+06
5.390975000000000000e+06 5.391292000000000000e+06
5.392351000000000000e+06 5.392631000000000000e+06
5.393412000000000000e+06 5.393709000000000000e+06
5.394293000000000000e+06 5.394965000000000000e+06
5.395730000000000000e+06 5.396112000000000000e+06
5.396954000000000000e+06 5.397467000000000000e+06
5.398457000000000000e+06 5.398976000000000000e+06
5.399682000000000000e+06 5.399965000000000000e+06
5.400737000000000000e+06 5.400865000000000000e+06
5.401715000000000000e+06 5.402015000000000000e+06
5.402773000000000000e+06 5.403223000000000000e+06
5.403774000000000000e+06 5.403974000000000000e+06
5.405325000000000000e+06 5.405670000000000000e+06
5.406320000000000000e+06 5.406593000000000000e+06
5.408449000000000000e+06 5.408603000000000000e+06
5.409699000000000000e+06 5.409992000000000000e+06
5.410693000000000000e+06 5.410991000000000000e+06
5.412476000000000000e+06 5.412787000000000000e+06
5.417442000000000000e+06 5.417585000000000000e+06
5.418184000000000000e+06 5.418296000000000000e+06
5.419215000000000000e+06 5.419387000000000000e+06
5.420326000000000000e+06 5.420798000000000000e+06
5.421398000000000000e+06 5.421676000000000000e+06
5.422693000000000000e+06 5.422950000000000000e+06
5.423404000000000000e+06 5.423837000000000000e+06
5.424556000000000000e+06 5.425000000000000000e+06
5.425770000000000000e+06 5.426115000000000000e+06
5.426585000000000000e+06 5.426779000000000000e+06
5.429059000000000000e+06 5.429216000000000000e+06
5.429525000000000000e+06 5.429854000000000000e+06
5.430393000000000000e+06 5.430890000000000000e+06
5.431889000000000000e+06 5.432240000000000000e+06
5.433241000000000000e+06 5.433393000000000000e+06
5.434139000000000000e+06 5.434476000000000000e+06
5.436310000000000000e+06 5.436461000000000000e+06
5.437361000000000000e+06 5.437764000000000000e+06
5.438601000000000000e+06 5.438894000000000000e+06
5.442692000000000000e+06 5.443063000000000000e+06
5.443868000000000000e+06 5.444093000000000000e+06
5.445362000000000000e+06 5.445479000000000000e+06
5.446416000000000000e+06 5.446651000000000000e+06
5.447253000000000000e+06 5.447650000000000000e+06
5.448487000000000000e+06 5.448770000000000000e+06
5.448935000000000000e+06 5.449146000000000000e+06
5.449626000000000000e+06 5.449904000000000000e+06
5.450562000000000000e+06 5.450944000000000000e+06
5.451571000000000000e+06 5.451984000000000000e+06
5.452466000000000000e+06 5.452591000000000000e+06
5.453313000000000000e+06 5.453444000000000000e+06
5.454134000000000000e+06 5.454506000000000000e+06
5.455118000000000000e+06 5.455442000000000000e+06
5.456478000000000000e+06 5.456760000000000000e+06
5.458573000000000000e+06 5.458837000000000000e+06
5.459456000000000000e+06 5.459620000000000000e+06
5.460537000000000000e+06 5.460773000000000000e+06
5.461526000000000000e+06 5.461866000000000000e+06
5.462551000000000000e+06 5.462729000000000000e+06
5.463665000000000000e+06 5.463927000000000000e+06
5.464497000000000000e+06 5.464691000000000000e+06
5.465538000000000000e+06 5.465988000000000000e+06
5.466746000000000000e+06 5.467108000000000000e+06
5.467909000000000000e+06 5.468115000000000000e+06
5.468526000000000000e+06 5.468965000000000000e+06
5.469687000000000000e+06 5.469926000000000000e+06
5.471246000000000000e+06 5.471510000000000000e+06
5.473474000000000000e+06 5.473672000000000000e+06
5.474263000000000000e+06 5.474653000000000000e+06
5.475825000000000000e+06 5.476365000000000000e+06
5.478101000000000000e+06 5.478234000000000000e+06
5.479154000000000000e+06 5.479322000000000000e+06
5.481058000000000000e+06 5.481488000000000000e+06
5.482152000000000000e+06 5.482685000000000000e+06
5.484576000000000000e+06 5.485043000000000000e+06
5.485675000000000000e+06 5.486243000000000000e+06
5.486832000000000000e+06 5.487154000000000000e+06
5.487795000000000000e+06 5.488290000000000000e+06
5.489131000000000000e+06 5.489359000000000000e+06
5.489917000000000000e+06 5.490116000000000000e+06
5.490440000000000000e+06 5.490775000000000000e+06
5.491403000000000000e+06 5.491827000000000000e+06
5.492360000000000000e+06 5.492564000000000000e+06
5.493509000000000000e+06 5.493904000000000000e+06
5.494643000000000000e+06 5.494920000000000000e+06
5.496043000000000000e+06 5.496193000000000000e+06
5.497247000000000000e+06 5.497575000000000000e+06
5.498888000000000000e+06 5.498999000000000000e+06
5.500028000000000000e+06 5.500472000000000000e+06
5.503165000000000000e+06 5.503515000000000000e+06
5.504301000000000000e+06 5.504770000000000000e+06
5.507970000000000000e+06 5.508248000000000000e+06
5.508952000000000000e+06 5.509209000000000000e+06
5.510893000000000000e+06 5.511304000000000000e+06
5.512565000000000000e+06 5.512843000000000000e+06
5.514423000000000000e+06 5.514803000000000000e+06
5.515242000000000000e+06 5.515388000000000000e+06
5.515782000000000000e+06 5.515993000000000000e+06
5.516376000000000000e+06 5.516820000000000000e+06
5.518380000000000000e+06 5.518530000000000000e+06
5.519031000000000000e+06 5.519164000000000000e+06
5.520323000000000000e+06 5.520623000000000000e+06
5.520969000000000000e+06 5.521180000000000000e+06
5.521720000000000000e+06 5.522393000000000000e+06
5.523111000000000000e+06 5.523379000000000000e+06
5.524110000000000000e+06 5.524624000000000000e+06
5.525306000000000000e+06 5.525612000000000000e+06
5.526011000000000000e+06 5.526167000000000000e+06
5.528484000000000000e+06 5.528610000000000000e+06
5.529118000000000000e+06 5.529201000000000000e+06
5.530322000000000000e+06 5.530466000000000000e+06
5.531798000000000000e+06 5.531954000000000000e+06
5.532642000000000000e+06 5.533081000000000000e+06
5.534559000000000000e+06 5.535026000000000000e+06
5.535712000000000000e+06 5.536032000000000000e+06
5.537876000000000000e+06 5.538310000000000000e+06
5.539302000000000000e+06 5.539464000000000000e+06
5.539904000000000000e+06 5.540032000000000000e+06
5.540650000000000000e+06 5.541257000000000000e+06
5.542168000000000000e+06 5.542392000000000000e+06
5.544788000000000000e+06 5.545029000000000000e+06
5.545432000000000000e+06 5.545599000000000000e+06
5.546122000000000000e+06 5.546488000000000000e+06
5.548682000000000000e+06 5.548954000000000000e+06
5.549683000000000000e+06 5.550079000000000000e+06
5.550766000000000000e+06 5.551020000000000000e+06
5.553837000000000000e+06 5.554159000000000000e+06
5.556618000000000000e+06 5.556802000000000000e+06
5.557754000000000000e+06 5.558237000000000000e+06
5.558834000000000000e+06 5.559025000000000000e+06
5.560947000000000000e+06 5.561135000000000000e+06
5.561718000000000000e+06 5.561954000000000000e+06
5.563532000000000000e+06 5.563739000000000000e+06
5.565318000000000000e+06 5.565573000000000000e+06
5.569111000000000000e+06 5.569301000000000000e+06
5.569597000000000000e+06 5.569725000000000000e+06
5.570513000000000000e+06 5.571188000000000000e+06
5.571837000000000000e+06 5.572378000000000000e+06
5.573887000000000000e+06 5.574182000000000000e+06
5.574522000000000000e+06 5.574827000000000000e+06
5.575392000000000000e+06 5.576073000000000000e+06
5.576318000000000000e+06 5.576711000000000000e+06
5.577867000000000000e+06 5.578081000000000000e+06
5.579007000000000000e+06 5.579274000000000000e+06
5.580901000000000000e+06 5.581251000000000000e+06
5.581419000000000000e+06 5.581591000000000000e+06
5.583368000000000000e+06 5.583513000000000000e+06
5.584548000000000000e+06 5.584715000000000000e+06
5.585843000000000000e+06 5.586248000000000000e+06
5.587354000000000000e+06 5.587506000000000000e+06
5.588092000000000000e+06 5.588214000000000000e+06
5.591543000000000000e+06 5.591737000000000000e+06
5.592590000000000000e+06 5.592824000000000000e+06
5.593786000000000000e+06 5.594170000000000000e+06
5.594917000000000000e+06 5.595100000000000000e+06
5.595310000000000000e+06 5.595456000000000000e+06
5.595812000000000000e+06 5.596105000000000000e+06
5.597423000000000000e+06 5.597585000000000000e+06
5.599113000000000000e+06 5.599432000000000000e+06
5.600106000000000000e+06 5.600211000000000000e+06
5.601937000000000000e+06 5.602225000000000000e+06
5.603823000000000000e+06 5.604438000000000000e+06
5.605569000000000000e+06 5.605753000000000000e+06
5.606295000000000000e+06 5.607053000000000000e+06
5.607597000000000000e+06 5.607817000000000000e+06
5.608366000000000000e+06 5.608675000000000000e+06
5.609792000000000000e+06 5.609964000000000000e+06
5.615673000000000000e+06 5.616000000000000000e+06
5.617035000000000000e+06 5.617424000000000000e+06
5.617753000000000000e+06 5.618489000000000000e+06
5.619709000000000000e+06 5.619976000000000000e+06
5.623408000000000000e+06 5.623769000000000000e+06
5.624203000000000000e+06 5.624344000000000000e+06
5.625032000000000000e+06 5.625354000000000000e+06
5.625876000000000000e+06 5.626226000000000000e+06
5.627070000000000000e+06 5.627201000000000000e+06
5.628009000000000000e+06 5.628365000000000000e+06
5.629185000000000000e+06 5.629313000000000000e+06
5.630115000000000000e+06 5.630448000000000000e+06
5.632092000000000000e+06 5.632249000000000000e+06
5.634299000000000000e+06 5.634524000000000000e+06
5.637699000000000000e+06 5.637977000000000000e+06
5.639787000000000000e+06 5.639954000000000000e+06
5.641332000000000000e+06 5.641587000000000000e+06
5.641959000000000000e+06 5.642265000000000000e+06
5.643246000000000000e+06 5.643418000000000000e+06
5.644540000000000000e+06 5.645142000000000000e+06
5.645615000000000000e+06 5.645976000000000000e+06
5.647419000000000000e+06 5.647669000000000000e+06
5.648688000000000000e+06 5.648813000000000000e+06
5.649554000000000000e+06 5.649987000000000000e+06
5.650474000000000000e+06 5.650698000000000000e+06
5.651650000000000000e+06 5.651781000000000000e+06
5.652822000000000000e+06 5.652916000000000000e+06
5.653997000000000000e+06 5.654159000000000000e+06
5.654545000000000000e+06 5.654656000000000000e+06
5.656438000000000000e+06 5.656888000000000000e+06
5.660332000000000000e+06 5.660493000000000000e+06
5.666070000000000000e+06 5.666476000000000000e+06
5.666640000000000000e+06 5.666795000000000000e+06
5.667332000000000000e+06 5.667604000000000000e+06
5.668076000000000000e+06 5.668237000000000000e+06
5.669220000000000000e+06 5.669382000000000000e+06
5.670348000000000000e+06 5.670470000000000000e+06
5.672070000000000000e+06 5.672304000000000000e+06
5.673391000000000000e+06 5.673684000000000000e+06
5.674322000000000000e+06 5.674406000000000000e+06
5.675854000000000000e+06 5.676153000000000000e+06
5.676702000000000000e+06 5.677157000000000000e+06
5.677581000000000000e+06 5.678224000000000000e+06
5.678890000000000000e+06 5.679018000000000000e+06
5.681793000000000000e+06 5.681976000000000000e+06
5.683109000000000000e+06 5.683387000000000000e+06
5.683952000000000000e+06 5.684290000000000000e+06
5.684457000000000000e+06 5.684665000000000000e+06
5.685262000000000000e+06 5.685418000000000000e+06
5.686437000000000000e+06 5.686798000000000000e+06
5.687487000000000000e+06 5.687687000000000000e+06
5.687826000000000000e+06 5.687935000000000000e+06
5.688634000000000000e+06 5.688927000000000000e+06
5.690234000000000000e+06 5.690428000000000000e+06
5.695537000000000000e+06 5.695659000000000000e+06
5.696520000000000000e+06 5.696704000000000000e+06
5.698751000000000000e+06 5.698908000000000000e+06
5.699415000000000000e+06 5.699588000000000000e+06
5.700372000000000000e+06 5.700508000000000000e+06
5.700739000000000000e+06 5.701079000000000000e+06
5.701726000000000000e+06 5.701954000000000000e+06
5.702944000000000000e+06 5.703493000000000000e+06
5.705382000000000000e+06 5.705754000000000000e+06
5.706545000000000000e+06 5.706733000000000000e+06
5.707063000000000000e+06 5.707607000000000000e+06
5.716787000000000000e+06 5.717059000000000000e+06
5.719332000000000000e+06 5.719743000000000000e+06
5.721507000000000000e+06 5.721679000000000000e+06
5.729133000000000000e+06 5.729378000000000000e+06
5.730325000000000000e+06 5.730603000000000000e+06
5.732661000000000000e+06 5.732996000000000000e+06
5.733600000000000000e+06 5.734415000000000000e+06
5.734682000000000000e+06 5.735254000000000000e+06
5.735707000000000000e+06 5.736198000000000000e+06
5.736770000000000000e+06 5.737070000000000000e+06
5.737660000000000000e+06 5.737921000000000000e+06
5.738663000000000000e+06 5.738989000000000000e+06
5.740450000000000000e+06 5.740639000000000000e+06
5.741161000000000000e+06 5.741523000000000000e+06
5.742159000000000000e+06 5.742304000000000000e+06
5.743141000000000000e+06 5.743380000000000000e+06
5.744944000000000000e+06 5.745137000000000000e+06
5.745733000000000000e+06 5.746105000000000000e+06
5.746895000000000000e+06 5.747282000000000000e+06
5.749482000000000000e+06 5.749787000000000000e+06
5.750443000000000000e+06 5.750848000000000000e+06
5.751627000000000000e+06 5.751844000000000000e+06
5.754246000000000000e+06 5.754791000000000000e+06
5.756020000000000000e+06 5.756453000000000000e+06
5.758133000000000000e+06 5.758405000000000000e+06
5.759067000000000000e+06 5.759406000000000000e+06
5.762592000000000000e+06 5.762798000000000000e+06
5.764194000000000000e+06 5.764422000000000000e+06
5.765840000000000000e+06 5.766157000000000000e+06
5.768156000000000000e+06 5.768540000000000000e+06
5.769218000000000000e+06 5.769553000000000000e+06
5.771096000000000000e+06 5.771248000000000000e+06
5.771562000000000000e+06 5.771703000000000000e+06
5.772817000000000000e+06 5.773324000000000000e+06
5.774192000000000000e+06 5.774487000000000000e+06
5.774753000000000000e+06 5.774930000000000000e+06
5.775530000000000000e+06 5.775743000000000000e+06
5.777773000000000000e+06 5.778173000000000000e+06
5.779144000000000000e+06 5.779361000000000000e+06
5.779652000000000000e+06 5.779924000000000000e+06
5.780228000000000000e+06 5.780351000000000000e+06
5.780814000000000000e+06 5.781011000000000000e+06
5.781490000000000000e+06 5.781724000000000000e+06
5.782625000000000000e+06 5.782955000000000000e+06
5.783478000000000000e+06 5.783968000000000000e+06
5.784675000000000000e+06 5.784883000000000000e+06
5.796399000000000000e+06 5.796682000000000000e+06
5.798311000000000000e+06 5.798590000000000000e+06
5.799011000000000000e+06 5.799289000000000000e+06
5.800169000000000000e+06 5.800625000000000000e+06
5.801617000000000000e+06 5.801810000000000000e+06
5.802663000000000000e+06 5.802824000000000000e+06
5.804006000000000000e+06 5.804612000000000000e+06
5.805584000000000000e+06 5.805788000000000000e+06
5.806758000000000000e+06 5.806947000000000000e+06
6.233779000000000000e+06 6.233918000000000000e+06
6.246579000000000000e+06 6.246835000000000000e+06
6.261354000000000000e+06 6.261560000000000000e+06
6.266326000000000000e+06 6.266682000000000000e+06
6.269052000000000000e+06 6.269318000000000000e+06
6.269724000000000000e+06 6.269928000000000000e+06
6.271188000000000000e+06 6.271403000000000000e+06
6.271586000000000000e+06 6.271957000000000000e+06
6.272823000000000000e+06 6.273535000000000000e+06
6.274178000000000000e+06 6.274450000000000000e+06
6.276244000000000000e+06 6.276642000000000000e+06
6.277489000000000000e+06 6.278075000000000000e+06
6.279357000000000000e+06 6.279712000000000000e+06
6.280803000000000000e+06 6.280964000000000000e+06
6.282433000000000000e+06 6.282835000000000000e+06
6.283876000000000000e+06 6.284054000000000000e+06
6.285221000000000000e+06 6.285472000000000000e+06
6.286753000000000000e+06 6.287114000000000000e+06
6.290641000000000000e+06 6.291036000000000000e+06
6.293673000000000000e+06 6.294118000000000000e+06
6.295892000000000000e+06 6.296080000000000000e+06
6.296211000000000000e+06 6.296671000000000000e+06
6.298785000000000000e+06 6.298952000000000000e+06
6.300926000000000000e+06 6.301033000000000000e+06
6.302601000000000000e+06 6.302823000000000000e+06
6.303635000000000000e+06 6.303841000000000000e+06
6.304080000000000000e+06 6.304386000000000000e+06
6.305093000000000000e+06 6.305569000000000000e+06
6.309903000000000000e+06 6.310463000000000000e+06
6.311682000000000000e+06 6.312268000000000000e+06
6.312388000000000000e+06 6.312535000000000000e+06
6.312932000000000000e+06 6.313126000000000000e+06
6.313691000000000000e+06 6.314010000000000000e+06
6.314182000000000000e+06 6.314611000000000000e+06
6.315678000000000000e+06 6.316029000000000000e+06
6.316479000000000000e+06 6.317347000000000000e+06
6.318843000000000000e+06 6.319084000000000000e+06
6.319380000000000000e+06 6.319580000000000000e+06
6.319999000000000000e+06 6.320198000000000000e+06
6.322719000000000000e+06 6.323143000000000000e+06
6.323703000000000000e+06 6.323944000000000000e+06
6.324446000000000000e+06 6.325068000000000000e+06
6.325341000000000000e+06 6.325753000000000000e+06
6.326551000000000000e+06 6.327158000000000000e+06
6.331594000000000000e+06 6.332054000000000000e+06
6.332300000000000000e+06 6.332520000000000000e+06
6.332954000000000000e+06 6.333435000000000000e+06
6.334335000000000000e+06 6.334957000000000000e+06
6.335146000000000000e+06 6.335292000000000000e+06
6.335564000000000000e+06 6.336564000000000000e+06
6.338484000000000000e+06 6.338678000000000000e+06
6.339251000000000000e+06 6.339435000000000000e+06
6.339907000000000000e+06 6.340052000000000000e+06
6.342462000000000000e+06 6.342935000000000000e+06
6.344965000000000000e+06 6.345185000000000000e+06
6.345320000000000000e+06 6.345404000000000000e+06
6.346708000000000000e+06 6.347131000000000000e+06
6.347420000000000000e+06 6.347787000000000000e+06
6.348290000000000000e+06 6.348466000000000000e+06
6.348814000000000000e+06 6.349186000000000000e+06
6.350420000000000000e+06 6.350698000000000000e+06
6.351529000000000000e+06 6.351869000000000000e+06
6.352596000000000000e+06 6.352800000000000000e+06
6.353203000000000000e+06 6.353475000000000000e+06
6.354053000000000000e+06 6.354508000000000000e+06
6.355272000000000000e+06 6.355596000000000000e+06
6.356114000000000000e+06 6.356460000000000000e+06
6.356813000000000000e+06 6.357090000000000000e+06
6.358536000000000000e+06 6.359263000000000000e+06
6.359886000000000000e+06 6.360111000000000000e+06
6.360336000000000000e+06 6.360864000000000000e+06
6.361780000000000000e+06 6.362161000000000000e+06
6.362708000000000000e+06 6.362980000000000000e+06
6.364126000000000000e+06 6.364246000000000000e+06
6.364913000000000000e+06 6.365197000000000000e+06
6.366987000000000000e+06 6.368002000000000000e+06
6.368499000000000000e+06 6.368881000000000000e+06
6.369948000000000000e+06 6.370434000000000000e+06
6.370780000000000000e+06 6.371444000000000000e+06
6.372612000000000000e+06 6.373028000000000000e+06
6.373568000000000000e+06 6.373735000000000000e+06
6.374300000000000000e+06 6.374624000000000000e+06
6.375786000000000000e+06 6.376188000000000000e+06
6.377334000000000000e+06 6.377831000000000000e+06
6.378446000000000000e+06 6.378579000000000000e+06
6.378898000000000000e+06 6.378966000000000000e+06
6.379798000000000000e+06 6.380206000000000000e+06
6.380431000000000000e+06 6.380645000000000000e+06
6.381974000000000000e+06 6.382224000000000000e+06
6.382722000000000000e+06 6.383329000000000000e+06
6.383592000000000000e+06 6.383731000000000000e+06
6.387138000000000000e+06 6.387399000000000000e+06
6.389271000000000000e+06 6.389486000000000000e+06
6.390786000000000000e+06 6.391194000000000000e+06
6.392229000000000000e+06 6.392465000000000000e+06
6.392979000000000000e+06 6.393168000000000000e+06
6.395014000000000000e+06 6.395437000000000000e+06
6.396294000000000000e+06 6.396796000000000000e+06
6.397278000000000000e+06 6.397705000000000000e+06
6.398935000000000000e+06 6.399044000000000000e+06
6.399883000000000000e+06 6.400292000000000000e+06
6.400942000000000000e+06 6.401182000000000000e+06
6.401378000000000000e+06 6.401593000000000000e+06
6.401985000000000000e+06 6.402875000000000000e+06
6.403963000000000000e+06 6.404418000000000000e+06
6.405168000000000000e+06 6.405696000000000000e+06
6.406280000000000000e+06 6.406580000000000000e+06
6.407483000000000000e+06 6.407682000000000000e+06
6.407849000000000000e+06 6.408053000000000000e+06
6.409147000000000000e+06 6.409471000000000000e+06
6.410420000000000000e+06 6.410614000000000000e+06
6.411624000000000000e+06 6.411746000000000000e+06
6.412383000000000000e+06 6.412783000000000000e+06
6.413760000000000000e+06 6.414425000000000000e+06
6.414990000000000000e+06 6.416156000000000000e+06
6.416614000000000000e+06 6.417095000000000000e+06
6.418147000000000000e+06 6.418555000000000000e+06
6.418821000000000000e+06 6.418936000000000000e+06
6.419381000000000000e+06 6.419693000000000000e+06
6.420213000000000000e+06 6.420495000000000000e+06
6.420903000000000000e+06 6.421280000000000000e+06
6.422551000000000000e+06 6.422766000000000000e+06
6.423864000000000000e+06 6.424398000000000000e+06
6.425057000000000000e+06 6.425627000000000000e+06
6.426244000000000000e+06 6.426354000000000000e+06
6.426835000000000000e+06 6.427212000000000000e+06
6.427568000000000000e+06 6.428222000000000000e+06
6.428420000000000000e+06 6.428588000000000000e+06
6.429074000000000000e+06 6.429372000000000000e+06
6.429901000000000000e+06 6.430058000000000000e+06
6.430691000000000000e+06 6.430978000000000000e+06
6.431768000000000000e+06 6.431888000000000000e+06
6.432971000000000000e+06 6.433361000000000000e+06
6.434127000000000000e+06 6.434896000000000000e+06
6.435559000000000000e+06 6.436089000000000000e+06
6.436641000000000000e+06 6.437075000000000000e+06
6.437439000000000000e+06 6.437847000000000000e+06
6.439217000000000000e+06 6.439494000000000000e+06
6.440708000000000000e+06 6.440876000000000000e+06
6.441644000000000000e+06 6.441969000000000000e+06
6.442785000000000000e+06 6.443219000000000000e+06
6.443478000000000000e+06 6.444247000000000000e+06
6.444859000000000000e+06 6.445094000000000000e+06
6.445246000000000000e+06 6.445487000000000000e+06
6.446083000000000000e+06 6.446742000000000000e+06
6.447332000000000000e+06 6.447521000000000000e+06
6.448434000000000000e+06 6.448868000000000000e+06
6.449483000000000000e+06 6.449954000000000000e+06
6.450566000000000000e+06 6.450995000000000000e+06
6.451492000000000000e+06 6.452308000000000000e+06
6.453434000000000000e+06 6.453790000000000000e+06
6.454154000000000000e+06 6.454929000000000000e+06
6.456760000000000000e+06 6.457042000000000000e+06
6.457508000000000000e+06 6.457703000000000000e+06
6.457947000000000000e+06 6.458140000000000000e+06
6.458470000000000000e+06 6.458946000000000000e+06
6.459229000000000000e+06 6.459658000000000000e+06
6.459882000000000000e+06 6.459992000000000000e+06
6.461201000000000000e+06 6.461467000000000000e+06
6.462590000000000000e+06 6.463024000000000000e+06
6.463380000000000000e+06 6.463780000000000000e+06
6.464250000000000000e+06 6.464367000000000000e+06
6.464586000000000000e+06 6.464717000000000000e+06
6.465743000000000000e+06 6.466194000000000000e+06
6.466744000000000000e+06 6.466933000000000000e+06
6.468424000000000000e+06 6.468635000000000000e+06
6.471454000000000000e+06 6.472238000000000000e+06
6.472814000000000000e+06 6.473049000000000000e+06
6.473682000000000000e+06 6.473922000000000000e+06
6.474101000000000000e+06 6.474246000000000000e+06
6.474828000000000000e+06 6.475246000000000000e+06
6.475692000000000000e+06 6.476003000000000000e+06
6.476270000000000000e+06 6.476448000000000000e+06
6.478453000000000000e+06 6.478824000000000000e+06
6.482365000000000000e+06 6.482784000000000000e+06
6.483406000000000000e+06 6.484013000000000000e+06
6.484280000000000000e+06 6.484709000000000000e+06
6.486168000000000000e+06 6.486378000000000000e+06
6.486990000000000000e+06 6.487502000000000000e+06
6.487837000000000000e+06 6.487968000000000000e+06
6.488609000000000000e+06 6.488949000000000000e+06
6.490136000000000000e+06 6.490471000000000000e+06
6.490759000000000000e+06 6.490963000000000000e+06
6.491062000000000000e+06 6.491543000000000000e+06
6.492396000000000000e+06 6.492867000000000000e+06
6.493453000000000000e+06 6.493829000000000000e+06
6.494504000000000000e+06 6.494771000000000000e+06
6.495268000000000000e+06 6.495707000000000000e+06
6.496633000000000000e+06 6.496827000000000000e+06
6.497698000000000000e+06 6.498111000000000000e+06
6.498817000000000000e+06 6.499052000000000000e+06
6.499973000000000000e+06 6.500245000000000000e+06
6.501034000000000000e+06 6.501251000000000000e+06
6.503645000000000000e+06 6.503845000000000000e+06
6.506580000000000000e+06 6.506873000000000000e+06
6.507621000000000000e+06 6.507940000000000000e+06
6.508249000000000000e+06 6.508390000000000000e+06
6.510001000000000000e+06 6.510571000000000000e+06
6.511460000000000000e+06 6.512135000000000000e+06
6.512661000000000000e+06 6.513336000000000000e+06
6.513514000000000000e+06 6.513854000000000000e+06
6.514011000000000000e+06 6.514335000000000000e+06
6.514445000000000000e+06 6.514560000000000000e+06
6.515219000000000000e+06 6.515742000000000000e+06
6.516590000000000000e+06 6.516940000000000000e+06
6.517542000000000000e+06 6.517678000000000000e+06
6.517955000000000000e+06 6.518044000000000000e+06
6.518504000000000000e+06 6.518771000000000000e+06
6.520162000000000000e+06 6.520481000000000000e+06
6.520973000000000000e+06 6.521151000000000000e+06
6.521282000000000000e+06 6.521371000000000000e+06
6.521475000000000000e+06 6.521637000000000000e+06
6.522527000000000000e+06 6.523113000000000000e+06
6.523228000000000000e+06 6.523437000000000000e+06
6.523866000000000000e+06 6.524180000000000000e+06
6.524473000000000000e+06 6.524635000000000000e+06
6.525402000000000000e+06 6.526452000000000000e+06
6.526868000000000000e+06 6.527250000000000000e+06
6.528115000000000000e+06 6.528532000000000000e+06
6.529149000000000000e+06 6.529416000000000000e+06
6.529929000000000000e+06 6.530127000000000000e+06
6.531043000000000000e+06 6.531148000000000000e+06
6.532148000000000000e+06 6.532310000000000000e+06
6.532847000000000000e+06 6.533008000000000000e+06
6.533282000000000000e+06 6.533575000000000000e+06
6.534079000000000000e+06 6.534151000000000000e+06
6.534600000000000000e+06 6.534841000000000000e+06
6.535327000000000000e+06 6.535625000000000000e+06
6.536462000000000000e+06 6.536917000000000000e+06
6.538848000000000000e+06 6.539507000000000000e+06
6.540276000000000000e+06 6.540532000000000000e+06
6.541018000000000000e+06 6.541207000000000000e+06
6.542614000000000000e+06 6.542734000000000000e+06
6.544441000000000000e+06 6.544664000000000000e+06
6.545140000000000000e+06 6.545412000000000000e+06
6.545870000000000000e+06 6.546179000000000000e+06
6.546461000000000000e+06 6.546629000000000000e+06
6.547644000000000000e+06 6.548292000000000000e+06
6.550264000000000000e+06 6.550719000000000000e+06
6.551792000000000000e+06 6.551944000000000000e+06
6.552367000000000000e+06 6.552843000000000000e+06
6.553100000000000000e+06 6.553366000000000000e+06
6.554543000000000000e+06 6.554894000000000000e+06
6.573896000000000000e+06 6.574141000000000000e+06
6.585646000000000000e+06 6.585791000000000000e+06
6.590762000000000000e+06 6.590973000000000000e+06
