5.513390000000000000e+05 5.515400000000000000e+05
5.578590000000000000e+05 5.580430000000000000e+05
5.578900000000000000e+05 5.580290000000000000e+05
5.747800000000000000e+05 5.749780000000000000e+05
5.755630000000000000e+05 5.760000000000000000e+05
5.756010000000000000e+05 5.758180000000000000e+05
5.767570000000000000e+05 5.769850000000000000e+05
5.767720000000000000e+05 5.773590000000000000e+05
5.777300000000000000e+05 5.780310000000000000e+05
5.777530000000000000e+05 5.779030000000000000e+05
5.788790000000000000e+05 5.790840000000000000e+05
5.789120000000000000e+05 5.790980000000000000e+05
5.848290000000000000e+05 5.849560000000000000e+05
5.874260000000000000e+05 5.875480000000000000e+05
5.886050000000000000e+05 5.887320000000000000e+05
5.886570000000000000e+05 5.887680000000000000e+05
5.894950000000000000e+05 5.899570000000000000e+05
5.903470000000000000e+05 5.905980000000000000e+05
5.913150000000000000e+05 5.914740000000000000e+05
5.913570000000000000e+05 5.915070000000000000e+05
5.926470000000000000e+05 5.929380000000000000e+05
5.926690000000000000e+05 5.928580000000000000e+05
5.926740000000000000e+05 5.930130000000000000e+05
5.935470000000000000e+05 5.937480000000000000e+05
5.967920000000000000e+05 5.970210000000000000e+05
5.967950000000000000e+05 5.969620000000000000e+05
5.977890000000000000e+05 5.981910000000000000e+05
5.978110000000000000e+05 5.982120000000000000e+05
5.991170000000000000e+05 5.994500000000000000e+05
5.991520000000000000e+05 5.994940000000000000e+05
5.998510000000000000e+05 6.000230000000000000e+05
5.998560000000000000e+05 6.002130000000000000e+05
6.013950000000000000e+05 6.015900000000000000e+05
6.025170000000000000e+05 6.026980000000000000e+05
6.025200000000000000e+05 6.026480000000000000e+05
6.033350000000000000e+05 6.035630000000000000e+05
6.033540000000000000e+05 6.037720000000000000e+05
6.069640000000000000e+05 6.071140000000000000e+05
6.070220000000000000e+05 6.071390000000000000e+05
6.070410000000000000e+05 6.072630000000000000e+05
6.071660000000000000e+05 6.072970000000000000e+05
6.092490000000000000e+05 6.095660000000000000e+05
6.101330000000000000e+05 6.104520000000000000e+05
6.101890000000000000e+05 6.104060000000000000e+05
6.125070000000000000e+05 6.127180000000000000e+05
6.125660000000000000e+05 6.131560000000000000e+05
6.129180000000000000e+05 6.131690000000000000e+05
6.136000000000000000e+05 6.137890000000000000e+05
6.136010000000000000e+05 6.140800000000000000e+05
6.136420000000000000e+05 6.141240000000000000e+05
6.137550000000000000e+05 6.140560000000000000e+05
6.138610000000000000e+05 6.140560000000000000e+05
6.160800000000000000e+05 6.164830000000000000e+05
6.161100000000000000e+05 6.165130000000000000e+05
6.161300000000000000e+05 6.163240000000000000e+05
6.170740000000000000e+05 6.174030000000000000e+05
6.181040000000000000e+05 6.183100000000000000e+05
6.185680000000000000e+05 6.186740000000000000e+05
6.185860000000000000e+05 6.187210000000000000e+05
6.197440000000000000e+05 6.202670000000000000e+05
6.197640000000000000e+05 6.201080000000000000e+05
6.197900000000000000e+05 6.202800000000000000e+05
6.211240000000000000e+05 6.217300000000000000e+05
6.211320000000000000e+05 6.215990000000000000e+05
6.211570000000000000e+05 6.213790000000000000e+05
6.214240000000000000e+05 6.216240000000000000e+05
6.218900000000000000e+05 6.220090000000000000e+05
6.221470000000000000e+05 6.230680000000000000e+05
6.221560000000000000e+05 6.224290000000000000e+05
6.225690000000000000e+05 6.227420000000000000e+05
6.227220000000000000e+05 6.228330000000000000e+05
6.227400000000000000e+05 6.230080000000000000e+05
6.228800000000000000e+05 6.230310000000000000e+05
6.229110000000000000e+05 6.230550000000000000e+05
6.235280000000000000e+05 6.237560000000000000e+05
6.235810000000000000e+05 6.239650000000000000e+05
6.238340000000000000e+05 6.239560000000000000e+05
6.245130000000000000e+05 6.253370000000000000e+05
6.245550000000000000e+05 6.247890000000000000e+05
6.248830000000000000e+05 6.250510000000000000e+05
6.249520000000000000e+05 6.250690000000000000e+05
6.251090000000000000e+05 6.253240000000000000e+05
6.251450000000000000e+05 6.253060000000000000e+05
6.270890000000000000e+05 6.273980000000000000e+05
6.270960000000000000e+05 6.276100000000000000e+05
6.271070000000000000e+05 6.273740000000000000e+05
6.275030000000000000e+05 6.276150000000000000e+05
6.284730000000000000e+05 6.288460000000000000e+05
6.284750000000000000e+05 6.285910000000000000e+05
6.284790000000000000e+05 6.285830000000000000e+05
6.284940000000000000e+05 6.288640000000000000e+05
6.287470000000000000e+05 6.288690000000000000e+05
6.292950000000000000e+05 6.294990000000000000e+05
6.295470000000000000e+05 6.297920000000000000e+05
6.296400000000000000e+05 6.298060000000000000e+05
6.302790000000000000e+05 6.304460000000000000e+05
6.305350000000000000e+05 6.306400000000000000e+05
6.338910000000000000e+05 6.341170000000000000e+05
6.384170000000000000e+05 6.385560000000000000e+05
6.386380000000000000e+05 6.387640000000000000e+05
6.402080000000000000e+05 6.403360000000000000e+05
6.402170000000000000e+05 6.405840000000000000e+05
6.414080000000000000e+05 6.416640000000000000e+05
6.421320000000000000e+05 6.424100000000000000e+05
6.425770000000000000e+05 6.428000000000000000e+05
6.434400000000000000e+05 6.439300000000000000e+05
6.435520000000000000e+05 6.439470000000000000e+05
6.465460000000000000e+05 6.468800000000000000e+05
6.472800000000000000e+05 6.477700000000000000e+05
6.472950000000000000e+05 6.478460000000000000e+05
6.474670000000000000e+05 6.477560000000000000e+05
6.482260000000000000e+05 6.487220000000000000e+05
6.525640000000000000e+05 6.526910000000000000e+05
6.553890000000000000e+05 6.555000000000000000e+05
6.572490000000000000e+05 6.574500000000000000e+05
6.579740000000000000e+05 6.581910000000000000e+05
6.580130000000000000e+05 6.582180000000000000e+05
6.585580000000000000e+05 6.587520000000000000e+05
6.585910000000000000e+05 6.587300000000000000e+05
6.587470000000000000e+05 6.588530000000000000e+05
6.621760000000000000e+05 6.623950000000000000e+05
6.629780000000000000e+05 6.631550000000000000e+05
6.664820000000000000e+05 6.668450000000000000e+05
6.666270000000000000e+05 6.668500000000000000e+05
6.671790000000000000e+05 6.674770000000000000e+05
6.681090000000000000e+05 6.682540000000000000e+05
6.684140000000000000e+05 6.686360000000000000e+05
6.702560000000000000e+05 6.707350000000000000e+05
6.703410000000000000e+05 6.705360000000000000e+05
6.720910000000000000e+05 6.724660000000000000e+05
6.752980000000000000e+05 6.755330000000000000e+05
6.762560000000000000e+05 6.765690000000000000e+05
6.851730000000000000e+05 6.853840000000000000e+05
6.879780000000000000e+05 6.883230000000000000e+05
6.887550000000000000e+05 6.889980000000000000e+05
6.913280000000000000e+05 6.915900000000000000e+05
6.978030000000000000e+05 6.979030000000000000e+05
6.978130000000000000e+05 6.982580000000000000e+05
6.980420000000000000e+05 6.982590000000000000e+05
7.006540000000000000e+05 7.009990000000000000e+05
7.008300000000000000e+05 7.009530000000000000e+05
7.136150000000000000e+05 7.137700000000000000e+05
7.265550000000000000e+05 7.268280000000000000e+05
7.265570000000000000e+05 7.267800000000000000e+05
7.300560000000000000e+05 7.304450000000000000e+05
7.309910000000000000e+05 7.312970000000000000e+05
7.715770000000000000e+05 7.717900000000000000e+05
7.715940000000000000e+05 7.718780000000000000e+05
7.716630000000000000e+05 7.718740000000000000e+05
7.736670000000000000e+05 7.737840000000000000e+05
7.738190000000000000e+05 7.739250000000000000e+05
7.770260000000000000e+05 7.773320000000000000e+05
7.770430000000000000e+05 7.773100000000000000e+05
7.770460000000000000e+05 7.771570000000000000e+05
7.772290000000000000e+05 7.773290000000000000e+05
7.852060000000000000e+05 7.853620000000000000e+05
7.852220000000000000e+05 7.853550000000000000e+05
7.877780000000000000e+05 7.880000000000000000e+05
8.161740000000000000e+05 8.163230000000000000e+05
8.262220000000000000e+05 8.266540000000000000e+05
8.263860000000000000e+05 8.265410000000000000e+05
8.459620000000000000e+05 8.461640000000000000e+05
8.798880000000000000e+05 8.799620000000000000e+05
8.999930000000000000e+05 9.001630000000000000e+05
9.079560000000000000e+05 9.083520000000000000e+05
9.524880000000000000e+05 9.526250000000000000e+05
9.814850000000000000e+05 9.816230000000000000e+05
1.005370000000000000e+06 1.005605000000000000e+06
1.017789000000000000e+06 1.017897000000000000e+06
1.028093000000000000e+06 1.028276000000000000e+06
1.028093000000000000e+06 1.028229000000000000e+06
1.047108000000000000e+06 1.047290000000000000e+06
1.050804000000000000e+06 1.050920000000000000e+06
1.050807000000000000e+06 1.050935000000000000e+06
1.052075000000000000e+06 1.052236000000000000e+06
1.052088000000000000e+06 1.052241000000000000e+06
1.069755000000000000e+06 1.069890000000000000e+06
1.074356000000000000e+06 1.074652000000000000e+06
1.101427000000000000e+06 1.101594000000000000e+06
1.105337000000000000e+06 1.105513000000000000e+06
1.105338000000000000e+06 1.105426000000000000e+06
1.105379000000000000e+06 1.105503000000000000e+06
1.108309000000000000e+06 1.108550000000000000e+06
1.108329000000000000e+06 1.108435000000000000e+06
1.109687000000000000e+06 1.109957000000000000e+06
1.119972000000000000e+06 1.120085000000000000e+06
1.121395000000000000e+06 1.121654000000000000e+06
1.132286000000000000e+06 1.132626000000000000e+06
1.183877000000000000e+06 1.184165000000000000e+06
1.184672000000000000e+06 1.184890000000000000e+06
1.234850000000000000e+06 1.234954000000000000e+06
1.237520000000000000e+06 1.237620000000000000e+06
1.238403000000000000e+06 1.238603000000000000e+06
1.240614000000000000e+06 1.240769000000000000e+06
1.240629000000000000e+06 1.240807000000000000e+06
1.243002000000000000e+06 1.243447000000000000e+06
1.243056000000000000e+06 1.243696000000000000e+06
1.243147000000000000e+06 1.243698000000000000e+06
1.243536000000000000e+06 1.243703000000000000e+06
1.244716000000000000e+06 1.244930000000000000e+06
1.245157000000000000e+06 1.245329000000000000e+06
1.245186000000000000e+06 1.245395000000000000e+06
1.245800000000000000e+06 1.246188000000000000e+06
1.246055000000000000e+06 1.246199000000000000e+06
1.246076000000000000e+06 1.246590000000000000e+06
1.246394000000000000e+06 1.246566000000000000e+06
1.246643000000000000e+06 1.246767000000000000e+06
1.247056000000000000e+06 1.247195000000000000e+06
1.247291000000000000e+06 1.247453000000000000e+06
1.247726000000000000e+06 1.247982000000000000e+06
1.248299000000000000e+06 1.248583000000000000e+06
1.250584000000000000e+06 1.250801000000000000e+06
1.250619000000000000e+06 1.251119000000000000e+06
1.250642000000000000e+06 1.250920000000000000e+06
1.251001000000000000e+06 1.251157000000000000e+06
1.251552000000000000e+06 1.251713000000000000e+06
1.251555000000000000e+06 1.251844000000000000e+06
1.253661000000000000e+06 1.253814000000000000e+06
1.253690000000000000e+06 1.253974000000000000e+06
1.254507000000000000e+06 1.254668000000000000e+06
1.257043000000000000e+06 1.257627000000000000e+06
1.258317000000000000e+06 1.258818000000000000e+06
1.259022000000000000e+06 1.259172000000000000e+06
1.259553000000000000e+06 1.259887000000000000e+06
1.261052000000000000e+06 1.261297000000000000e+06
1.261072000000000000e+06 1.261351000000000000e+06
1.262540000000000000e+06 1.262734000000000000e+06
1.262831000000000000e+06 1.263104000000000000e+06
1.264550000000000000e+06 1.264883000000000000e+06
1.264607000000000000e+06 1.265202000000000000e+06
1.265028000000000000e+06 1.265261000000000000e+06
1.266949000000000000e+06 1.267183000000000000e+06
1.267277000000000000e+06 1.267395000000000000e+06
1.278496000000000000e+06 1.278640000000000000e+06
1.278498000000000000e+06 1.278905000000000000e+06
1.278780000000000000e+06 1.278924000000000000e+06
1.280013000000000000e+06 1.280325000000000000e+06
1.280417000000000000e+06 1.280662000000000000e+06
1.280843000000000000e+06 1.281195000000000000e+06
1.281388000000000000e+06 1.281661000000000000e+06
1.282602000000000000e+06 1.282933000000000000e+06
1.284696000000000000e+06 1.284836000000000000e+06
1.290572000000000000e+06 1.290783000000000000e+06
1.293027000000000000e+06 1.293368000000000000e+06
1.293577000000000000e+06 1.293727000000000000e+06
1.294537000000000000e+06 1.295117000000000000e+06
1.295459000000000000e+06 1.295748000000000000e+06
1.300578000000000000e+06 1.300770000000000000e+06
1.302928000000000000e+06 1.303095000000000000e+06
1.304107000000000000e+06 1.304373000000000000e+06
1.304632000000000000e+06 1.304904000000000000e+06
1.311305000000000000e+06 1.311664000000000000e+06
1.314000000000000000e+06 1.314409000000000000e+06
1.315142000000000000e+06 1.315642000000000000e+06
1.315178000000000000e+06 1.315473000000000000e+06
1.315536000000000000e+06 1.315647000000000000e+06
1.316141000000000000e+06 1.316369000000000000e+06
1.317351000000000000e+06 1.317496000000000000e+06
1.317377000000000000e+06 1.317694000000000000e+06
1.320944000000000000e+06 1.321367000000000000e+06
1.321976000000000000e+06 1.322068000000000000e+06
1.322311000000000000e+06 1.322419000000000000e+06
1.323211000000000000e+06 1.323382000000000000e+06
1.324046000000000000e+06 1.324286000000000000e+06
1.324486000000000000e+06 1.324769000000000000e+06
1.324540000000000000e+06 1.324796000000000000e+06
1.325102000000000000e+06 1.325241000000000000e+06
1.325330000000000000e+06 1.325591000000000000e+06
1.325402000000000000e+06 1.325489000000000000e+06
1.327686000000000000e+06 1.327790000000000000e+06
1.328871000000000000e+06 1.329079000000000000e+06
1.329200000000000000e+06 1.329451000000000000e+06
1.332988000000000000e+06 1.333248000000000000e+06
1.334074000000000000e+06 1.334308000000000000e+06
1.337130000000000000e+06 1.337261000000000000e+06
1.337480000000000000e+06 1.337902000000000000e+06
1.337522000000000000e+06 1.337642000000000000e+06
1.338177000000000000e+06 1.338326000000000000e+06
1.338190000000000000e+06 1.338485000000000000e+06
1.338393000000000000e+06 1.338572000000000000e+06
1.338407000000000000e+06 1.338576000000000000e+06
1.338704000000000000e+06 1.339027000000000000e+06
1.338823000000000000e+06 1.338962000000000000e+06
1.343046000000000000e+06 1.343213000000000000e+06
1.344866000000000000e+06 1.344983000000000000e+06
1.345053000000000000e+06 1.345216000000000000e+06
1.345113000000000000e+06 1.345236000000000000e+06
1.345986000000000000e+06 1.346107000000000000e+06
1.348298000000000000e+06 1.348541000000000000e+06
1.349225000000000000e+06 1.349575000000000000e+06
1.349892000000000000e+06 1.350510000000000000e+06
1.351254000000000000e+06 1.351373000000000000e+06
1.351719000000000000e+06 1.351986000000000000e+06
1.351913000000000000e+06 1.352035000000000000e+06
1.356837000000000000e+06 1.356964000000000000e+06
1.356857000000000000e+06 1.356969000000000000e+06
1.358842000000000000e+06 1.359160000000000000e+06
1.359585000000000000e+06 1.359825000000000000e+06
1.360591000000000000e+06 1.360840000000000000e+06
1.363819000000000000e+06 1.363931000000000000e+06
1.363863000000000000e+06 1.363990000000000000e+06
1.364043000000000000e+06 1.364208000000000000e+06
1.368933000000000000e+06 1.369078000000000000e+06
1.373821000000000000e+06 1.374122000000000000e+06
1.375448000000000000e+06 1.375624000000000000e+06
1.377616000000000000e+06 1.378000000000000000e+06
1.383755000000000000e+06 1.384052000000000000e+06
1.385991000000000000e+06 1.386096000000000000e+06
1.398234000000000000e+06 1.398390000000000000e+06
1.398924000000000000e+06 1.399041000000000000e+06
1.398946000000000000e+06 1.399060000000000000e+06
1.410485000000000000e+06 1.410652000000000000e+06
1.412080000000000000e+06 1.412325000000000000e+06
1.421954000000000000e+06 1.422132000000000000e+06
1.433850000000000000e+06 1.434216000000000000e+06
1.433993000000000000e+06 1.434154000000000000e+06
1.482622000000000000e+06 1.482893000000000000e+06
1.490631000000000000e+06 1.490931000000000000e+06
1.492563000000000000e+06 1.492874000000000000e+06
1.493261000000000000e+06 1.493678000000000000e+06
1.493357000000000000e+06 1.493699000000000000e+06
1.495119000000000000e+06 1.495293000000000000e+06
1.495465000000000000e+06 1.495764000000000000e+06
1.498495000000000000e+06 1.498891000000000000e+06
1.499415000000000000e+06 1.499591000000000000e+06
1.499634000000000000e+06 1.499956000000000000e+06
1.499775000000000000e+06 1.499974000000000000e+06
1.501708000000000000e+06 1.502042000000000000e+06
1.501712000000000000e+06 1.501974000000000000e+06
1.502163000000000000e+06 1.502353000000000000e+06
1.504584000000000000e+06 1.504697000000000000e+06
1.512568000000000000e+06 1.512757000000000000e+06
1.512643000000000000e+06 1.512747000000000000e+06
1.520512000000000000e+06 1.520961000000000000e+06
1.521199000000000000e+06 1.521455000000000000e+06
1.523442000000000000e+06 1.523915000000000000e+06
1.524278000000000000e+06 1.524817000000000000e+06
1.524279000000000000e+06 1.524768000000000000e+06
1.525264000000000000e+06 1.525732000000000000e+06
1.527261000000000000e+06 1.527510000000000000e+06
1.531682000000000000e+06 1.531835000000000000e+06
1.533040000000000000e+06 1.533435000000000000e+06
1.533059000000000000e+06 1.533360000000000000e+06
1.533850000000000000e+06 1.534179000000000000e+06
1.533914000000000000e+06 1.534107000000000000e+06
1.533956000000000000e+06 1.534111000000000000e+06
1.534589000000000000e+06 1.534841000000000000e+06
1.534669000000000000e+06 1.534830000000000000e+06
1.534683000000000000e+06 1.534845000000000000e+06
1.535787000000000000e+06 1.536020000000000000e+06
1.536173000000000000e+06 1.536329000000000000e+06
1.536182000000000000e+06 1.536254000000000000e+06
1.536505000000000000e+06 1.536655000000000000e+06
1.537779000000000000e+06 1.537941000000000000e+06
1.539132000000000000e+06 1.539449000000000000e+06
1.542544000000000000e+06 1.542700000000000000e+06
1.551495000000000000e+06 1.551740000000000000e+06
1.552424000000000000e+06 1.552725000000000000e+06
1.554533000000000000e+06 1.554701000000000000e+06
1.555300000000000000e+06 1.555520000000000000e+06
1.564490000000000000e+06 1.564773000000000000e+06
1.570017000000000000e+06 1.570149000000000000e+06
1.586293000000000000e+06 1.586671000000000000e+06
1.589122000000000000e+06 1.589378000000000000e+06
1.589130000000000000e+06 1.589625000000000000e+06
1.589165000000000000e+06 1.589679000000000000e+06
1.589523000000000000e+06 1.589662000000000000e+06
1.590031000000000000e+06 1.590420000000000000e+06
1.590046000000000000e+06 1.590229000000000000e+06
1.591286000000000000e+06 1.591697000000000000e+06
1.591290000000000000e+06 1.591763000000000000e+06
1.592581000000000000e+06 1.592926000000000000e+06
1.594913000000000000e+06 1.595180000000000000e+06
1.599137000000000000e+06 1.599327000000000000e+06
1.600097000000000000e+06 1.600595000000000000e+06
1.608254000000000000e+06 1.608638000000000000e+06
1.608911000000000000e+06 1.609360000000000000e+06
1.609149000000000000e+06 1.609337000000000000e+06
1.609906000000000000e+06 1.610624000000000000e+06
1.609964000000000000e+06 1.610409000000000000e+06
1.610002000000000000e+06 1.610325000000000000e+06
1.610499000000000000e+06 1.610699000000000000e+06
1.611279000000000000e+06 1.611418000000000000e+06
1.611290000000000000e+06 1.612133000000000000e+06
1.611316000000000000e+06 1.612145000000000000e+06
1.611502000000000000e+06 1.611646000000000000e+06
1.611774000000000000e+06 1.612141000000000000e+06
1.612336000000000000e+06 1.612633000000000000e+06
1.613535000000000000e+06 1.613809000000000000e+06
1.613568000000000000e+06 1.613985000000000000e+06
1.614479000000000000e+06 1.614814000000000000e+06
1.615516000000000000e+06 1.615893000000000000e+06
1.616801000000000000e+06 1.616918000000000000e+06
1.617110000000000000e+06 1.617404000000000000e+06
1.618191000000000000e+06 1.618547000000000000e+06
1.618246000000000000e+06 1.618607000000000000e+06
1.618664000000000000e+06 1.618897000000000000e+06
1.618679000000000000e+06 1.618894000000000000e+06
1.619392000000000000e+06 1.619904000000000000e+06
1.620603000000000000e+06 1.621004000000000000e+06
1.623849000000000000e+06 1.624005000000000000e+06
1.624050000000000000e+06 1.624418000000000000e+06
1.626930000000000000e+06 1.627058000000000000e+06
1.626946000000000000e+06 1.627054000000000000e+06
1.627402000000000000e+06 1.627883000000000000e+06
1.627406000000000000e+06 1.627707000000000000e+06
1.627747000000000000e+06 1.627864000000000000e+06
1.628355000000000000e+06 1.628692000000000000e+06
1.628373000000000000e+06 1.628590000000000000e+06
1.629559000000000000e+06 1.629920000000000000e+06
1.629800000000000000e+06 1.629914000000000000e+06
1.630814000000000000e+06 1.631169000000000000e+06
1.632471000000000000e+06 1.632750000000000000e+06
1.641861000000000000e+06 1.642100000000000000e+06
1.643584000000000000e+06 1.643723000000000000e+06
1.643675000000000000e+06 1.643853000000000000e+06
1.645319000000000000e+06 1.645541000000000000e+06
1.645758000000000000e+06 1.646192000000000000e+06
1.645846000000000000e+06 1.646191000000000000e+06
1.647318000000000000e+06 1.647424000000000000e+06
1.647489000000000000e+06 1.647622000000000000e+06
1.649956000000000000e+06 1.650288000000000000e+06
1.652430000000000000e+06 1.653009000000000000e+06
1.653641000000000000e+06 1.654182000000000000e+06
1.654819000000000000e+06 1.655242000000000000e+06
1.654825000000000000e+06 1.655379000000000000e+06
1.657290000000000000e+06 1.657573000000000000e+06
1.678518000000000000e+06 1.679019000000000000e+06
1.679236000000000000e+06 1.679418000000000000e+06
1.680026000000000000e+06 1.680519000000000000e+06
1.680965000000000000e+06 1.681635000000000000e+06
1.682859000000000000e+06 1.682976000000000000e+06
1.684813000000000000e+06 1.685147000000000000e+06
1.686711000000000000e+06 1.687050000000000000e+06
1.688523000000000000e+06 1.688637000000000000e+06
1.691084000000000000e+06 1.691225000000000000e+06
1.694518000000000000e+06 1.694806000000000000e+06
1.695753000000000000e+06 1.696128000000000000e+06
1.695878000000000000e+06 1.696106000000000000e+06
1.697117000000000000e+06 1.697651000000000000e+06
1.697119000000000000e+06 1.697508000000000000e+06
1.697560000000000000e+06 1.697932000000000000e+06
1.699030000000000000e+06 1.699402000000000000e+06
1.699215000000000000e+06 1.699467000000000000e+06
1.700587000000000000e+06 1.701138000000000000e+06
1.700595000000000000e+06 1.700879000000000000e+06
1.700614000000000000e+06 1.701032000000000000e+06
1.700951000000000000e+06 1.701079000000000000e+06
1.701610000000000000e+06 1.701962000000000000e+06
1.702677000000000000e+06 1.702957000000000000e+06
1.702714000000000000e+06 1.702964000000000000e+06
1.706943000000000000e+06 1.707332000000000000e+06
1.707566000000000000e+06 1.707800000000000000e+06
1.708830000000000000e+06 1.709125000000000000e+06
1.708885000000000000e+06 1.709414000000000000e+06
1.709248000000000000e+06 1.709426000000000000e+06
1.710068000000000000e+06 1.710332000000000000e+06
1.710112000000000000e+06 1.710277000000000000e+06
1.711263000000000000e+06 1.711466000000000000e+06
1.711306000000000000e+06 1.711434000000000000e+06
1.711758000000000000e+06 1.711936000000000000e+06
1.711772000000000000e+06 1.711929000000000000e+06
1.712426000000000000e+06 1.712638000000000000e+06
1.713123000000000000e+06 1.713285000000000000e+06
1.713145000000000000e+06 1.713380000000000000e+06
1.714697000000000000e+06 1.715020000000000000e+06
1.714774000000000000e+06 1.715030000000000000e+06
1.718030000000000000e+06 1.718408000000000000e+06
1.719396000000000000e+06 1.719552000000000000e+06
1.719527000000000000e+06 1.719828000000000000e+06
1.719707000000000000e+06 1.719874000000000000e+06
1.720580000000000000e+06 1.720830000000000000e+06
1.720629000000000000e+06 1.720840000000000000e+06
1.721883000000000000e+06 1.722409000000000000e+06
1.723824000000000000e+06 1.724136000000000000e+06
1.724746000000000000e+06 1.725153000000000000e+06
1.727915000000000000e+06 1.728171000000000000e+06
1.733412000000000000e+06 1.733717000000000000e+06
1.733432000000000000e+06 1.733842000000000000e+06
1.733439000000000000e+06 1.733678000000000000e+06
1.734557000000000000e+06 1.734930000000000000e+06
1.734586000000000000e+06 1.734985000000000000e+06
1.736923000000000000e+06 1.737062000000000000e+06
1.737043000000000000e+06 1.737224000000000000e+06
1.737772000000000000e+06 1.737889000000000000e+06
1.742629000000000000e+06 1.742941000000000000e+06
1.743638000000000000e+06 1.744122000000000000e+06
1.745300000000000000e+06 1.745467000000000000e+06
1.745321000000000000e+06 1.745825000000000000e+06
1.745556000000000000e+06 1.745751000000000000e+06
1.749585000000000000e+06 1.749713000000000000e+06
1.751188000000000000e+06 1.751327000000000000e+06
1.751784000000000000e+06 1.751979000000000000e+06
1.752432000000000000e+06 1.752627000000000000e+06
1.753792000000000000e+06 1.753892000000000000e+06
1.754013000000000000e+06 1.754236000000000000e+06
1.758913000000000000e+06 1.759063000000000000e+06
1.758933000000000000e+06 1.759290000000000000e+06
1.759146000000000000e+06 1.759280000000000000e+06
1.760473000000000000e+06 1.760777000000000000e+06
1.765284000000000000e+06 1.765646000000000000e+06
1.773112000000000000e+06 1.773257000000000000e+06
1.773119000000000000e+06 1.773221000000000000e+06
1.774405000000000000e+06 1.774613000000000000e+06
1.787102000000000000e+06 1.787325000000000000e+06
1.789790000000000000e+06 1.790021000000000000e+06
1.789803000000000000e+06 1.789975000000000000e+06
1.791520000000000000e+06 1.791717000000000000e+06
1.792191000000000000e+06 1.792313000000000000e+06
1.794310000000000000e+06 1.794504000000000000e+06
1.795356000000000000e+06 1.795501000000000000e+06
1.795548000000000000e+06 1.795793000000000000e+06
1.796430000000000000e+06 1.796721000000000000e+06
1.799748000000000000e+06 1.800115000000000000e+06
1.801355000000000000e+06 1.801550000000000000e+06
1.801729000000000000e+06 1.801980000000000000e+06
1.801780000000000000e+06 1.801947000000000000e+06
1.804399000000000000e+06 1.804687000000000000e+06
1.804436000000000000e+06 1.804636000000000000e+06
1.804745000000000000e+06 1.805016000000000000e+06
1.804888000000000000e+06 1.805008000000000000e+06
1.805458000000000000e+06 1.805748000000000000e+06
1.806492000000000000e+06 1.806796000000000000e+06
1.807670000000000000e+06 1.807966000000000000e+06
1.808617000000000000e+06 1.808980000000000000e+06
1.809777000000000000e+06 1.810061000000000000e+06
1.811008000000000000e+06 1.811397000000000000e+06
1.811481000000000000e+06 1.811636000000000000e+06
1.813518000000000000e+06 1.813847000000000000e+06
1.814558000000000000e+06 1.814798000000000000e+06
1.815736000000000000e+06 1.815914000000000000e+06
1.817734000000000000e+06 1.817967000000000000e+06
1.818842000000000000e+06 1.819179000000000000e+06
1.821754000000000000e+06 1.822286000000000000e+06
1.823341000000000000e+06 1.823525000000000000e+06
1.823412000000000000e+06 1.823528000000000000e+06
1.824718000000000000e+06 1.825191000000000000e+06
1.824917000000000000e+06 1.825189000000000000e+06
1.825612000000000000e+06 1.826002000000000000e+06
1.825625000000000000e+06 1.826153000000000000e+06
1.827829000000000000e+06 1.828188000000000000e+06
1.827991000000000000e+06 1.828152000000000000e+06
1.830251000000000000e+06 1.830440000000000000e+06
1.830311000000000000e+06 1.830486000000000000e+06
1.830545000000000000e+06 1.830685000000000000e+06
1.833168000000000000e+06 1.833324000000000000e+06
1.833187000000000000e+06 1.833365000000000000e+06
1.837155000000000000e+06 1.837320000000000000e+06
1.838619000000000000e+06 1.838732000000000000e+06
1.838620000000000000e+06 1.838748000000000000e+06
1.841136000000000000e+06 1.841319000000000000e+06
1.843347000000000000e+06 1.843539000000000000e+06
1.846545000000000000e+06 1.846882000000000000e+06
1.854304000000000000e+06 1.854705000000000000e+06
1.855852000000000000e+06 1.855985000000000000e+06
1.863896000000000000e+06 1.864263000000000000e+06
1.864095000000000000e+06 1.864273000000000000e+06
1.864974000000000000e+06 1.865124000000000000e+06
1.865247000000000000e+06 1.865453000000000000e+06
1.865309000000000000e+06 1.865459000000000000e+06
1.868089000000000000e+06 1.868211000000000000e+06
1.875529000000000000e+06 1.875692000000000000e+06
1.882320000000000000e+06 1.882547000000000000e+06
1.882324000000000000e+06 1.882514000000000000e+06
1.882406000000000000e+06 1.882518000000000000e+06
1.883419000000000000e+06 1.883837000000000000e+06
1.885438000000000000e+06 1.885804000000000000e+06
1.885456000000000000e+06 1.885607000000000000e+06
1.885692000000000000e+06 1.885780000000000000e+06
1.890829000000000000e+06 1.890982000000000000e+06
1.891864000000000000e+06 1.891999000000000000e+06
1.910230000000000000e+06 1.910425000000000000e+06
1.910562000000000000e+06 1.910740000000000000e+06
1.910565000000000000e+06 1.910742000000000000e+06
1.916141000000000000e+06 1.916325000000000000e+06
1.982709000000000000e+06 1.982999000000000000e+06
1.988085000000000000e+06 1.988430000000000000e+06
2.023079000000000000e+06 2.023328000000000000e+06
2.095585000000000000e+06 2.095728000000000000e+06
2.178096000000000000e+06 2.178234000000000000e+06
2.194018000000000000e+06 2.194189000000000000e+06
2.268434000000000000e+06 2.268688000000000000e+06
2.335245000000000000e+06 2.335468000000000000e+06
2.351093000000000000e+06 2.351329000000000000e+06
2.351934000000000000e+06 2.352068000000000000e+06
2.370814000000000000e+06 2.371074000000000000e+06
2.375160000000000000e+06 2.375360000000000000e+06
2.375327000000000000e+06 2.375415000000000000e+06
2.375879000000000000e+06 2.376034000000000000e+06
2.375896000000000000e+06 2.376019000000000000e+06
2.377263000000000000e+06 2.377386000000000000e+06
2.377305000000000000e+06 2.377421000000000000e+06
2.378131000000000000e+06 2.378359000000000000e+06
2.378234000000000000e+06 2.378465000000000000e+06
2.378912000000000000e+06 2.379301000000000000e+06
2.378948000000000000e+06 2.379126000000000000e+06
2.379170000000000000e+06 2.379306000000000000e+06
2.379627000000000000e+06 2.379760000000000000e+06
2.379640000000000000e+06 2.379752000000000000e+06
2.387512000000000000e+06 2.387657000000000000e+06
2.393707000000000000e+06 2.394073000000000000e+06
2.393968000000000000e+06 2.394068000000000000e+06
2.394471000000000000e+06 2.394744000000000000e+06
2.395436000000000000e+06 2.395530000000000000e+06
2.395846000000000000e+06 2.396102000000000000e+06
2.396540000000000000e+06 2.396667000000000000e+06
2.396559000000000000e+06 2.396690000000000000e+06
2.396566000000000000e+06 2.396936000000000000e+06
2.396864000000000000e+06 2.397346000000000000e+06
2.397017000000000000e+06 2.397296000000000000e+06
2.400004000000000000e+06 2.400160000000000000e+06
2.400694000000000000e+06 2.400833000000000000e+06
2.401390000000000000e+06 2.401612000000000000e+06
2.406866000000000000e+06 2.407195000000000000e+06
2.407964000000000000e+06 2.408298000000000000e+06
2.408019000000000000e+06 2.408297000000000000e+06
2.409501000000000000e+06 2.409603000000000000e+06
2.412234000000000000e+06 2.412477000000000000e+06
2.413023000000000000e+06 2.413193000000000000e+06
2.414785000000000000e+06 2.415074000000000000e+06
2.415816000000000000e+06 2.416102000000000000e+06
2.417061000000000000e+06 2.417406000000000000e+06
2.424104000000000000e+06 2.424427000000000000e+06
2.425391000000000000e+06 2.425714000000000000e+06
2.425538000000000000e+06 2.425732000000000000e+06
2.428139000000000000e+06 2.428323000000000000e+06
2.429152000000000000e+06 2.429447000000000000e+06
2.435698000000000000e+06 2.436093000000000000e+06
2.843596000000000000e+06 2.844138000000000000e+06
2.843806000000000000e+06 2.844162000000000000e+06
2.853169000000000000e+06 2.853285000000000000e+06
2.853196000000000000e+06 2.853312000000000000e+06
2.856360000000000000e+06 2.856555000000000000e+06
2.862373000000000000e+06 2.862484000000000000e+06
2.862694000000000000e+06 2.863173000000000000e+06
2.864080000000000000e+06 2.864408000000000000e+06
2.864598000000000000e+06 2.864753000000000000e+06
2.865816000000000000e+06 2.865983000000000000e+06
2.867208000000000000e+06 2.867321000000000000e+06
2.868121000000000000e+06 2.868282000000000000e+06
2.868696000000000000e+06 2.868780000000000000e+06
2.870767000000000000e+06 2.871647000000000000e+06
2.870776000000000000e+06 2.871221000000000000e+06
2.871290000000000000e+06 2.871602000000000000e+06
2.872380000000000000e+06 2.872586000000000000e+06
2.873380000000000000e+06 2.873798000000000000e+06
2.874176000000000000e+06 2.874302000000000000e+06
2.874212000000000000e+06 2.874390000000000000e+06
2.875030000000000000e+06 2.875174000000000000e+06
2.875050000000000000e+06 2.875489000000000000e+06
2.875065000000000000e+06 2.875193000000000000e+06
2.875902000000000000e+06 2.876136000000000000e+06
2.878139000000000000e+06 2.878618000000000000e+06
2.879182000000000000e+06 2.879967000000000000e+06
2.879219000000000000e+06 2.879625000000000000e+06
2.881319000000000000e+06 2.881397000000000000e+06
2.881336000000000000e+06 2.881455000000000000e+06
2.889120000000000000e+06 2.889472000000000000e+06
2.890406000000000000e+06 2.890824000000000000e+06
3.713187000000000000e+06 3.713289000000000000e+06
3.717236000000000000e+06 3.717469000000000000e+06
3.720622000000000000e+06 3.720727000000000000e+06
3.723334000000000000e+06 3.723449000000000000e+06
3.723340000000000000e+06 3.723496000000000000e+06
4.009429000000000000e+06 4.009860000000000000e+06
4.009510000000000000e+06 4.009790000000000000e+06
4.010503000000000000e+06 4.010698000000000000e+06
4.011421000000000000e+06 4.011572000000000000e+06
4.012085000000000000e+06 4.012286000000000000e+06
4.012105000000000000e+06 4.012415000000000000e+06
4.012150000000000000e+06 4.012395000000000000e+06
4.014605000000000000e+06 4.014878000000000000e+06
4.015735000000000000e+06 4.015974000000000000e+06
4.016156000000000000e+06 4.016434000000000000e+06
4.017132000000000000e+06 4.017605000000000000e+06
4.018698000000000000e+06 4.019022000000000000e+06
4.018852000000000000e+06 4.019013000000000000e+06
4.019759000000000000e+06 4.019901000000000000e+06
4.019828000000000000e+06 4.020121000000000000e+06
4.023389000000000000e+06 4.023696000000000000e+06
4.024058000000000000e+06 4.024470000000000000e+06
4.025013000000000000e+06 4.025494000000000000e+06
4.025148000000000000e+06 4.025443000000000000e+06
4.026307000000000000e+06 4.026552000000000000e+06
4.027173000000000000e+06 4.027451000000000000e+06
4.028146000000000000e+06 4.028491000000000000e+06
4.028158000000000000e+06 4.028520000000000000e+06
4.028926000000000000e+06 4.029265000000000000e+06
4.029883000000000000e+06 4.030223000000000000e+06
4.030935000000000000e+06 4.031330000000000000e+06
4.034252000000000000e+06 4.034481000000000000e+06
4.035020000000000000e+06 4.035349000000000000e+06
4.035983000000000000e+06 4.036662000000000000e+06
4.037101000000000000e+06 4.037655000000000000e+06
4.038260000000000000e+06 4.038805000000000000e+06
4.038944000000000000e+06 4.039212000000000000e+06
4.039657000000000000e+06 4.039907000000000000e+06
4.039676000000000000e+06 4.039980000000000000e+06
4.040350000000000000e+06 4.041064000000000000e+06
4.040381000000000000e+06 4.040523000000000000e+06
4.040642000000000000e+06 4.041009000000000000e+06
4.041238000000000000e+06 4.041616000000000000e+06
4.043709000000000000e+06 4.044037000000000000e+06
4.044153000000000000e+06 4.044532000000000000e+06
4.050874000000000000e+06 4.051346000000000000e+06
4.050961000000000000e+06 4.051301000000000000e+06
4.051542000000000000e+06 4.051692000000000000e+06
4.051768000000000000e+06 4.051996000000000000e+06
4.052264000000000000e+06 4.052409000000000000e+06
4.052275000000000000e+06 4.052426000000000000e+06
4.053318000000000000e+06 4.053496000000000000e+06
4.053358000000000000e+06 4.053484000000000000e+06
4.053828000000000000e+06 4.054056000000000000e+06
4.054323000000000000e+06 4.054468000000000000e+06
4.055814000000000000e+06 4.056271000000000000e+06
4.056449000000000000e+06 4.056733000000000000e+06
4.057575000000000000e+06 4.058092000000000000e+06
4.057701000000000000e+06 4.058108000000000000e+06
4.058175000000000000e+06 4.058264000000000000e+06
4.058458000000000000e+06 4.058726000000000000e+06
4.059210000000000000e+06 4.059850000000000000e+06
4.064178000000000000e+06 4.064280000000000000e+06
4.064253000000000000e+06 4.065068000000000000e+06
4.064323000000000000e+06 4.064779000000000000e+06
4.064531000000000000e+06 4.065026000000000000e+06
4.065649000000000000e+06 4.066173000000000000e+06
4.069084000000000000e+06 4.069885000000000000e+06
4.070008000000000000e+06 4.070164000000000000e+06
4.072534000000000000e+06 4.072813000000000000e+06
4.073337000000000000e+06 4.073976000000000000e+06
4.073350000000000000e+06 4.073584000000000000e+06
4.073419000000000000e+06 4.073926000000000000e+06
4.073745000000000000e+06 4.073962000000000000e+06
4.074468000000000000e+06 4.074968000000000000e+06
4.077154000000000000e+06 4.077360000000000000e+06
4.077169000000000000e+06 4.077590000000000000e+06
4.079180000000000000e+06 4.079458000000000000e+06
4.080766000000000000e+06 4.081156000000000000e+06
4.082373000000000000e+06 4.082884000000000000e+06
4.082436000000000000e+06 4.082781000000000000e+06
4.082827000000000000e+06 4.082971000000000000e+06
4.084284000000000000e+06 4.084835000000000000e+06
4.085837000000000000e+06 4.085976000000000000e+06
4.086210000000000000e+06 4.086315000000000000e+06
4.086416000000000000e+06 4.086677000000000000e+06
4.087023000000000000e+06 4.087407000000000000e+06
4.087857000000000000e+06 4.088275000000000000e+06
4.088442000000000000e+06 4.088592000000000000e+06
4.089073000000000000e+06 4.089809000000000000e+06
4.089073000000000000e+06 4.089249000000000000e+06
4.089449000000000000e+06 4.089766000000000000e+06
4.090134000000000000e+06 4.090679000000000000e+06
4.091019000000000000e+06 4.091776000000000000e+06
4.092296000000000000e+06 4.092390000000000000e+06
4.092481000000000000e+06 4.092675000000000000e+06
4.092585000000000000e+06 4.092674000000000000e+06
4.093919000000000000e+06 4.094053000000000000e+06
4.093921000000000000e+06 4.094168000000000000e+06
4.095289000000000000e+06 4.095558000000000000e+06
4.096468000000000000e+06 4.096709000000000000e+06
4.096910000000000000e+06 4.097596000000000000e+06
4.097750000000000000e+06 4.098012000000000000e+06
4.098071000000000000e+06 4.098388000000000000e+06
4.100565000000000000e+06 4.101093000000000000e+06
4.102505000000000000e+06 4.102613000000000000e+06
4.103840000000000000e+06 4.104335000000000000e+06
4.103997000000000000e+06 4.104966000000000000e+06
4.104507000000000000e+06 4.104969000000000000e+06
4.110776000000000000e+06 4.111376000000000000e+06
4.115832000000000000e+06 4.115983000000000000e+06
4.116950000000000000e+06 4.117440000000000000e+06
4.118052000000000000e+06 4.118731000000000000e+06
4.119053000000000000e+06 4.119159000000000000e+06
4.119324000000000000e+06 4.119418000000000000e+06
4.119509000000000000e+06 4.119639000000000000e+06
4.120967000000000000e+06 4.121079000000000000e+06
4.121119000000000000e+06 4.121631000000000000e+06
4.121147000000000000e+06 4.121631000000000000e+06
4.123119000000000000e+06 4.123385000000000000e+06
4.124448000000000000e+06 4.124695000000000000e+06
4.124895000000000000e+06 4.125046000000000000e+06
4.125510000000000000e+06 4.125822000000000000e+06
4.125894000000000000e+06 4.126973000000000000e+06
4.125896000000000000e+06 4.126230000000000000e+06
4.126590000000000000e+06 4.126785000000000000e+06
4.127414000000000000e+06 4.127592000000000000e+06
4.127434000000000000e+06 4.127806000000000000e+06
4.128733000000000000e+06 4.129078000000000000e+06
4.129569000000000000e+06 4.129747000000000000e+06
4.129679000000000000e+06 4.129790000000000000e+06
4.129914000000000000e+06 4.130159000000000000e+06
4.129941000000000000e+06 4.130347000000000000e+06
4.134651000000000000e+06 4.134816000000000000e+06
4.134867000000000000e+06 4.135081000000000000e+06
4.134924000000000000e+06 4.135069000000000000e+06
4.135169000000000000e+06 4.135336000000000000e+06
4.135180000000000000e+06 4.135294000000000000e+06
4.136475000000000000e+06 4.137004000000000000e+06
4.137583000000000000e+06 4.137777000000000000e+06
4.137933000000000000e+06 4.138267000000000000e+06
4.138516000000000000e+06 4.138691000000000000e+06
4.139761000000000000e+06 4.139865000000000000e+06
4.139909000000000000e+06 4.140020000000000000e+06
4.143474000000000000e+06 4.143668000000000000e+06
4.145102000000000000e+06 4.145620000000000000e+06
4.145733000000000000e+06 4.145912000000000000e+06
4.146455000000000000e+06 4.147050000000000000e+06
4.147880000000000000e+06 4.148369000000000000e+06
4.147994000000000000e+06 4.148334000000000000e+06
4.150364000000000000e+06 4.150532000000000000e+06
4.150419000000000000e+06 4.150708000000000000e+06
4.150596000000000000e+06 4.150697000000000000e+06
4.150818000000000000e+06 4.150974000000000000e+06
4.151136000000000000e+06 4.151286000000000000e+06
4.151937000000000000e+06 4.152057000000000000e+06
4.151984000000000000e+06 4.152301000000000000e+06
4.152160000000000000e+06 4.152382000000000000e+06
4.153236000000000000e+06 4.153758000000000000e+06
4.153317000000000000e+06 4.153790000000000000e+06
4.153880000000000000e+06 4.154069000000000000e+06
4.156707000000000000e+06 4.156968000000000000e+06
4.158950000000000000e+06 4.159334000000000000e+06
4.162763000000000000e+06 4.163058000000000000e+06
4.163781000000000000e+06 4.164059000000000000e+06
4.164529000000000000e+06 4.164791000000000000e+06
4.165716000000000000e+06 4.166124000000000000e+06
4.165768000000000000e+06 4.166008000000000000e+06
4.166286000000000000e+06 4.166464000000000000e+06
4.175179000000000000e+06 4.175388000000000000e+06
4.175195000000000000e+06 4.175318000000000000e+06
4.175842000000000000e+06 4.176254000000000000e+06
4.177373000000000000e+06 4.177667000000000000e+06
4.177475000000000000e+06 4.177664000000000000e+06
4.177719000000000000e+06 4.177858000000000000e+06
4.177737000000000000e+06 4.177870000000000000e+06
4.181314000000000000e+06 4.181976000000000000e+06
4.181341000000000000e+06 4.181553000000000000e+06
4.181617000000000000e+06 4.181840000000000000e+06
4.181788000000000000e+06 4.181928000000000000e+06
4.182802000000000000e+06 4.183046000000000000e+06
4.184865000000000000e+06 4.185343000000000000e+06
4.184968000000000000e+06 4.185351000000000000e+06
4.187492000000000000e+06 4.187865000000000000e+06
4.199560000000000000e+06 4.199665000000000000e+06
4.200111000000000000e+06 4.200240000000000000e+06
4.200577000000000000e+06 4.200744000000000000e+06
4.201902000000000000e+06 4.202202000000000000e+06
4.204013000000000000e+06 4.204350000000000000e+06
4.204189000000000000e+06 4.204356000000000000e+06
4.205461000000000000e+06 4.205873000000000000e+06
4.206496000000000000e+06 4.206596000000000000e+06
4.206514000000000000e+06 4.206664000000000000e+06
4.206866000000000000e+06 4.207034000000000000e+06
4.208477000000000000e+06 4.208909000000000000e+06
4.209318000000000000e+06 4.209440000000000000e+06
4.209349000000000000e+06 4.209616000000000000e+06
4.209513000000000000e+06 4.209741000000000000e+06
4.210635000000000000e+06 4.211046000000000000e+06
4.210701000000000000e+06 4.211444000000000000e+06
4.215588000000000000e+06 4.215889000000000000e+06
4.224026000000000000e+06 4.224160000000000000e+06
4.225122000000000000e+06 4.225256000000000000e+06
4.226570000000000000e+06 4.226787000000000000e+06
4.226577000000000000e+06 4.226999000000000000e+06
4.227638000000000000e+06 4.228235000000000000e+06
4.227705000000000000e+06 4.228234000000000000e+06
4.230332000000000000e+06 4.230440000000000000e+06
4.230362000000000000e+06 4.230579000000000000e+06
4.231669000000000000e+06 4.232020000000000000e+06
4.231678000000000000e+06 4.231830000000000000e+06
4.231683000000000000e+06 4.232033000000000000e+06
4.232595000000000000e+06 4.232716000000000000e+06
4.232603000000000000e+06 4.232842000000000000e+06
4.233260000000000000e+06 4.233505000000000000e+06
4.233944000000000000e+06 4.234128000000000000e+06
4.236321000000000000e+06 4.236554000000000000e+06
4.238990000000000000e+06 4.239156000000000000e+06
4.240832000000000000e+06 4.241207000000000000e+06
4.240885000000000000e+06 4.241091000000000000e+06
4.242121000000000000e+06 4.242249000000000000e+06
4.243142000000000000e+06 4.243503000000000000e+06
4.243156000000000000e+06 4.243423000000000000e+06
4.243747000000000000e+06 4.244342000000000000e+06
4.243857000000000000e+06 4.244152000000000000e+06
4.244652000000000000e+06 4.245100000000000000e+06
4.244681000000000000e+06 4.244898000000000000e+06
4.245098000000000000e+06 4.245226000000000000e+06
4.246693000000000000e+06 4.247161000000000000e+06
4.246752000000000000e+06 4.247046000000000000e+06
4.247369000000000000e+06 4.247859000000000000e+06
4.247918000000000000e+06 4.248029000000000000e+06
4.248226000000000000e+06 4.248733000000000000e+06
4.248857000000000000e+06 4.249102000000000000e+06
4.248978000000000000e+06 4.249139000000000000e+06
4.255731000000000000e+06 4.256004000000000000e+06
4.256241000000000000e+06 4.256414000000000000e+06
4.262269000000000000e+06 4.262533000000000000e+06
4.262954000000000000e+06 4.263155000000000000e+06
4.266880000000000000e+06 4.267158000000000000e+06
4.266897000000000000e+06 4.267239000000000000e+06
4.267041000000000000e+06 4.267149000000000000e+06
4.267395000000000000e+06 4.267529000000000000e+06
4.269928000000000000e+06 4.270262000000000000e+06
4.270813000000000000e+06 4.271136000000000000e+06
4.271297000000000000e+06 4.271609000000000000e+06
4.270759000000000000e+06 4.271324000000000000e+06
4.272101000000000000e+06 4.272419000000000000e+06
4.272112000000000000e+06 4.272212000000000000e+06
4.272485000000000000e+06 4.272751000000000000e+06
4.272538000000000000e+06 4.272727000000000000e+06
4.273435000000000000e+06 4.273801000000000000e+06
4.273523000000000000e+06 4.273779000000000000e+06
4.275014000000000000e+06 4.275249000000000000e+06
4.275950000000000000e+06 4.276406000000000000e+06
4.276996000000000000e+06 4.277731000000000000e+06
4.278243000000000000e+06 4.278566000000000000e+06
4.278257000000000000e+06 4.278502000000000000e+06
4.279641000000000000e+06 4.280087000000000000e+06
4.280149000000000000e+06 4.280259000000000000e+06
4.281093000000000000e+06 4.281594000000000000e+06
4.283242000000000000e+06 4.283459000000000000e+06
4.285507000000000000e+06 4.285657000000000000e+06
4.289531000000000000e+06 4.290009000000000000e+06
4.289673000000000000e+06 4.289979000000000000e+06
4.291788000000000000e+06 4.292045000000000000e+06
4.293076000000000000e+06 4.293694000000000000e+06
4.294224000000000000e+06 4.294363000000000000e+06
4.295475000000000000e+06 4.296399000000000000e+06
4.295706000000000000e+06 4.296435000000000000e+06
4.298184000000000000e+06 4.298411000000000000e+06
4.298198000000000000e+06 4.298412000000000000e+06
4.300679000000000000e+06 4.300896000000000000e+06
4.304730000000000000e+06 4.304909000000000000e+06
4.308371000000000000e+06 4.308744000000000000e+06
4.310640000000000000e+06 4.310806000000000000e+06
4.310648000000000000e+06 4.311260000000000000e+06
4.310929000000000000e+06 4.311034000000000000e+06
4.312657000000000000e+06 4.312829000000000000e+06
4.312892000000000000e+06 4.312997000000000000e+06
4.316839000000000000e+06 4.317101000000000000e+06
4.317140000000000000e+06 4.317335000000000000e+06
4.317159000000000000e+06 4.317423000000000000e+06
4.317841000000000000e+06 4.318096000000000000e+06
4.318195000000000000e+06 4.318712000000000000e+06
4.319303000000000000e+06 4.319426000000000000e+06
4.319481000000000000e+06 4.319742000000000000e+06
4.321436000000000000e+06 4.321547000000000000e+06
4.321646000000000000e+06 4.321907000000000000e+06
4.322998000000000000e+06 4.323232000000000000e+06
4.326214000000000000e+06 4.326340000000000000e+06
4.327384000000000000e+06 4.327518000000000000e+06
4.327652000000000000e+06 4.327758000000000000e+06
4.329494000000000000e+06 4.329811000000000000e+06
4.334598000000000000e+06 4.335020000000000000e+06
4.335608000000000000e+06 4.335854000000000000e+06
4.337066000000000000e+06 4.337476000000000000e+06
4.337883000000000000e+06 4.338327000000000000e+06
4.345761000000000000e+06 4.346033000000000000e+06
4.345846000000000000e+06 4.346030000000000000e+06
4.347991000000000000e+06 4.348286000000000000e+06
4.348034000000000000e+06 4.348284000000000000e+06
4.348925000000000000e+06 4.349153000000000000e+06
4.348943000000000000e+06 4.349476000000000000e+06
4.349066000000000000e+06 4.349167000000000000e+06
4.349191000000000000e+06 4.349475000000000000e+06
4.349225000000000000e+06 4.349426000000000000e+06
4.354886000000000000e+06 4.355159000000000000e+06
4.354891000000000000e+06 4.355329000000000000e+06
4.359062000000000000e+06 4.359157000000000000e+06
4.359074000000000000e+06 4.359211000000000000e+06
4.360273000000000000e+06 4.360546000000000000e+06
4.362276000000000000e+06 4.362544000000000000e+06
4.364912000000000000e+06 4.365018000000000000e+06
4.365065000000000000e+06 4.365182000000000000e+06
4.365980000000000000e+06 4.366208000000000000e+06
4.366078000000000000e+06 4.366323000000000000e+06
4.367327000000000000e+06 4.367679000000000000e+06
4.367336000000000000e+06 4.367419000000000000e+06
4.367547000000000000e+06 4.367670000000000000e+06
4.368779000000000000e+06 4.368975000000000000e+06
4.369863000000000000e+06 4.369974000000000000e+06
4.370855000000000000e+06 4.371281000000000000e+06
4.374285000000000000e+06 4.374453000000000000e+06
4.378034000000000000e+06 4.378312000000000000e+06
4.378924000000000000e+06 4.379130000000000000e+06
4.392970000000000000e+06 4.393203000000000000e+06
4.395046000000000000e+06 4.395218000000000000e+06
4.395084000000000000e+06 4.395621000000000000e+06
4.395312000000000000e+06 4.395618000000000000e+06
4.399022000000000000e+06 4.399239000000000000e+06
4.399091000000000000e+06 4.399247000000000000e+06
4.400031000000000000e+06 4.400136000000000000e+06
4.400553000000000000e+06 4.400987000000000000e+06
4.402440000000000000e+06 4.402694000000000000e+06
4.404774000000000000e+06 4.404880000000000000e+06
4.416677000000000000e+06 4.416972000000000000e+06
4.420674000000000000e+06 4.420868000000000000e+06
4.421286000000000000e+06 4.421458000000000000e+06
4.424742000000000000e+06 4.424909000000000000e+06
4.425599000000000000e+06 4.425744000000000000e+06
4.426352000000000000e+06 4.426469000000000000e+06
4.426500000000000000e+06 4.426656000000000000e+06
4.426575000000000000e+06 4.426703000000000000e+06
4.433623000000000000e+06 4.433941000000000000e+06
4.433745000000000000e+06 4.433934000000000000e+06
4.449889000000000000e+06 4.450008000000000000e+06
4.453365000000000000e+06 4.453537000000000000e+06
4.457142000000000000e+06 4.457320000000000000e+06
4.457176000000000000e+06 4.457525000000000000e+06
4.463759000000000000e+06 4.464037000000000000e+06
4.469182000000000000e+06 4.469380000000000000e+06
4.469198000000000000e+06 4.469327000000000000e+06
4.469442000000000000e+06 4.469531000000000000e+06
4.473403000000000000e+06 4.473532000000000000e+06
4.477382000000000000e+06 4.477620000000000000e+06
4.479654000000000000e+06 4.480082000000000000e+06
4.479657000000000000e+06 4.479980000000000000e+06
4.483850000000000000e+06 4.484100000000000000e+06
4.487070000000000000e+06 4.487308000000000000e+06
4.489019000000000000e+06 4.489313000000000000e+06
4.489020000000000000e+06 4.489443000000000000e+06
4.490309000000000000e+06 4.490582000000000000e+06
4.491223000000000000e+06 4.491407000000000000e+06
4.491276000000000000e+06 4.491554000000000000e+06
4.492041000000000000e+06 4.492314000000000000e+06
4.507822000000000000e+06 4.508049000000000000e+06
4.507864000000000000e+06 4.507975000000000000e+06
4.510504000000000000e+06 4.510670000000000000e+06
4.512102000000000000e+06 4.512345000000000000e+06
4.517804000000000000e+06 4.518037000000000000e+06
4.526635000000000000e+06 4.527012000000000000e+06
4.526698000000000000e+06 4.526909000000000000e+06
4.533054000000000000e+06 4.533354000000000000e+06
4.534507000000000000e+06 4.534849000000000000e+06
4.534697000000000000e+06 4.534842000000000000e+06
4.536737000000000000e+06 4.537137000000000000e+06
4.541576000000000000e+06 4.541690000000000000e+06
4.548127000000000000e+06 4.548528000000000000e+06
4.556307000000000000e+06 4.556623000000000000e+06
4.572615000000000000e+06 4.572820000000000000e+06
4.575165000000000000e+06 4.575459000000000000e+06
4.576132000000000000e+06 4.576448000000000000e+06
4.577878000000000000e+06 4.578105000000000000e+06
4.577962000000000000e+06 4.578096000000000000e+06
4.580932000000000000e+06 4.581114000000000000e+06
4.584393000000000000e+06 4.584576000000000000e+06
4.584396000000000000e+06 4.584513000000000000e+06
4.588532000000000000e+06 4.588704000000000000e+06
4.592972000000000000e+06 4.593209000000000000e+06
4.593096000000000000e+06 4.593229000000000000e+06
4.594037000000000000e+06 4.594348000000000000e+06
4.594046000000000000e+06 4.594230000000000000e+06
4.594141000000000000e+06 4.594280000000000000e+06
4.596377000000000000e+06 4.596700000000000000e+06
4.597109000000000000e+06 4.597459000000000000e+06
4.597130000000000000e+06 4.597286000000000000e+06
4.597820000000000000e+06 4.597976000000000000e+06
4.599766000000000000e+06 4.600033000000000000e+06
4.600790000000000000e+06 4.600999000000000000e+06
4.604226000000000000e+06 4.604370000000000000e+06
4.606022000000000000e+06 4.606245000000000000e+06
4.606893000000000000e+06 4.607143000000000000e+06
4.608483000000000000e+06 4.608601000000000000e+06
4.608655000000000000e+06 4.608826000000000000e+06
4.611927000000000000e+06 4.612296000000000000e+06
4.613526000000000000e+06 4.613851000000000000e+06
4.613545000000000000e+06 4.613712000000000000e+06
4.613576000000000000e+06 4.613843000000000000e+06
4.616272000000000000e+06 4.616473000000000000e+06
4.616304000000000000e+06 4.616620000000000000e+06
4.618665000000000000e+06 4.618954000000000000e+06
4.620150000000000000e+06 4.620405000000000000e+06
4.624159000000000000e+06 4.624293000000000000e+06
4.654401000000000000e+06 4.654560000000000000e+06
4.666959000000000000e+06 4.667359000000000000e+06
4.668062000000000000e+06 4.668296000000000000e+06
4.668070000000000000e+06 4.668337000000000000e+06
4.668340000000000000e+06 4.668507000000000000e+06
4.668854000000000000e+06 4.669148000000000000e+06
4.669464000000000000e+06 4.669981000000000000e+06
4.673429000000000000e+06 4.673626000000000000e+06
4.673870000000000000e+06 4.674159000000000000e+06
4.674298000000000000e+06 4.674432000000000000e+06
4.676215000000000000e+06 4.676491000000000000e+06
4.677232000000000000e+06 4.677559000000000000e+06
4.679037000000000000e+06 4.679370000000000000e+06
4.679873000000000000e+06 4.680231000000000000e+06
4.680295000000000000e+06 4.680414000000000000e+06
4.682612000000000000e+06 4.682754000000000000e+06
4.685087000000000000e+06 4.685370000000000000e+06
4.686088000000000000e+06 4.686294000000000000e+06
4.686818000000000000e+06 4.687337000000000000e+06
4.686887000000000000e+06 4.687282000000000000e+06
4.687787000000000000e+06 4.688104000000000000e+06
4.688495000000000000e+06 4.688895000000000000e+06
4.688515000000000000e+06 4.688909000000000000e+06
4.689393000000000000e+06 4.689559000000000000e+06
4.691837000000000000e+06 4.691926000000000000e+06
4.695854000000000000e+06 4.696243000000000000e+06
4.697054000000000000e+06 4.697459000000000000e+06
4.700254000000000000e+06 4.700397000000000000e+06
5.166309000000000000e+06 5.166846000000000000e+06
5.166335000000000000e+06 5.166468000000000000e+06
5.166557000000000000e+06 5.166802000000000000e+06
5.166596000000000000e+06 5.166818000000000000e+06
5.166943000000000000e+06 5.167452000000000000e+06
5.167020000000000000e+06 5.167443000000000000e+06
5.168170000000000000e+06 5.168275000000000000e+06
5.195582000000000000e+06 5.196087000000000000e+06
5.195617000000000000e+06 5.195851000000000000e+06
5.195659000000000000e+06 5.196076000000000000e+06
5.195990000000000000e+06 5.196140000000000000e+06
5.196235000000000000e+06 5.196368000000000000e+06
5.196296000000000000e+06 5.196468000000000000e+06
5.196991000000000000e+06 5.197113000000000000e+06
5.197001000000000000e+06 5.197162000000000000e+06
5.197753000000000000e+06 5.198355000000000000e+06
5.197815000000000000e+06 5.198309000000000000e+06
5.198920000000000000e+06 5.199438000000000000e+06
5.198934000000000000e+06 5.199162000000000000e+06
5.199312000000000000e+06 5.199407000000000000e+06
5.199337000000000000e+06 5.199508000000000000e+06
5.199835000000000000e+06 5.200180000000000000e+06
5.199846000000000000e+06 5.200429000000000000e+06
5.199965000000000000e+06 5.200159000000000000e+06
5.200241000000000000e+06 5.200347000000000000e+06
5.201354000000000000e+06 5.201748000000000000e+06
5.201360000000000000e+06 5.201899000000000000e+06
5.202001000000000000e+06 5.202268000000000000e+06
5.202143000000000000e+06 5.202693000000000000e+06
5.202362000000000000e+06 5.202702000000000000e+06
5.203970000000000000e+06 5.204387000000000000e+06
5.205096000000000000e+06 5.205638000000000000e+06
5.205143000000000000e+06 5.205515000000000000e+06
5.206471000000000000e+06 5.206883000000000000e+06
5.206476000000000000e+06 5.206751000000000000e+06
5.206808000000000000e+06 5.206892000000000000e+06
5.207478000000000000e+06 5.207601000000000000e+06
5.207687000000000000e+06 5.207826000000000000e+06
5.209190000000000000e+06 5.209642000000000000e+06
5.210448000000000000e+06 5.210731000000000000e+06
5.210794000000000000e+06 5.210919000000000000e+06
5.219509000000000000e+06 5.219659000000000000e+06
5.219904000000000000e+06 5.220043000000000000e+06
5.220315000000000000e+06 5.220843000000000000e+06
5.222808000000000000e+06 5.223268000000000000e+06
5.222962000000000000e+06 5.223290000000000000e+06
5.222981000000000000e+06 5.223219000000000000e+06
5.223107000000000000e+06 5.223257000000000000e+06
5.223787000000000000e+06 5.223902000000000000e+06
5.223796000000000000e+06 5.223941000000000000e+06
5.223809000000000000e+06 5.224605000000000000e+06
5.224026000000000000e+06 5.224537000000000000e+06
5.225678000000000000e+06 5.225968000000000000e+06
5.225691000000000000e+06 5.225832000000000000e+06
5.227016000000000000e+06 5.227345000000000000e+06
5.227048000000000000e+06 5.227298000000000000e+06
5.228362000000000000e+06 5.228690000000000000e+06
5.228482000000000000e+06 5.228693000000000000e+06
5.229540000000000000e+06 5.229657000000000000e+06
5.229826000000000000e+06 5.230254000000000000e+06
5.230820000000000000e+06 5.231170000000000000e+06
5.231349000000000000e+06 5.231449000000000000e+06
5.232034000000000000e+06 5.232502000000000000e+06
5.232048000000000000e+06 5.232409000000000000e+06
5.233090000000000000e+06 5.233489000000000000e+06
5.233725000000000000e+06 5.234151000000000000e+06
5.235948000000000000e+06 5.236254000000000000e+06
5.236632000000000000e+06 5.236898000000000000e+06
5.236658000000000000e+06 5.236836000000000000e+06
5.237287000000000000e+06 5.237665000000000000e+06
5.238643000000000000e+06 5.238887000000000000e+06
5.240565000000000000e+06 5.240987000000000000e+06
5.241047000000000000e+06 5.241151000000000000e+06
5.242720000000000000e+06 5.243043000000000000e+06
5.243553000000000000e+06 5.243714000000000000e+06
5.244435000000000000e+06 5.244559000000000000e+06
5.244648000000000000e+06 5.244799000000000000e+06
5.244657000000000000e+06 5.244813000000000000e+06
5.245897000000000000e+06 5.246136000000000000e+06
5.245908000000000000e+06 5.246064000000000000e+06
5.246254000000000000e+06 5.246570000000000000e+06
5.250359000000000000e+06 5.250582000000000000e+06
5.251932000000000000e+06 5.252298000000000000e+06
5.252314000000000000e+06 5.252420000000000000e+06
5.253479000000000000e+06 5.253663000000000000e+06
5.254470000000000000e+06 5.254770000000000000e+06
5.254994000000000000e+06 5.255206000000000000e+06
5.255019000000000000e+06 5.255254000000000000e+06
5.255795000000000000e+06 5.256292000000000000e+06
5.256698000000000000e+06 5.257258000000000000e+06
5.256793000000000000e+06 5.257193000000000000e+06
5.257648000000000000e+06 5.258076000000000000e+06
5.258526000000000000e+06 5.258887000000000000e+06
5.258612000000000000e+06 5.258901000000000000e+06
5.269308000000000000e+06 5.269436000000000000e+06
5.269720000000000000e+06 5.269837000000000000e+06
5.272610000000000000e+06 5.272725000000000000e+06
5.272788000000000000e+06 5.273171000000000000e+06
5.275893000000000000e+06 5.276393000000000000e+06
5.280909000000000000e+06 5.281165000000000000e+06
5.281349000000000000e+06 5.281547000000000000e+06
5.281424000000000000e+06 5.281586000000000000e+06
5.284120000000000000e+06 5.284443000000000000e+06
5.285370000000000000e+06 5.285793000000000000e+06
5.286401000000000000e+06 5.286696000000000000e+06
5.286504000000000000e+06 5.286782000000000000e+06
5.287370000000000000e+06 5.287893000000000000e+06
5.289170000000000000e+06 5.289254000000000000e+06
5.289996000000000000e+06 5.290197000000000000e+06
5.290037000000000000e+06 5.290420000000000000e+06
5.290068000000000000e+06 5.290457000000000000e+06
5.290308000000000000e+06 5.290430000000000000e+06
5.290982000000000000e+06 5.291287000000000000e+06
5.291820000000000000e+06 5.292409000000000000e+06
5.292974000000000000e+06 5.293147000000000000e+06
5.293004000000000000e+06 5.293598000000000000e+06
5.293976000000000000e+06 5.294387000000000000e+06
5.295249000000000000e+06 5.295684000000000000e+06
5.295320000000000000e+06 5.295637000000000000e+06
5.296959000000000000e+06 5.297153000000000000e+06
5.299985000000000000e+06 5.300205000000000000e+06
5.302713000000000000e+06 5.302819000000000000e+06
5.303431000000000000e+06 5.303626000000000000e+06
5.303437000000000000e+06 5.303595000000000000e+06
5.304493000000000000e+06 5.304726000000000000e+06
5.305755000000000000e+06 5.305861000000000000e+06
5.306228000000000000e+06 5.306417000000000000e+06
5.306270000000000000e+06 5.306423000000000000e+06
5.316575000000000000e+06 5.316822000000000000e+06
5.319267000000000000e+06 5.319520000000000000e+06
5.321348000000000000e+06 5.321459000000000000e+06
5.321370000000000000e+06 5.321483000000000000e+06
5.323541000000000000e+06 5.323786000000000000e+06
5.323551000000000000e+06 5.323886000000000000e+06
5.327065000000000000e+06 5.327198000000000000e+06
5.331198000000000000e+06 5.331364000000000000e+06
5.331360000000000000e+06 5.331512000000000000e+06
5.333045000000000000e+06 5.333221000000000000e+06
5.335618000000000000e+06 5.335969000000000000e+06
5.340620000000000000e+06 5.341159000000000000e+06
5.347094000000000000e+06 5.347545000000000000e+06
5.348286000000000000e+06 5.348805000000000000e+06
5.349285000000000000e+06 5.349468000000000000e+06
5.350374000000000000e+06 5.350758000000000000e+06
5.350538000000000000e+06 5.350809000000000000e+06
5.354712000000000000e+06 5.355049000000000000e+06
5.355103000000000000e+06 5.355309000000000000e+06
5.355996000000000000e+06 5.356247000000000000e+06
5.356019000000000000e+06 5.356760000000000000e+06
5.356380000000000000e+06 5.356703000000000000e+06
5.357232000000000000e+06 5.357809000000000000e+06
5.358031000000000000e+06 5.358531000000000000e+06
5.358204000000000000e+06 5.358432000000000000e+06
5.359779000000000000e+06 5.359977000000000000e+06
5.359853000000000000e+06 5.359964000000000000e+06
5.359871000000000000e+06 5.360572000000000000e+06
5.359920000000000000e+06 5.360577000000000000e+06
5.360137000000000000e+06 5.360548000000000000e+06
5.361038000000000000e+06 5.361439000000000000e+06
5.362215000000000000e+06 5.362706000000000000e+06
5.362224000000000000e+06 5.362497000000000000e+06
5.362226000000000000e+06 5.362675000000000000e+06
5.363177000000000000e+06 5.363517000000000000e+06
5.363249000000000000e+06 5.363510000000000000e+06
5.365998000000000000e+06 5.366226000000000000e+06
5.366150000000000000e+06 5.366278000000000000e+06
5.366378000000000000e+06 5.366514000000000000e+06
5.366478000000000000e+06 5.366690000000000000e+06
5.366564000000000000e+06 5.367050000000000000e+06
5.366787000000000000e+06 5.366965000000000000e+06
5.368035000000000000e+06 5.368213000000000000e+06
5.368096000000000000e+06 5.368679000000000000e+06
5.368343000000000000e+06 5.368648000000000000e+06
5.368929000000000000e+06 5.369332000000000000e+06
5.368970000000000000e+06 5.369259000000000000e+06
5.369709000000000000e+06 5.369993000000000000e+06
5.371376000000000000e+06 5.371493000000000000e+06
5.372609000000000000e+06 5.372793000000000000e+06
5.374302000000000000e+06 5.374523000000000000e+06
5.378262000000000000e+06 5.378435000000000000e+06
5.379262000000000000e+06 5.379574000000000000e+06
5.379432000000000000e+06 5.379576000000000000e+06
5.380982000000000000e+06 5.381109000000000000e+06
5.383850000000000000e+06 5.384067000000000000e+06
5.383943000000000000e+06 5.384343000000000000e+06
5.384200000000000000e+06 5.384339000000000000e+06
5.395770000000000000e+06 5.396159000000000000e+06
5.396926000000000000e+06 5.397354000000000000e+06
5.396929000000000000e+06 5.397440000000000000e+06
5.398413000000000000e+06 5.398552000000000000e+06
5.398760000000000000e+06 5.398958000000000000e+06
5.402915000000000000e+06 5.403226000000000000e+06
5.403764000000000000e+06 5.403869000000000000e+06
5.405370000000000000e+06 5.405587000000000000e+06
5.409548000000000000e+06 5.410015000000000000e+06
5.410709000000000000e+06 5.410998000000000000e+06
5.422604000000000000e+06 5.422762000000000000e+06
5.422656000000000000e+06 5.422952000000000000e+06
5.424548000000000000e+06 5.424982000000000000e+06
5.426567000000000000e+06 5.426717000000000000e+06
5.426586000000000000e+06 5.426724000000000000e+06
5.429071000000000000e+06 5.429185000000000000e+06
5.429081000000000000e+06 5.429203000000000000e+06
5.429534000000000000e+06 5.429849000000000000e+06
5.430402000000000000e+06 5.430938000000000000e+06
5.430426000000000000e+06 5.430620000000000000e+06
5.430678000000000000e+06 5.430834000000000000e+06
5.431902000000000000e+06 5.432228000000000000e+06
5.436107000000000000e+06 5.436451000000000000e+06
5.436251000000000000e+06 5.436451000000000000e+06
5.437346000000000000e+06 5.437846000000000000e+06
5.437363000000000000e+06 5.437480000000000000e+06
5.437593000000000000e+06 5.437796000000000000e+06
5.438598000000000000e+06 5.438926000000000000e+06
5.446415000000000000e+06 5.446568000000000000e+06
5.446435000000000000e+06 5.446641000000000000e+06
5.447525000000000000e+06 5.447641000000000000e+06
5.448946000000000000e+06 5.449154000000000000e+06
5.450524000000000000e+06 5.450981000000000000e+06
5.450545000000000000e+06 5.450795000000000000e+06
5.450554000000000000e+06 5.450980000000000000e+06
5.450845000000000000e+06 5.450945000000000000e+06
5.451536000000000000e+06 5.452008000000000000e+06
5.451607000000000000e+06 5.451987000000000000e+06
5.452386000000000000e+06 5.452580000000000000e+06
5.452396000000000000e+06 5.452579000000000000e+06
5.453319000000000000e+06 5.453424000000000000e+06
5.454137000000000000e+06 5.454565000000000000e+06
5.455115000000000000e+06 5.455487000000000000e+06
5.456465000000000000e+06 5.456798000000000000e+06
5.458636000000000000e+06 5.458780000000000000e+06
5.460395000000000000e+06 5.460746000000000000e+06
5.460507000000000000e+06 5.460780000000000000e+06
5.461493000000000000e+06 5.461915000000000000e+06
5.462564000000000000e+06 5.462690000000000000e+06
5.462564000000000000e+06 5.462692000000000000e+06
5.463698000000000000e+06 5.463926000000000000e+06
5.464493000000000000e+06 5.464682000000000000e+06
5.464503000000000000e+06 5.464883000000000000e+06
5.464769000000000000e+06 5.464864000000000000e+06
5.464783000000000000e+06 5.464890000000000000e+06
5.465534000000000000e+06 5.465628000000000000e+06
5.465726000000000000e+06 5.465948000000000000e+06
5.466620000000000000e+06 5.467082000000000000e+06
5.478068000000000000e+06 5.478367000000000000e+06
5.479098000000000000e+06 5.479343000000000000e+06
5.481063000000000000e+06 5.481468000000000000e+06
5.482148000000000000e+06 5.482770000000000000e+06
5.487774000000000000e+06 5.488035000000000000e+06
5.487787000000000000e+06 5.488276000000000000e+06
5.488124000000000000e+06 5.488291000000000000e+06
5.488987000000000000e+06 5.489354000000000000e+06
5.489914000000000000e+06 5.490097000000000000e+06
5.490453000000000000e+06 5.490834000000000000e+06
5.491459000000000000e+06 5.491843000000000000e+06
5.492367000000000000e+06 5.492569000000000000e+06
5.497237000000000000e+06 5.497743000000000000e+06
5.518391000000000000e+06 5.518678000000000000e+06
5.519013000000000000e+06 5.519340000000000000e+06
5.520974000000000000e+06 5.521202000000000000e+06
5.524124000000000000e+06 5.524336000000000000e+06
5.524150000000000000e+06 5.524334000000000000e+06
5.524386000000000000e+06 5.524570000000000000e+06
5.525315000000000000e+06 5.525548000000000000e+06
5.530300000000000000e+06 5.530475000000000000e+06
5.532502000000000000e+06 5.532791000000000000e+06
5.532659000000000000e+06 5.533098000000000000e+06
5.532913000000000000e+06 5.533052000000000000e+06
5.533580000000000000e+06 5.533669000000000000e+06
5.535715000000000000e+06 5.536048000000000000e+06
5.537916000000000000e+06 5.538148000000000000e+06
5.540645000000000000e+06 5.540868000000000000e+06
5.540893000000000000e+06 5.541254000000000000e+06
5.542169000000000000e+06 5.542308000000000000e+06
5.543191000000000000e+06 5.543301000000000000e+06
5.544826000000000000e+06 5.545037000000000000e+06
5.545420000000000000e+06 5.545587000000000000e+06
5.546154000000000000e+06 5.546482000000000000e+06
5.556625000000000000e+06 5.556778000000000000e+06
5.560937000000000000e+06 5.561115000000000000e+06
5.561739000000000000e+06 5.562286000000000000e+06
5.561776000000000000e+06 5.561970000000000000e+06
5.562134000000000000e+06 5.562246000000000000e+06
5.565335000000000000e+06 5.565591000000000000e+06
5.569492000000000000e+06 5.569746000000000000e+06
5.570523000000000000e+06 5.570862000000000000e+06
5.570665000000000000e+06 5.571154000000000000e+06
5.570923000000000000e+06 5.571140000000000000e+06
5.571841000000000000e+06 5.572008000000000000e+06
5.571876000000000000e+06 5.572343000000000000e+06
5.572096000000000000e+06 5.572269000000000000e+06
5.574604000000000000e+06 5.574804000000000000e+06
5.575397000000000000e+06 5.575820000000000000e+06
5.575910000000000000e+06 5.576011000000000000e+06
5.576287000000000000e+06 5.576591000000000000e+06
5.579015000000000000e+06 5.579265000000000000e+06
5.579810000000000000e+06 5.579929000000000000e+06
5.580950000000000000e+06 5.581240000000000000e+06
5.581419000000000000e+06 5.581580000000000000e+06
5.581444000000000000e+06 5.581605000000000000e+06
5.583195000000000000e+06 5.583484000000000000e+06
5.592616000000000000e+06 5.592948000000000000e+06
5.593809000000000000e+06 5.594115000000000000e+06
5.594892000000000000e+06 5.595165000000000000e+06
5.594917000000000000e+06 5.595067000000000000e+06
5.595388000000000000e+06 5.595513000000000000e+06
5.595780000000000000e+06 5.595957000000000000e+06
5.595826000000000000e+06 5.596193000000000000e+06
5.599126000000000000e+06 5.599415000000000000e+06
5.600107000000000000e+06 5.600212000000000000e+06
5.601929000000000000e+06 5.602231000000000000e+06
5.603812000000000000e+06 5.604012000000000000e+06
5.603893000000000000e+06 5.604209000000000000e+06
5.604112000000000000e+06 5.604346000000000000e+06
5.605588000000000000e+06 5.605759000000000000e+06
5.606290000000000000e+06 5.607036000000000000e+06
5.606323000000000000e+06 5.606487000000000000e+06
5.606559000000000000e+06 5.607004000000000000e+06
5.607581000000000000e+06 5.607844000000000000e+06
5.608365000000000000e+06 5.608670000000000000e+06
5.609751000000000000e+06 5.609912000000000000e+06
5.609759000000000000e+06 5.609959000000000000e+06
5.617032000000000000e+06 5.617459000000000000e+06
5.617753000000000000e+06 5.618047000000000000e+06
5.617927000000000000e+06 5.618063000000000000e+06
5.618148000000000000e+06 5.618470000000000000e+06
5.618181000000000000e+06 5.618509000000000000e+06
5.623354000000000000e+06 5.623748000000000000e+06
5.624154000000000000e+06 5.624359000000000000e+06
5.626810000000000000e+06 5.627213000000000000e+06
5.626892000000000000e+06 5.627198000000000000e+06
5.627076000000000000e+06 5.627220000000000000e+06
5.629137000000000000e+06 5.629320000000000000e+06
5.632073000000000000e+06 5.632295000000000000e+06
5.634073000000000000e+06 5.634229000000000000e+06
5.634097000000000000e+06 5.634254000000000000e+06
5.634119000000000000e+06 5.634531000000000000e+06
5.634301000000000000e+06 5.634513000000000000e+06
5.634315000000000000e+06 5.634526000000000000e+06
5.637693000000000000e+06 5.637970000000000000e+06
5.643265000000000000e+06 5.643609000000000000e+06
5.644465000000000000e+06 5.645082000000000000e+06
5.644547000000000000e+06 5.644836000000000000e+06
5.644586000000000000e+06 5.644986000000000000e+06
5.644931000000000000e+06 5.645097000000000000e+06
5.647375000000000000e+06 5.647854000000000000e+06
5.650514000000000000e+06 5.650665000000000000e+06
5.650545000000000000e+06 5.650735000000000000e+06
5.651604000000000000e+06 5.651776000000000000e+06
5.652613000000000000e+06 5.652933000000000000e+06
5.652807000000000000e+06 5.652946000000000000e+06
5.654019000000000000e+06 5.654181000000000000e+06
5.654510000000000000e+06 5.654741000000000000e+06
5.656420000000000000e+06 5.656870000000000000e+06
5.656591000000000000e+06 5.656764000000000000e+06
5.673407000000000000e+06 5.673682000000000000e+06
5.674310000000000000e+06 5.674427000000000000e+06
5.675861000000000000e+06 5.676136000000000000e+06
5.676682000000000000e+06 5.677182000000000000e+06
5.677586000000000000e+06 5.678036000000000000e+06
5.677609000000000000e+06 5.678220000000000000e+06
5.683937000000000000e+06 5.684254000000000000e+06
5.683947000000000000e+06 5.684120000000000000e+06
5.683948000000000000e+06 5.684198000000000000e+06
5.684362000000000000e+06 5.684763000000000000e+06
5.684514000000000000e+06 5.684659000000000000e+06
5.684853000000000000e+06 5.685654000000000000e+06
5.688604000000000000e+06 5.688970000000000000e+06
5.688607000000000000e+06 5.688918000000000000e+06
5.690202000000000000e+06 5.690436000000000000e+06
5.698727000000000000e+06 5.698876000000000000e+06
5.699420000000000000e+06 5.699587000000000000e+06
5.700296000000000000e+06 5.700502000000000000e+06
5.700296000000000000e+06 5.700496000000000000e+06
5.700736000000000000e+06 5.700926000000000000e+06
5.700763000000000000e+06 5.701082000000000000e+06
5.700982000000000000e+06 5.701104000000000000e+06
5.702954000000000000e+06 5.703526000000000000e+06
5.706187000000000000e+06 5.706759000000000000e+06
5.707076000000000000e+06 5.707465000000000000e+06
5.707080000000000000e+06 5.707313000000000000e+06
5.707397000000000000e+06 5.707614000000000000e+06
5.721533000000000000e+06 5.721655000000000000e+06
5.729132000000000000e+06 5.729248000000000000e+06
5.730348000000000000e+06 5.730604000000000000e+06
5.732659000000000000e+06 5.732965000000000000e+06
5.733587000000000000e+06 5.733993000000000000e+06
5.734220000000000000e+06 5.734393000000000000e+06
5.735673000000000000e+06 5.735818000000000000e+06
5.735940000000000000e+06 5.736129000000000000e+06
5.745104000000000000e+06 5.745226000000000000e+06
5.745954000000000000e+06 5.746148000000000000e+06
5.746920000000000000e+06 5.747304000000000000e+06
5.768259000000000000e+06 5.768548000000000000e+06
5.769124000000000000e+06 5.769624000000000000e+06
5.769196000000000000e+06 5.769346000000000000e+06
5.769404000000000000e+06 5.769571000000000000e+06
5.770839000000000000e+06 5.771230000000000000e+06
5.771086000000000000e+06 5.771214000000000000e+06
5.771567000000000000e+06 5.771707000000000000e+06
5.772796000000000000e+06 5.773336000000000000e+06
5.802656000000000000e+06 5.802849000000000000e+06
5.805457000000000000e+06 5.805796000000000000e+06
5.805613000000000000e+06 5.805791000000000000e+06
5.806773000000000000e+06 5.807037000000000000e+06
6.246457000000000000e+06 6.246735000000000000e+06
6.246607000000000000e+06 6.246768000000000000e+06
6.246833000000000000e+06 6.247003000000000000e+06
6.252607000000000000e+06 6.252813000000000000e+06
6.266574000000000000e+06 6.266915000000000000e+06
6.269090000000000000e+06 6.269296000000000000e+06
6.269110000000000000e+06 6.269378000000000000e+06
6.269728000000000000e+06 6.269912000000000000e+06
6.269762000000000000e+06 6.269880000000000000e+06
6.271172000000000000e+06 6.271372000000000000e+06
6.271188000000000000e+06 6.272188000000000000e+06
6.271188000000000000e+06 6.272179000000000000e+06
6.271611000000000000e+06 6.272011000000000000e+06
6.272795000000000000e+06 6.273568000000000000e+06
6.272845000000000000e+06 6.273218000000000000e+06
6.273123000000000000e+06 6.273552000000000000e+06
6.273396000000000000e+06 6.273563000000000000e+06
6.274136000000000000e+06 6.274466000000000000e+06
6.274220000000000000e+06 6.274369000000000000e+06
6.276232000000000000e+06 6.276482000000000000e+06
6.277492000000000000e+06 6.278085000000000000e+06
6.277500000000000000e+06 6.278023000000000000e+06
6.279314000000000000e+06 6.280013000000000000e+06
6.279329000000000000e+06 6.279702000000000000e+06
6.279808000000000000e+06 6.279918000000000000e+06
6.279972000000000000e+06 6.280084000000000000e+06
6.282435000000000000e+06 6.282830000000000000e+06
6.283876000000000000e+06 6.284237000000000000e+06
6.283883000000000000e+06 6.284200000000000000e+06
6.285121000000000000e+06 6.285472000000000000e+06
6.285190000000000000e+06 6.285568000000000000e+06
6.285251000000000000e+06 6.285446000000000000e+06
6.285486000000000000e+06 6.285688000000000000e+06
6.286675000000000000e+06 6.287133000000000000e+06
6.286759000000000000e+06 6.287135000000000000e+06
6.286786000000000000e+06 6.287086000000000000e+06
6.294702000000000000e+06 6.294885000000000000e+06
6.294702000000000000e+06 6.295047000000000000e+06
6.295912000000000000e+06 6.296066000000000000e+06
6.296226000000000000e+06 6.296508000000000000e+06
6.298825000000000000e+06 6.298931000000000000e+06
6.305022000000000000e+06 6.305122000000000000e+06
6.305101000000000000e+06 6.305436000000000000e+06
6.305236000000000000e+06 6.305476000000000000e+06
6.309905000000000000e+06 6.310477000000000000e+06
6.311703000000000000e+06 6.311876000000000000e+06
6.311718000000000000e+06 6.311870000000000000e+06
6.312012000000000000e+06 6.312146000000000000e+06
6.312043000000000000e+06 6.312231000000000000e+06
6.312390000000000000e+06 6.312546000000000000e+06
6.312937000000000000e+06 6.313136000000000000e+06
6.312941000000000000e+06 6.313058000000000000e+06
6.313706000000000000e+06 6.314052000000000000e+06
6.313753000000000000e+06 6.313986000000000000e+06
6.314245000000000000e+06 6.314637000000000000e+06
6.314256000000000000e+06 6.314606000000000000e+06
6.314392000000000000e+06 6.314631000000000000e+06
6.315399000000000000e+06 6.316038000000000000e+06
6.316531000000000000e+06 6.317364000000000000e+06
6.316578000000000000e+06 6.316944000000000000e+06
6.316744000000000000e+06 6.317100000000000000e+06
6.317011000000000000e+06 6.317362000000000000e+06
6.317188000000000000e+06 6.317350000000000000e+06
6.318824000000000000e+06 6.318946000000000000e+06
6.318844000000000000e+06 6.318994000000000000e+06
6.319984000000000000e+06 6.320196000000000000e+06
6.319997000000000000e+06 6.320209000000000000e+06
6.322694000000000000e+06 6.323028000000000000e+06
6.322719000000000000e+06 6.323028000000000000e+06
6.323701000000000000e+06 6.323834000000000000e+06
6.323708000000000000e+06 6.323954000000000000e+06
6.323718000000000000e+06 6.323900000000000000e+06
6.324446000000000000e+06 6.324739000000000000e+06
6.324471000000000000e+06 6.325059000000000000e+06
6.324493000000000000e+06 6.325063000000000000e+06
6.324513000000000000e+06 6.324702000000000000e+06
6.324830000000000000e+06 6.325008000000000000e+06
6.324838000000000000e+06 6.325019000000000000e+06
6.325308000000000000e+06 6.325797000000000000e+06
6.325319000000000000e+06 6.325558000000000000e+06
6.326551000000000000e+06 6.327153000000000000e+06
6.326567000000000000e+06 6.327034000000000000e+06
6.326745000000000000e+06 6.327029000000000000e+06
6.328350000000000000e+06 6.328539000000000000e+06
6.331616000000000000e+06 6.332039000000000000e+06
6.332153000000000000e+06 6.332464000000000000e+06
6.332164000000000000e+06 6.332348000000000000e+06
6.332180000000000000e+06 6.332483000000000000e+06
6.332912000000000000e+06 6.333435000000000000e+06
6.332964000000000000e+06 6.333440000000000000e+06
6.333029000000000000e+06 6.333446000000000000e+06
6.334349000000000000e+06 6.334939000000000000e+06
6.334360000000000000e+06 6.335272000000000000e+06
6.335134000000000000e+06 6.335250000000000000e+06
6.335557000000000000e+06 6.336289000000000000e+06
6.336357000000000000e+06 6.336502000000000000e+06
6.336362000000000000e+06 6.336539000000000000e+06
6.338401000000000000e+06 6.338562000000000000e+06
6.339101000000000000e+06 6.339470000000000000e+06
6.339870000000000000e+06 6.340047000000000000e+06
6.342479000000000000e+06 6.342830000000000000e+06
6.346658000000000000e+06 6.346778000000000000e+06
6.346861000000000000e+06 6.347134000000000000e+06
6.347543000000000000e+06 6.347791000000000000e+06
6.348273000000000000e+06 6.348447000000000000e+06
6.348793000000000000e+06 6.349246000000000000e+06
6.348830000000000000e+06 6.349158000000000000e+06
6.350464000000000000e+06 6.350704000000000000e+06
6.351532000000000000e+06 6.351838000000000000e+06
6.352650000000000000e+06 6.352789000000000000e+06
6.353198000000000000e+06 6.353508000000000000e+06
6.354062000000000000e+06 6.354502000000000000e+06
6.354091000000000000e+06 6.354776000000000000e+06
6.355274000000000000e+06 6.355597000000000000e+06
6.356131000000000000e+06 6.356464000000000000e+06
6.356147000000000000e+06 6.356325000000000000e+06
6.356823000000000000e+06 6.357050000000000000e+06
6.358514000000000000e+06 6.358764000000000000e+06
6.358554000000000000e+06 6.358775000000000000e+06
6.358842000000000000e+06 6.359233000000000000e+06
6.359835000000000000e+06 6.360226000000000000e+06
6.360513000000000000e+06 6.360835000000000000e+06
6.361914000000000000e+06 6.362142000000000000e+06
6.362003000000000000e+06 6.362131000000000000e+06
6.362624000000000000e+06 6.363064000000000000e+06
6.362628000000000000e+06 6.362990000000000000e+06
6.362706000000000000e+06 6.363001000000000000e+06
6.364146000000000000e+06 6.364241000000000000e+06
6.364171000000000000e+06 6.364277000000000000e+06
6.366994000000000000e+06 6.368003000000000000e+06
6.367052000000000000e+06 6.367508000000000000e+06
6.367199000000000000e+06 6.367500000000000000e+06
6.367586000000000000e+06 6.367703000000000000e+06
6.367797000000000000e+06 6.367958000000000000e+06
6.367814000000000000e+06 6.368016000000000000e+06
6.368467000000000000e+06 6.368884000000000000e+06
6.368478000000000000e+06 6.368790000000000000e+06
6.369952000000000000e+06 6.370452000000000000e+06
6.370013000000000000e+06 6.370458000000000000e+06
6.370858000000000000e+06 6.371453000000000000e+06
6.373570000000000000e+06 6.373697000000000000e+06
6.374216000000000000e+06 6.374513000000000000e+06
6.374309000000000000e+06 6.374520000000000000e+06
6.375753000000000000e+06 6.376198000000000000e+06
6.375757000000000000e+06 6.375880000000000000e+06
6.375779000000000000e+06 6.375966000000000000e+06
6.376008000000000000e+06 6.376174000000000000e+06
6.376154000000000000e+06 6.376277000000000000e+06
6.377256000000000000e+06 6.377812000000000000e+06
6.377353000000000000e+06 6.377659000000000000e+06
6.377353000000000000e+06 6.377826000000000000e+06
6.379789000000000000e+06 6.380134000000000000e+06
6.379814000000000000e+06 6.380231000000000000e+06
6.380074000000000000e+06 6.380234000000000000e+06
6.380297000000000000e+06 6.380516000000000000e+06
6.380381000000000000e+06 6.380520000000000000e+06
6.382654000000000000e+06 6.382821000000000000e+06
6.382891000000000000e+06 6.383328000000000000e+06
6.383517000000000000e+06 6.383698000000000000e+06
6.389295000000000000e+06 6.389512000000000000e+06
6.389312000000000000e+06 6.389478000000000000e+06
6.390783000000000000e+06 6.391169000000000000e+06
6.392212000000000000e+06 6.392503000000000000e+06
6.392345000000000000e+06 6.392528000000000000e+06
6.392348000000000000e+06 6.392476000000000000e+06
6.392581000000000000e+06 6.393186000000000000e+06
6.396276000000000000e+06 6.396543000000000000e+06
6.401984000000000000e+06 6.402868000000000000e+06
6.403911000000000000e+06 6.404334000000000000e+06
6.407473000000000000e+06 6.407606000000000000e+06
6.407478000000000000e+06 6.408034000000000000e+06
6.407845000000000000e+06 6.408034000000000000e+06
6.409263000000000000e+06 6.409419000000000000e+06
6.410370000000000000e+06 6.410581000000000000e+06
6.411561000000000000e+06 6.411767000000000000e+06
6.414019000000000000e+06 6.414444000000000000e+06
6.413755000000000000e+06 6.414430000000000000e+06
6.414430000000000000e+06 6.415147000000000000e+06
6.415169000000000000e+06 6.416070000000000000e+06
6.416656000000000000e+06 6.417073000000000000e+06
6.418247000000000000e+06 6.418502000000000000e+06
6.418824000000000000e+06 6.418939000000000000e+06
6.420198000000000000e+06 6.420371000000000000e+06
6.420921000000000000e+06 6.421277000000000000e+06
6.422562000000000000e+06 6.422734000000000000e+06
6.423863000000000000e+06 6.424369000000000000e+06
6.425036000000000000e+06 6.425442000000000000e+06
6.425514000000000000e+06 6.425620000000000000e+06
6.426215000000000000e+06 6.426388000000000000e+06
6.426838000000000000e+06 6.427160000000000000e+06
6.427545000000000000e+06 6.428212000000000000e+06
6.427566000000000000e+06 6.427844000000000000e+06
6.428431000000000000e+06 6.428553000000000000e+06
6.429090000000000000e+06 6.429451000000000000e+06
6.429868000000000000e+06 6.430069000000000000e+06
6.430680000000000000e+06 6.430958000000000000e+06
6.431609000000000000e+06 6.431780000000000000e+06
6.434289000000000000e+06 6.434868000000000000e+06
6.437439000000000000e+06 6.437749000000000000e+06
6.439231000000000000e+06 6.439430000000000000e+06
6.440708000000000000e+06 6.440915000000000000e+06
6.440773000000000000e+06 6.440895000000000000e+06
6.441713000000000000e+06 6.441996000000000000e+06
6.442820000000000000e+06 6.443212000000000000e+06
6.443517000000000000e+06 6.444258000000000000e+06
6.443523000000000000e+06 6.443662000000000000e+06
6.443795000000000000e+06 6.444207000000000000e+06
6.444863000000000000e+06 6.445113000000000000e+06
6.445177000000000000e+06 6.445353000000000000e+06
6.445253000000000000e+06 6.445438000000000000e+06
6.446103000000000000e+06 6.446726000000000000e+06
6.448443000000000000e+06 6.448920000000000000e+06
6.448538000000000000e+06 6.448856000000000000e+06
6.449478000000000000e+06 6.449762000000000000e+06
6.449480000000000000e+06 6.449934000000000000e+06
6.449489000000000000e+06 6.449578000000000000e+06
6.449701000000000000e+06 6.449912000000000000e+06
6.449813000000000000e+06 6.449915000000000000e+06
6.450601000000000000e+06 6.450785000000000000e+06
6.451605000000000000e+06 6.452031000000000000e+06
6.451797000000000000e+06 6.452014000000000000e+06
6.451829000000000000e+06 6.452091000000000000e+06
6.453460000000000000e+06 6.453721000000000000e+06
6.454177000000000000e+06 6.454578000000000000e+06
6.454780000000000000e+06 6.454914000000000000e+06
6.454803000000000000e+06 6.455025000000000000e+06
6.456661000000000000e+06 6.457026000000000000e+06
6.456728000000000000e+06 6.456892000000000000e+06
6.456730000000000000e+06 6.457110000000000000e+06
6.456935000000000000e+06 6.457063000000000000e+06
6.457514000000000000e+06 6.457718000000000000e+06
6.458002000000000000e+06 6.458125000000000000e+06
6.458509000000000000e+06 6.458943000000000000e+06
6.459204000000000000e+06 6.459643000000000000e+06
6.459863000000000000e+06 6.460013000000000000e+06
6.461192000000000000e+06 6.461364000000000000e+06
6.461326000000000000e+06 6.461470000000000000e+06
6.471443000000000000e+06 6.472304000000000000e+06
6.471462000000000000e+06 6.471980000000000000e+06
6.471521000000000000e+06 6.472216000000000000e+06
6.472052000000000000e+06 6.472241000000000000e+06
6.472830000000000000e+06 6.473124000000000000e+06
6.473659000000000000e+06 6.473967000000000000e+06
6.474772000000000000e+06 6.475016000000000000e+06
6.474781000000000000e+06 6.475327000000000000e+06
6.478424000000000000e+06 6.478575000000000000e+06
6.478500000000000000e+06 6.478721000000000000e+06
6.480754000000000000e+06 6.481205000000000000e+06
6.481397000000000000e+06 6.481686000000000000e+06
6.481432000000000000e+06 6.481671000000000000e+06
6.481839000000000000e+06 6.482100000000000000e+06
6.482312000000000000e+06 6.482534000000000000e+06
6.482327000000000000e+06 6.482809000000000000e+06
6.482351000000000000e+06 6.482614000000000000e+06
6.482680000000000000e+06 6.482924000000000000e+06
6.482684000000000000e+06 6.482812000000000000e+06
6.483406000000000000e+06 6.484073000000000000e+06
6.483440000000000000e+06 6.483746000000000000e+06
6.483763000000000000e+06 6.484063000000000000e+06
6.484241000000000000e+06 6.484736000000000000e+06
6.484408000000000000e+06 6.484692000000000000e+06
6.486031000000000000e+06 6.486390000000000000e+06
6.486079000000000000e+06 6.486307000000000000e+06
6.486626000000000000e+06 6.486730000000000000e+06
6.486922000000000000e+06 6.487208000000000000e+06
6.486943000000000000e+06 6.487568000000000000e+06
6.487002000000000000e+06 6.487141000000000000e+06
6.487258000000000000e+06 6.487397000000000000e+06
6.487275000000000000e+06 6.487974000000000000e+06
6.487452000000000000e+06 6.487519000000000000e+06
6.487736000000000000e+06 6.487958000000000000e+06
6.488612000000000000e+06 6.488951000000000000e+06
6.490108000000000000e+06 6.490525000000000000e+06
6.490638000000000000e+06 6.490976000000000000e+06
6.490786000000000000e+06 6.490953000000000000e+06
6.491068000000000000e+06 6.491518000000000000e+06
6.492412000000000000e+06 6.492868000000000000e+06
6.492438000000000000e+06 6.492671000000000000e+06
6.492736000000000000e+06 6.492867000000000000e+06
6.493457000000000000e+06 6.493841000000000000e+06
6.493461000000000000e+06 6.493561000000000000e+06
6.493703000000000000e+06 6.493842000000000000e+06
6.494515000000000000e+06 6.494799000000000000e+06
6.495418000000000000e+06 6.495674000000000000e+06
6.496639000000000000e+06 6.496761000000000000e+06
6.496686000000000000e+06 6.497034000000000000e+06
6.497690000000000000e+06 6.498090000000000000e+06
6.498824000000000000e+06 6.499052000000000000e+06
6.499938000000000000e+06 6.500254000000000000e+06
6.499972000000000000e+06 6.500239000000000000e+06
6.506656000000000000e+06 6.506890000000000000e+06
6.507780000000000000e+06 6.508130000000000000e+06
6.507791000000000000e+06 6.507924000000000000e+06
6.507983000000000000e+06 6.508142000000000000e+06
6.508241000000000000e+06 6.508399000000000000e+06
6.508247000000000000e+06 6.508408000000000000e+06
6.508259000000000000e+06 6.508395000000000000e+06
6.509966000000000000e+06 6.510550000000000000e+06
6.510012000000000000e+06 6.510502000000000000e+06
6.511476000000000000e+06 6.511926000000000000e+06
6.511545000000000000e+06 6.512147000000000000e+06
6.511558000000000000e+06 6.511925000000000000e+06
6.512020000000000000e+06 6.512142000000000000e+06
6.512632000000000000e+06 6.513256000000000000e+06
6.513527000000000000e+06 6.513917000000000000e+06
6.514017000000000000e+06 6.514344000000000000e+06
6.514069000000000000e+06 6.514341000000000000e+06
6.515314000000000000e+06 6.515742000000000000e+06
6.516610000000000000e+06 6.516916000000000000e+06
6.517541000000000000e+06 6.517664000000000000e+06
6.517549000000000000e+06 6.517650000000000000e+06
6.517960000000000000e+06 6.518068000000000000e+06
6.518522000000000000e+06 6.518773000000000000e+06
6.520146000000000000e+06 6.520441000000000000e+06
6.520165000000000000e+06 6.520323000000000000e+06
6.521008000000000000e+06 6.521212000000000000e+06
6.521014000000000000e+06 6.521159000000000000e+06
6.521270000000000000e+06 6.521392000000000000e+06
6.521297000000000000e+06 6.521714000000000000e+06
6.522540000000000000e+06 6.523163000000000000e+06
6.522552000000000000e+06 6.523091000000000000e+06
6.522677000000000000e+06 6.523110000000000000e+06
6.523174000000000000e+06 6.523302000000000000e+06
6.523226000000000000e+06 6.523457000000000000e+06
6.523867000000000000e+06 6.524167000000000000e+06
6.524416000000000000e+06 6.524592000000000000e+06
6.524484000000000000e+06 6.524690000000000000e+06
6.525474000000000000e+06 6.525802000000000000e+06
6.525980000000000000e+06 6.526386000000000000e+06
6.526096000000000000e+06 6.526363000000000000e+06
6.526986000000000000e+06 6.527253000000000000e+06
6.529144000000000000e+06 6.529310000000000000e+06
6.529931000000000000e+06 6.530108000000000000e+06
6.529940000000000000e+06 6.530588000000000000e+06
6.530339000000000000e+06 6.530450000000000000e+06
6.531023000000000000e+06 6.531151000000000000e+06
6.532838000000000000e+06 6.532975000000000000e+06
6.533338000000000000e+06 6.533589000000000000e+06
6.533378000000000000e+06 6.533624000000000000e+06
6.533886000000000000e+06 6.534158000000000000e+06
6.534441000000000000e+06 6.534805000000000000e+06
6.534496000000000000e+06 6.534735000000000000e+06
6.534503000000000000e+06 6.534832000000000000e+06
6.535313000000000000e+06 6.535625000000000000e+06
6.535477000000000000e+06 6.535622000000000000e+06
6.536492000000000000e+06 6.536904000000000000e+06
6.538953000000000000e+06 6.539303000000000000e+06
6.538971000000000000e+06 6.539564000000000000e+06
6.540272000000000000e+06 6.540540000000000000e+06
6.540282000000000000e+06 6.540432000000000000e+06
6.540297000000000000e+06 6.540579000000000000e+06
6.541018000000000000e+06 6.541196000000000000e+06
6.541019000000000000e+06 6.541202000000000000e+06
6.541032000000000000e+06 6.541255000000000000e+06
6.542612000000000000e+06 6.542717000000000000e+06
6.544358000000000000e+06 6.544515000000000000e+06
6.544591000000000000e+06 6.544793000000000000e+06
6.545190000000000000e+06 6.545381000000000000e+06
6.546450000000000000e+06 6.546595000000000000e+06
6.547697000000000000e+06 6.547858000000000000e+06
6.548064000000000000e+06 6.548264000000000000e+06
6.550310000000000000e+06 6.550600000000000000e+06
6.550313000000000000e+06 6.550736000000000000e+06
6.551576000000000000e+06 6.551925000000000000e+06
6.551723000000000000e+06 6.551918000000000000e+06
6.551773000000000000e+06 6.551918000000000000e+06
6.552310000000000000e+06 6.552462000000000000e+06
6.552340000000000000e+06 6.552474000000000000e+06
6.552654000000000000e+06 6.552858000000000000e+06
6.552724000000000000e+06 6.552835000000000000e+06
6.553050000000000000e+06 6.553329000000000000e+06
6.553080000000000000e+06 6.553236000000000000e+06
6.554584000000000000e+06 6.554893000000000000e+06
