8.462250000000000000e+05 8.464170000000000000e+05
1.491665000000000000e+06 1.492054000000000000e+06
1.492582000000000000e+06 1.492720000000000000e+06
1.492865000000000000e+06 1.493065000000000000e+06
1.495815000000000000e+06 1.496348000000000000e+06
1.498609000000000000e+06 1.499087000000000000e+06
1.589832000000000000e+06 1.590104000000000000e+06
1.590887000000000000e+06 1.591048000000000000e+06
1.735524000000000000e+06 1.735698000000000000e+06
1.735554000000000000e+06 1.735798000000000000e+06
2.177500000000000000e+06 2.177755000000000000e+06
2.219626000000000000e+06 2.219959000000000000e+06
2.223209000000000000e+06 2.223326000000000000e+06
2.286915000000000000e+06 2.287109000000000000e+06
2.310470000000000000e+06 2.310698000000000000e+06
2.312004000000000000e+06 2.312326000000000000e+06
2.319954000000000000e+06 2.320220000000000000e+06
2.354753000000000000e+06 2.354887000000000000e+06
2.359020000000000000e+06 2.359182000000000000e+06
2.361926000000000000e+06 2.362209000000000000e+06
2.363209000000000000e+06 2.363365000000000000e+06
2.371637000000000000e+06 2.371915000000000000e+06
2.618332000000000000e+06 2.618515000000000000e+06
2.620909000000000000e+06 2.621054000000000000e+06
2.624154000000000000e+06 2.624298000000000000e+06
2.629087000000000000e+06 2.629259000000000000e+06
2.639709000000000000e+06 2.639943000000000000e+06
3.110614000000000000e+06 3.110781000000000000e+06
3.110615000000000000e+06 3.110804000000000000e+06
3.264565000000000000e+06 3.264737000000000000e+06
3.405454000000000000e+06 3.405593000000000000e+06
3.430952000000000000e+06 3.431271000000000000e+06
3.529832000000000000e+06 3.529965000000000000e+06
3.530843000000000000e+06 3.531037000000000000e+06
3.572628000000000000e+06 3.572808000000000000e+06
3.575570000000000000e+06 3.575787000000000000e+06
3.609970000000000000e+06 3.610198000000000000e+06
3.631854000000000000e+06 3.632093000000000000e+06
3.648154000000000000e+06 3.648398000000000000e+06
3.648841000000000000e+06 3.648982000000000000e+06
3.650598000000000000e+06 3.650848000000000000e+06
3.651604000000000000e+06 3.651815000000000000e+06
3.711360000000000000e+06 3.711483000000000000e+06
3.712976000000000000e+06 3.713215000000000000e+06
3.728232000000000000e+06 3.728343000000000000e+06
3.729682000000000000e+06 3.729776000000000000e+06
4.175037000000000000e+06 4.175143000000000000e+06
4.182070000000000000e+06 4.182359000000000000e+06
4.192109000000000000e+06 4.192276000000000000e+06
4.195305000000000000e+06 4.195474000000000000e+06
4.197782000000000000e+06 4.198009000000000000e+06
4.205726000000000000e+06 4.206032000000000000e+06
4.207043000000000000e+06 4.207265000000000000e+06
4.209517000000000000e+06 4.209702000000000000e+06
4.209935000000000000e+06 4.210041000000000000e+06
4.220098000000000000e+06 4.220315000000000000e+06
4.233448000000000000e+06 4.233633000000000000e+06
4.234670000000000000e+06 4.234832000000000000e+06
4.235604000000000000e+06 4.235887000000000000e+06
4.259593000000000000e+06 4.259743000000000000e+06
4.262587000000000000e+06 4.262715000000000000e+06
4.264437000000000000e+06 4.264609000000000000e+06
4.265448000000000000e+06 4.265682000000000000e+06
4.266454000000000000e+06 4.266698000000000000e+06
4.268537000000000000e+06 4.268676000000000000e+06
4.281509000000000000e+06 4.281759000000000000e+06
4.284737000000000000e+06 4.285148000000000000e+06
4.286182000000000000e+06 4.286332000000000000e+06
4.298320000000000000e+06 4.298654000000000000e+06
4.298720000000000000e+06 4.298787000000000000e+06
4.305051000000000000e+06 4.305532000000000000e+06
4.307553000000000000e+06 4.307656000000000000e+06
4.367743000000000000e+06 4.368043000000000000e+06
4.371204000000000000e+06 4.371337000000000000e+06
4.373970000000000000e+06 4.374170000000000000e+06
4.373976000000000000e+06 4.374076000000000000e+06
4.382554000000000000e+06 4.382870000000000000e+06
4.400154000000000000e+06 4.400343000000000000e+06
4.400393000000000000e+06 4.400487000000000000e+06
4.509270000000000000e+06 4.509498000000000000e+06
4.534709000000000000e+06 4.534859000000000000e+06
4.569076000000000000e+06 4.569204000000000000e+06
4.627559000000000000e+06 4.627804000000000000e+06
4.734154000000000000e+06 4.734298000000000000e+06
4.757970000000000000e+06 4.758148000000000000e+06
4.759270000000000000e+06 4.759409000000000000e+06
4.760187000000000000e+06 4.760420000000000000e+06
4.760820000000000000e+06 4.761054000000000000e+06
4.771970000000000000e+06 4.772126000000000000e+06
4.773632000000000000e+06 4.773993000000000000e+06
4.775386000000000000e+06 4.775785000000000000e+06
4.789026000000000000e+06 4.789276000000000000e+06
4.789943000000000000e+06 4.790143000000000000e+06
5.018943000000000000e+06 5.019182000000000000e+06
5.023787000000000000e+06 5.023993000000000000e+06
5.025648000000000000e+06 5.026015000000000000e+06
5.055066000000000000e+06 5.055273000000000000e+06
5.055898000000000000e+06 5.056132000000000000e+06
5.057726000000000000e+06 5.057976000000000000e+06
5.061148000000000000e+06 5.061526000000000000e+06
5.063965000000000000e+06 5.064148000000000000e+06
5.070454000000000000e+06 5.070637000000000000e+06
5.072204000000000000e+06 5.072387000000000000e+06
5.073782000000000000e+06 5.073937000000000000e+06
5.077004000000000000e+06 5.077309000000000000e+06
5.094532000000000000e+06 5.094704000000000000e+06
5.096578000000000000e+06 5.096746000000000000e+06
5.096656000000000000e+06 5.096902000000000000e+06
5.096787000000000000e+06 5.096982000000000000e+06
5.105082000000000000e+06 5.105554000000000000e+06
5.109415000000000000e+06 5.109776000000000000e+06
5.109479000000000000e+06 5.109776000000000000e+06
5.110876000000000000e+06 5.111093000000000000e+06
5.112720000000000000e+06 5.112970000000000000e+06
5.125476000000000000e+06 5.125615000000000000e+06
5.125748000000000000e+06 5.125959000000000000e+06
5.127032000000000000e+06 5.127237000000000000e+06
5.129415000000000000e+06 5.129609000000000000e+06
5.129670000000000000e+06 5.129920000000000000e+06
5.130587000000000000e+06 5.130726000000000000e+06
5.130820000000000000e+06 5.130982000000000000e+06
5.137693000000000000e+06 5.137870000000000000e+06
5.139301000000000000e+06 5.139408000000000000e+06
5.161020000000000000e+06 5.161209000000000000e+06
5.162709000000000000e+06 5.162876000000000000e+06
5.163687000000000000e+06 5.163915000000000000e+06
5.166020000000000000e+06 5.166220000000000000e+06
5.174824000000000000e+06 5.175136000000000000e+06
