8.271770000000000000e+05 8.273180000000000000e+05 1.000000000000000000e+00
8.462250000000000000e+05 8.464170000000000000e+05 2.000000000000000000e+00
8.894260000000000000e+05 8.896930000000000000e+05 1.000000000000000000e+00
1.429353000000000000e+06 1.429505000000000000e+06 1.000000000000000000e+00
1.431854000000000000e+06 1.432042000000000000e+06 1.000000000000000000e+00
1.435887000000000000e+06 1.436054000000000000e+06 1.000000000000000000e+00
1.437216000000000000e+06 1.437440000000000000e+06 1.000000000000000000e+00
1.439423000000000000e+06 1.439564000000000000e+06 1.000000000000000000e+00
1.462534000000000000e+06 1.462638000000000000e+06 1.000000000000000000e+00
1.474251000000000000e+06 1.474377000000000000e+06 1.000000000000000000e+00
1.475334000000000000e+06 1.475491000000000000e+06 1.000000000000000000e+00
1.476920000000000000e+06 1.477226000000000000e+06 1.000000000000000000e+00
1.479194000000000000e+06 1.479352000000000000e+06 1.000000000000000000e+00
1.480570000000000000e+06 1.480987000000000000e+06 1.000000000000000000e+00
1.481666000000000000e+06 1.482236000000000000e+06 1.000000000000000000e+00
1.489009000000000000e+06 1.489148000000000000e+06 1.000000000000000000e+00
1.490304000000000000e+06 1.490626000000000000e+06 1.000000000000000000e+00
1.491665000000000000e+06 1.492054000000000000e+06 2.000000000000000000e+00
1.492582000000000000e+06 1.492720000000000000e+06 2.000000000000000000e+00
1.492865000000000000e+06 1.493065000000000000e+06 2.000000000000000000e+00
1.494104000000000000e+06 1.494259000000000000e+06 1.000000000000000000e+00
1.495815000000000000e+06 1.496348000000000000e+06 2.000000000000000000e+00
1.497470000000000000e+06 1.497882000000000000e+06 1.000000000000000000e+00
1.498609000000000000e+06 1.499087000000000000e+06 2.000000000000000000e+00
1.500503000000000000e+06 1.500995000000000000e+06 1.000000000000000000e+00
1.502543000000000000e+06 1.502826000000000000e+06 1.000000000000000000e+00
1.504709000000000000e+06 1.504948000000000000e+06 1.000000000000000000e+00
1.510240000000000000e+06 1.510466000000000000e+06 1.000000000000000000e+00
1.512432000000000000e+06 1.512820000000000000e+06 1.000000000000000000e+00
1.513548000000000000e+06 1.513682000000000000e+06 1.000000000000000000e+00
1.518232000000000000e+06 1.518365000000000000e+06 1.000000000000000000e+00
1.526959000000000000e+06 1.527132000000000000e+06 1.000000000000000000e+00
1.539632000000000000e+06 1.539904000000000000e+06 1.000000000000000000e+00
1.544348000000000000e+06 1.544465000000000000e+06 1.000000000000000000e+00
1.556576000000000000e+06 1.556765000000000000e+06 1.000000000000000000e+00
1.559896000000000000e+06 1.560205000000000000e+06 1.000000000000000000e+00
1.563443000000000000e+06 1.563670000000000000e+06 1.000000000000000000e+00
1.565109000000000000e+06 1.565496000000000000e+06 1.000000000000000000e+00
1.579143000000000000e+06 1.579287000000000000e+06 1.000000000000000000e+00
1.586473000000000000e+06 1.586802000000000000e+06 1.000000000000000000e+00
1.589832000000000000e+06 1.590104000000000000e+06 2.000000000000000000e+00
1.590887000000000000e+06 1.591048000000000000e+06 2.000000000000000000e+00
1.595405000000000000e+06 1.595562000000000000e+06 1.000000000000000000e+00
1.597434000000000000e+06 1.597581000000000000e+06 1.000000000000000000e+00
1.598476000000000000e+06 1.598732000000000000e+06 1.000000000000000000e+00
1.601926000000000000e+06 1.602170000000000000e+06 1.000000000000000000e+00
1.618304000000000000e+06 1.618509000000000000e+06 1.000000000000000000e+00
1.623370000000000000e+06 1.623582000000000000e+06 1.000000000000000000e+00
1.658943000000000000e+06 1.659120000000000000e+06 1.000000000000000000e+00
1.660204000000000000e+06 1.660324000000000000e+06 1.000000000000000000e+00
1.661768000000000000e+06 1.661967000000000000e+06 1.000000000000000000e+00
1.685533000000000000e+06 1.685752000000000000e+06 1.000000000000000000e+00
1.688007000000000000e+06 1.688106000000000000e+06 1.000000000000000000e+00
1.696602000000000000e+06 1.696712000000000000e+06 1.000000000000000000e+00
1.709350000000000000e+06 1.709517000000000000e+06 1.000000000000000000e+00
1.727990000000000000e+06 1.728174000000000000e+06 1.000000000000000000e+00
1.753751000000000000e+06 1.753829000000000000e+06 1.000000000000000000e+00
1.759876000000000000e+06 1.759997000000000000e+06 1.000000000000000000e+00
1.842244000000000000e+06 1.842359000000000000e+06 1.000000000000000000e+00
1.857869000000000000e+06 1.858236000000000000e+06 1.000000000000000000e+00
1.879358000000000000e+06 1.879515000000000000e+06 1.000000000000000000e+00
1.914056000000000000e+06 1.914370000000000000e+06 1.000000000000000000e+00
1.917362000000000000e+06 1.917535000000000000e+06 1.000000000000000000e+00
2.048274000000000000e+06 2.048457000000000000e+06 1.000000000000000000e+00
2.063243000000000000e+06 2.063426000000000000e+06 1.000000000000000000e+00
2.071793000000000000e+06 2.071897000000000000e+06 1.000000000000000000e+00
2.099259000000000000e+06 2.099454000000000000e+06 1.000000000000000000e+00
2.150164000000000000e+06 2.150405000000000000e+06 1.000000000000000000e+00
2.177500000000000000e+06 2.177755000000000000e+06 2.000000000000000000e+00
2.185809000000000000e+06 2.185976000000000000e+06 1.000000000000000000e+00
2.194889000000000000e+06 2.195099000000000000e+06 1.000000000000000000e+00
2.212487000000000000e+06 2.212726000000000000e+06 1.000000000000000000e+00
2.219626000000000000e+06 2.219959000000000000e+06 2.000000000000000000e+00
2.221366000000000000e+06 2.221774000000000000e+06 1.000000000000000000e+00
2.223209000000000000e+06 2.223326000000000000e+06 2.000000000000000000e+00
2.234965000000000000e+06 2.235176000000000000e+06 1.000000000000000000e+00
2.236265000000000000e+06 2.236359000000000000e+06 1.000000000000000000e+00
2.246365000000000000e+06 2.246598000000000000e+06 1.000000000000000000e+00
2.284287000000000000e+06 2.284432000000000000e+06 1.000000000000000000e+00
2.286915000000000000e+06 2.287109000000000000e+06 2.000000000000000000e+00
2.300309000000000000e+06 2.300532000000000000e+06 1.000000000000000000e+00
2.303754000000000000e+06 2.303965000000000000e+06 1.000000000000000000e+00
2.310470000000000000e+06 2.310698000000000000e+06 2.000000000000000000e+00
2.312004000000000000e+06 2.312326000000000000e+06 2.000000000000000000e+00
2.319954000000000000e+06 2.320220000000000000e+06 2.000000000000000000e+00
2.328776000000000000e+06 2.328987000000000000e+06 1.000000000000000000e+00
2.331841000000000000e+06 2.332202000000000000e+06 1.000000000000000000e+00
2.334519000000000000e+06 2.334864000000000000e+06 1.000000000000000000e+00
2.341377000000000000e+06 2.341811000000000000e+06 1.000000000000000000e+00
2.346550000000000000e+06 2.346723000000000000e+06 1.000000000000000000e+00
2.354753000000000000e+06 2.354887000000000000e+06 2.000000000000000000e+00
2.359020000000000000e+06 2.359182000000000000e+06 2.000000000000000000e+00
2.361926000000000000e+06 2.362209000000000000e+06 2.000000000000000000e+00
2.363209000000000000e+06 2.363365000000000000e+06 2.000000000000000000e+00
2.363917000000000000e+06 2.364189000000000000e+06 1.000000000000000000e+00
2.365889000000000000e+06 2.366156000000000000e+06 1.000000000000000000e+00
2.369443000000000000e+06 2.369582000000000000e+06 1.000000000000000000e+00
2.371637000000000000e+06 2.371915000000000000e+06 2.000000000000000000e+00
2.374282000000000000e+06 2.374437000000000000e+06 1.000000000000000000e+00
2.375603000000000000e+06 2.375860000000000000e+06 1.000000000000000000e+00
2.379864000000000000e+06 2.379981000000000000e+06 1.000000000000000000e+00
2.384995000000000000e+06 2.385173000000000000e+06 1.000000000000000000e+00
2.396987000000000000e+06 2.397093000000000000e+06 1.000000000000000000e+00
2.416489000000000000e+06 2.416834000000000000e+06 1.000000000000000000e+00
2.419115000000000000e+06 2.419251000000000000e+06 1.000000000000000000e+00
2.469380000000000000e+06 2.469862000000000000e+06 1.000000000000000000e+00
2.482887000000000000e+06 2.483033000000000000e+06 1.000000000000000000e+00
2.483541000000000000e+06 2.483677000000000000e+06 1.000000000000000000e+00
2.547854000000000000e+06 2.547959000000000000e+06 1.000000000000000000e+00
2.559160000000000000e+06 2.559323000000000000e+06 1.000000000000000000e+00
2.577876000000000000e+06 2.578004000000000000e+06 1.000000000000000000e+00
2.618332000000000000e+06 2.618515000000000000e+06 2.000000000000000000e+00
2.620909000000000000e+06 2.621054000000000000e+06 2.000000000000000000e+00
2.624154000000000000e+06 2.624298000000000000e+06 2.000000000000000000e+00
2.629087000000000000e+06 2.629259000000000000e+06 2.000000000000000000e+00
2.639709000000000000e+06 2.639943000000000000e+06 2.000000000000000000e+00
2.642837000000000000e+06 2.643076000000000000e+06 1.000000000000000000e+00
2.655404000000000000e+06 2.655520000000000000e+06 1.000000000000000000e+00
2.672915000000000000e+06 2.673009000000000000e+06 1.000000000000000000e+00
2.679498000000000000e+06 2.679665000000000000e+06 1.000000000000000000e+00
2.755620000000000000e+06 2.755887000000000000e+06 1.000000000000000000e+00
2.948220000000000000e+06 2.948393000000000000e+06 1.000000000000000000e+00
2.950787000000000000e+06 2.950926000000000000e+06 1.000000000000000000e+00
2.956191000000000000e+06 2.956343000000000000e+06 1.000000000000000000e+00
3.013209000000000000e+06 3.013376000000000000e+06 1.000000000000000000e+00
3.019683000000000000e+06 3.019797000000000000e+06 1.000000000000000000e+00
3.023230000000000000e+06 3.023441000000000000e+06 1.000000000000000000e+00
3.028160000000000000e+06 3.028353000000000000e+06 1.000000000000000000e+00
3.029057000000000000e+06 3.029191000000000000e+06 1.000000000000000000e+00
3.073687000000000000e+06 3.074026000000000000e+06 1.000000000000000000e+00
3.074860000000000000e+06 3.075053000000000000e+06 1.000000000000000000e+00
3.076241000000000000e+06 3.076455000000000000e+06 1.000000000000000000e+00
3.078387000000000000e+06 3.078604000000000000e+06 1.000000000000000000e+00
3.079593000000000000e+06 3.079770000000000000e+06 1.000000000000000000e+00
3.080551000000000000e+06 3.080656000000000000e+06 1.000000000000000000e+00
3.082247000000000000e+06 3.082397000000000000e+06 1.000000000000000000e+00
3.085789000000000000e+06 3.085984000000000000e+06 1.000000000000000000e+00
3.090225000000000000e+06 3.090376000000000000e+06 1.000000000000000000e+00
3.104637000000000000e+06 3.104854000000000000e+06 1.000000000000000000e+00
3.107093000000000000e+06 3.107276000000000000e+06 1.000000000000000000e+00
3.109376000000000000e+06 3.109470000000000000e+06 1.000000000000000000e+00
3.110615000000000000e+06 3.110804000000000000e+06 2.000000000000000000e+00
3.117837000000000000e+06 3.118005000000000000e+06 1.000000000000000000e+00
3.121887000000000000e+06 3.122026000000000000e+06 1.000000000000000000e+00
3.125382000000000000e+06 3.125565000000000000e+06 1.000000000000000000e+00
3.133515000000000000e+06 3.133781000000000000e+06 1.000000000000000000e+00
3.135004000000000000e+06 3.135204000000000000e+06 1.000000000000000000e+00
3.136815000000000000e+06 3.137016000000000000e+06 1.000000000000000000e+00
3.138211000000000000e+06 3.138359000000000000e+06 1.000000000000000000e+00
3.139509000000000000e+06 3.139616000000000000e+06 1.000000000000000000e+00
3.161648000000000000e+06 3.161776000000000000e+06 1.000000000000000000e+00
3.163973000000000000e+06 3.164141000000000000e+06 1.000000000000000000e+00
3.165087000000000000e+06 3.165226000000000000e+06 1.000000000000000000e+00
3.167632000000000000e+06 3.167726000000000000e+06 1.000000000000000000e+00
3.210409000000000000e+06 3.210576000000000000e+06 1.000000000000000000e+00
3.259770000000000000e+06 3.259904000000000000e+06 1.000000000000000000e+00
3.264565000000000000e+06 3.264737000000000000e+06 2.000000000000000000e+00
3.272069000000000000e+06 3.272211000000000000e+06 1.000000000000000000e+00
3.273328000000000000e+06 3.273464000000000000e+06 1.000000000000000000e+00
3.274493000000000000e+06 3.274637000000000000e+06 1.000000000000000000e+00
3.275582000000000000e+06 3.275865000000000000e+06 1.000000000000000000e+00
3.293610000000000000e+06 3.293735000000000000e+06 1.000000000000000000e+00
3.297359000000000000e+06 3.297482000000000000e+06 1.000000000000000000e+00
3.316212000000000000e+06 3.316395000000000000e+06 1.000000000000000000e+00
3.324954000000000000e+06 3.325115000000000000e+06 1.000000000000000000e+00
3.368907000000000000e+06 3.369121000000000000e+06 1.000000000000000000e+00
3.387540000000000000e+06 3.387728000000000000e+06 1.000000000000000000e+00
3.396015000000000000e+06 3.396187000000000000e+06 1.000000000000000000e+00
3.397098000000000000e+06 3.397204000000000000e+06 1.000000000000000000e+00
3.400237000000000000e+06 3.400382000000000000e+06 1.000000000000000000e+00
3.405454000000000000e+06 3.405593000000000000e+06 2.000000000000000000e+00
3.412753000000000000e+06 3.412874000000000000e+06 1.000000000000000000e+00
3.413580000000000000e+06 3.413768000000000000e+06 1.000000000000000000e+00
3.420032000000000000e+06 3.420165000000000000e+06 1.000000000000000000e+00
3.429576000000000000e+06 3.429798000000000000e+06 1.000000000000000000e+00
3.430952000000000000e+06 3.431271000000000000e+06 2.000000000000000000e+00
3.433999000000000000e+06 3.434287000000000000e+06 1.000000000000000000e+00
3.435720000000000000e+06 3.435965000000000000e+06 1.000000000000000000e+00
3.438837000000000000e+06 3.438982000000000000e+06 1.000000000000000000e+00
3.440009000000000000e+06 3.440287000000000000e+06 1.000000000000000000e+00
3.451893000000000000e+06 3.452076000000000000e+06 1.000000000000000000e+00
3.508876000000000000e+06 3.509109000000000000e+06 1.000000000000000000e+00
3.520337000000000000e+06 3.520543000000000000e+06 1.000000000000000000e+00
3.529832000000000000e+06 3.529965000000000000e+06 2.000000000000000000e+00
3.530843000000000000e+06 3.531037000000000000e+06 2.000000000000000000e+00
3.545057000000000000e+06 3.545449000000000000e+06 1.000000000000000000e+00
3.557554000000000000e+06 3.557754000000000000e+06 1.000000000000000000e+00
3.562782000000000000e+06 3.562970000000000000e+06 1.000000000000000000e+00
3.565081000000000000e+06 3.565228000000000000e+06 1.000000000000000000e+00
3.567098000000000000e+06 3.567237000000000000e+06 1.000000000000000000e+00
3.567976000000000000e+06 3.568243000000000000e+06 1.000000000000000000e+00
3.571209000000000000e+06 3.571343000000000000e+06 1.000000000000000000e+00
3.572628000000000000e+06 3.572808000000000000e+06 2.000000000000000000e+00
3.573732000000000000e+06 3.573993000000000000e+06 1.000000000000000000e+00
3.575570000000000000e+06 3.575787000000000000e+06 2.000000000000000000e+00
3.576565000000000000e+06 3.576776000000000000e+06 1.000000000000000000e+00
3.579220000000000000e+06 3.579365000000000000e+06 1.000000000000000000e+00
3.580248000000000000e+06 3.580343000000000000e+06 1.000000000000000000e+00
3.583587000000000000e+06 3.583765000000000000e+06 1.000000000000000000e+00
3.585987000000000000e+06 3.586259000000000000e+06 1.000000000000000000e+00
3.594482000000000000e+06 3.594709000000000000e+06 1.000000000000000000e+00
3.599515000000000000e+06 3.599709000000000000e+06 1.000000000000000000e+00
3.609970000000000000e+06 3.610198000000000000e+06 2.000000000000000000e+00
3.619404000000000000e+06 3.619626000000000000e+06 1.000000000000000000e+00
3.621815000000000000e+06 3.621948000000000000e+06 1.000000000000000000e+00
3.625654000000000000e+06 3.625876000000000000e+06 1.000000000000000000e+00
3.627414000000000000e+06 3.627498000000000000e+06 1.000000000000000000e+00
3.631854000000000000e+06 3.632093000000000000e+06 2.000000000000000000e+00
3.648154000000000000e+06 3.648398000000000000e+06 2.000000000000000000e+00
3.648841000000000000e+06 3.648982000000000000e+06 2.000000000000000000e+00
3.649720000000000000e+06 3.649904000000000000e+06 1.000000000000000000e+00
3.650598000000000000e+06 3.650848000000000000e+06 2.000000000000000000e+00
3.651604000000000000e+06 3.651815000000000000e+06 2.000000000000000000e+00
3.652409000000000000e+06 3.652603000000000000e+06 1.000000000000000000e+00
3.698222000000000000e+06 3.698363000000000000e+06 1.000000000000000000e+00
3.707637000000000000e+06 3.707737000000000000e+06 1.000000000000000000e+00
3.710086000000000000e+06 3.710384000000000000e+06 1.000000000000000000e+00
3.711360000000000000e+06 3.711483000000000000e+06 2.000000000000000000e+00
3.712976000000000000e+06 3.713215000000000000e+06 2.000000000000000000e+00
3.728232000000000000e+06 3.728343000000000000e+06 2.000000000000000000e+00
3.729682000000000000e+06 3.729776000000000000e+06 2.000000000000000000e+00
4.169232000000000000e+06 4.169381000000000000e+06 1.000000000000000000e+00
4.175037000000000000e+06 4.175143000000000000e+06 2.000000000000000000e+00
4.180604000000000000e+06 4.180815000000000000e+06 1.000000000000000000e+00
4.182070000000000000e+06 4.182359000000000000e+06 2.000000000000000000e+00
4.192109000000000000e+06 4.192276000000000000e+06 2.000000000000000000e+00
4.195305000000000000e+06 4.195474000000000000e+06 2.000000000000000000e+00
4.196365000000000000e+06 4.196476000000000000e+06 1.000000000000000000e+00
4.196587000000000000e+06 4.196720000000000000e+06 1.000000000000000000e+00
4.197782000000000000e+06 4.198009000000000000e+06 2.000000000000000000e+00
4.198340000000000000e+06 4.198513000000000000e+06 1.000000000000000000e+00
4.205726000000000000e+06 4.206032000000000000e+06 2.000000000000000000e+00
4.207043000000000000e+06 4.207265000000000000e+06 2.000000000000000000e+00
4.208804000000000000e+06 4.208926000000000000e+06 1.000000000000000000e+00
4.209517000000000000e+06 4.209702000000000000e+06 2.000000000000000000e+00
4.209935000000000000e+06 4.210041000000000000e+06 2.000000000000000000e+00
4.213706000000000000e+06 4.213832000000000000e+06 1.000000000000000000e+00
4.216625000000000000e+06 4.216824000000000000e+06 1.000000000000000000e+00
4.220098000000000000e+06 4.220315000000000000e+06 2.000000000000000000e+00
4.221265000000000000e+06 4.221480000000000000e+06 1.000000000000000000e+00
4.221924000000000000e+06 4.222144000000000000e+06 1.000000000000000000e+00
4.225726000000000000e+06 4.226054000000000000e+06 1.000000000000000000e+00
4.232109000000000000e+06 4.232475000000000000e+06 1.000000000000000000e+00
4.233448000000000000e+06 4.233633000000000000e+06 2.000000000000000000e+00
4.233965000000000000e+06 4.234115000000000000e+06 1.000000000000000000e+00
4.234670000000000000e+06 4.234832000000000000e+06 2.000000000000000000e+00
4.235604000000000000e+06 4.235887000000000000e+06 2.000000000000000000e+00
4.237678000000000000e+06 4.237937000000000000e+06 1.000000000000000000e+00
4.240233000000000000e+06 4.240339000000000000e+06 1.000000000000000000e+00
4.242543000000000000e+06 4.242704000000000000e+06 1.000000000000000000e+00
4.243520000000000000e+06 4.243776000000000000e+06 1.000000000000000000e+00
4.244635000000000000e+06 4.244854000000000000e+06 1.000000000000000000e+00
4.246837000000000000e+06 4.246952000000000000e+06 1.000000000000000000e+00
4.254558000000000000e+06 4.254684000000000000e+06 1.000000000000000000e+00
4.257776000000000000e+06 4.257982000000000000e+06 1.000000000000000000e+00
4.258415000000000000e+06 4.258587000000000000e+06 1.000000000000000000e+00
4.259593000000000000e+06 4.259743000000000000e+06 2.000000000000000000e+00
4.262587000000000000e+06 4.262715000000000000e+06 2.000000000000000000e+00
4.263733000000000000e+06 4.263953000000000000e+06 1.000000000000000000e+00
4.264437000000000000e+06 4.264609000000000000e+06 2.000000000000000000e+00
4.265448000000000000e+06 4.265682000000000000e+06 2.000000000000000000e+00
4.266454000000000000e+06 4.266698000000000000e+06 2.000000000000000000e+00
4.268537000000000000e+06 4.268676000000000000e+06 2.000000000000000000e+00
4.269745000000000000e+06 4.270037000000000000e+06 1.000000000000000000e+00
4.273326000000000000e+06 4.273459000000000000e+06 1.000000000000000000e+00
4.274865000000000000e+06 4.275093000000000000e+06 1.000000000000000000e+00
4.277433000000000000e+06 4.277653000000000000e+06 1.000000000000000000e+00
4.280610000000000000e+06 4.280930000000000000e+06 1.000000000000000000e+00
4.281509000000000000e+06 4.281759000000000000e+06 2.000000000000000000e+00
4.283815000000000000e+06 4.283958000000000000e+06 1.000000000000000000e+00
4.284737000000000000e+06 4.285148000000000000e+06 2.000000000000000000e+00
4.286182000000000000e+06 4.286332000000000000e+06 2.000000000000000000e+00
4.287761000000000000e+06 4.288027000000000000e+06 1.000000000000000000e+00
4.290754000000000000e+06 4.291143000000000000e+06 1.000000000000000000e+00
4.292104000000000000e+06 4.292393000000000000e+06 1.000000000000000000e+00
4.297678000000000000e+06 4.297887000000000000e+06 1.000000000000000000e+00
4.298320000000000000e+06 4.298654000000000000e+06 2.000000000000000000e+00
4.298720000000000000e+06 4.298787000000000000e+06 2.000000000000000000e+00
4.301259000000000000e+06 4.301382000000000000e+06 1.000000000000000000e+00
4.302350000000000000e+06 4.302706000000000000e+06 1.000000000000000000e+00
4.305051000000000000e+06 4.305532000000000000e+06 2.000000000000000000e+00
4.307553000000000000e+06 4.307656000000000000e+06 2.000000000000000000e+00
4.308465000000000000e+06 4.308587000000000000e+06 1.000000000000000000e+00
4.309993000000000000e+06 4.310159000000000000e+06 1.000000000000000000e+00
4.310576000000000000e+06 4.310726000000000000e+06 1.000000000000000000e+00
4.311387000000000000e+06 4.311709000000000000e+06 1.000000000000000000e+00
4.312448000000000000e+06 4.312704000000000000e+06 1.000000000000000000e+00
4.313370000000000000e+06 4.313748000000000000e+06 1.000000000000000000e+00
4.315837000000000000e+06 4.315948000000000000e+06 1.000000000000000000e+00
4.318288000000000000e+06 4.318403000000000000e+06 1.000000000000000000e+00
4.318537000000000000e+06 4.318676000000000000e+06 1.000000000000000000e+00
4.319959000000000000e+06 4.320159000000000000e+06 1.000000000000000000e+00
4.321670000000000000e+06 4.321932000000000000e+06 1.000000000000000000e+00
4.322650000000000000e+06 4.322902000000000000e+06 1.000000000000000000e+00
4.323210000000000000e+06 4.323341000000000000e+06 1.000000000000000000e+00
4.323566000000000000e+06 4.323770000000000000e+06 1.000000000000000000e+00
4.325287000000000000e+06 4.325554000000000000e+06 1.000000000000000000e+00
4.326932000000000000e+06 4.327000000000000000e+06 1.000000000000000000e+00
4.327079000000000000e+06 4.327162000000000000e+06 1.000000000000000000e+00
4.327798000000000000e+06 4.328270000000000000e+06 1.000000000000000000e+00
4.330222000000000000e+06 4.330348000000000000e+06 1.000000000000000000e+00
4.332854000000000000e+06 4.333187000000000000e+06 1.000000000000000000e+00
4.335132000000000000e+06 4.335276000000000000e+06 1.000000000000000000e+00
4.340259000000000000e+06 4.340454000000000000e+06 1.000000000000000000e+00
4.341404000000000000e+06 4.341687000000000000e+06 1.000000000000000000e+00
4.342854000000000000e+06 4.342976000000000000e+06 1.000000000000000000e+00
4.345093000000000000e+06 4.345237000000000000e+06 1.000000000000000000e+00
4.346598000000000000e+06 4.346848000000000000e+06 1.000000000000000000e+00
4.352021000000000000e+06 4.352141000000000000e+06 1.000000000000000000e+00
4.354319000000000000e+06 4.354456000000000000e+06 1.000000000000000000e+00
4.355530000000000000e+06 4.355656000000000000e+06 1.000000000000000000e+00
4.357393000000000000e+06 4.357615000000000000e+06 1.000000000000000000e+00
4.358726000000000000e+06 4.358982000000000000e+06 1.000000000000000000e+00
4.361151000000000000e+06 4.361287000000000000e+06 1.000000000000000000e+00
4.367743000000000000e+06 4.368043000000000000e+06 2.000000000000000000e+00
4.369187000000000000e+06 4.369315000000000000e+06 1.000000000000000000e+00
4.371204000000000000e+06 4.371337000000000000e+06 2.000000000000000000e+00
4.381404000000000000e+06 4.381515000000000000e+06 1.000000000000000000e+00
4.382554000000000000e+06 4.382870000000000000e+06 2.000000000000000000e+00
4.386048000000000000e+06 4.386326000000000000e+06 1.000000000000000000e+00
4.388843000000000000e+06 4.389026000000000000e+06 1.000000000000000000e+00
4.389876000000000000e+06 4.390115000000000000e+06 1.000000000000000000e+00
4.397326000000000000e+06 4.397432000000000000e+06 1.000000000000000000e+00
4.400154000000000000e+06 4.400343000000000000e+06 2.000000000000000000e+00
4.400393000000000000e+06 4.400487000000000000e+06 2.000000000000000000e+00
4.401459000000000000e+06 4.401682000000000000e+06 1.000000000000000000e+00
4.409692000000000000e+06 4.409952000000000000e+06 1.000000000000000000e+00
4.420132000000000000e+06 4.420370000000000000e+06 1.000000000000000000e+00
4.436243000000000000e+06 4.436475000000000000e+06 1.000000000000000000e+00
4.442420000000000000e+06 4.442554000000000000e+06 1.000000000000000000e+00
4.448865000000000000e+06 4.449082000000000000e+06 1.000000000000000000e+00
4.475643000000000000e+06 4.475804000000000000e+06 1.000000000000000000e+00
4.509270000000000000e+06 4.509498000000000000e+06 2.000000000000000000e+00
4.528854000000000000e+06 4.528976000000000000e+06 1.000000000000000000e+00
4.534709000000000000e+06 4.534859000000000000e+06 2.000000000000000000e+00
4.545472000000000000e+06 4.545608000000000000e+06 1.000000000000000000e+00
4.548720000000000000e+06 4.548876000000000000e+06 1.000000000000000000e+00
4.557515000000000000e+06 4.557659000000000000e+06 1.000000000000000000e+00
4.563832000000000000e+06 4.563920000000000000e+06 1.000000000000000000e+00
4.569076000000000000e+06 4.569204000000000000e+06 2.000000000000000000e+00
4.571582000000000000e+06 4.572006000000000000e+06 1.000000000000000000e+00
4.577643000000000000e+06 4.577770000000000000e+06 1.000000000000000000e+00
4.590632000000000000e+06 4.590776000000000000e+06 1.000000000000000000e+00
4.622226000000000000e+06 4.622382000000000000e+06 1.000000000000000000e+00
4.627559000000000000e+06 4.627804000000000000e+06 2.000000000000000000e+00
4.653393000000000000e+06 4.653687000000000000e+06 1.000000000000000000e+00
4.667698000000000000e+06 4.667809000000000000e+06 1.000000000000000000e+00
4.729855000000000000e+06 4.730091000000000000e+06 1.000000000000000000e+00
4.732126000000000000e+06 4.732236000000000000e+06 1.000000000000000000e+00
4.734154000000000000e+06 4.734298000000000000e+06 2.000000000000000000e+00
4.739590000000000000e+06 4.739726000000000000e+06 1.000000000000000000e+00
4.749875000000000000e+06 4.750126000000000000e+06 1.000000000000000000e+00
4.750722000000000000e+06 4.750839000000000000e+06 1.000000000000000000e+00
4.757970000000000000e+06 4.758148000000000000e+06 2.000000000000000000e+00
4.759270000000000000e+06 4.759409000000000000e+06 2.000000000000000000e+00
4.760187000000000000e+06 4.760420000000000000e+06 2.000000000000000000e+00
4.760820000000000000e+06 4.761054000000000000e+06 2.000000000000000000e+00
4.771970000000000000e+06 4.772126000000000000e+06 2.000000000000000000e+00
4.773632000000000000e+06 4.773993000000000000e+06 2.000000000000000000e+00
4.775386000000000000e+06 4.775785000000000000e+06 2.000000000000000000e+00
4.777393000000000000e+06 4.777565000000000000e+06 1.000000000000000000e+00
4.778348000000000000e+06 4.778476000000000000e+06 1.000000000000000000e+00
4.789026000000000000e+06 4.789276000000000000e+06 2.000000000000000000e+00
4.789943000000000000e+06 4.790143000000000000e+06 2.000000000000000000e+00
4.794970000000000000e+06 4.795132000000000000e+06 1.000000000000000000e+00
4.804532000000000000e+06 4.804632000000000000e+06 1.000000000000000000e+00
4.845004000000000000e+06 4.845198000000000000e+06 1.000000000000000000e+00
5.009720000000000000e+06 5.009887000000000000e+06 1.000000000000000000e+00
5.018943000000000000e+06 5.019182000000000000e+06 2.000000000000000000e+00
5.023787000000000000e+06 5.023993000000000000e+06 2.000000000000000000e+00
5.025648000000000000e+06 5.026015000000000000e+06 2.000000000000000000e+00
5.048554000000000000e+06 5.048832000000000000e+06 1.000000000000000000e+00
5.051854000000000000e+06 5.051954000000000000e+06 1.000000000000000000e+00
5.055066000000000000e+06 5.055273000000000000e+06 2.000000000000000000e+00
5.055898000000000000e+06 5.056132000000000000e+06 2.000000000000000000e+00
5.057726000000000000e+06 5.057976000000000000e+06 2.000000000000000000e+00
5.058332000000000000e+06 5.058546000000000000e+06 1.000000000000000000e+00
5.059982000000000000e+06 5.060109000000000000e+06 1.000000000000000000e+00
5.061148000000000000e+06 5.061526000000000000e+06 2.000000000000000000e+00
5.063965000000000000e+06 5.064148000000000000e+06 2.000000000000000000e+00
5.070454000000000000e+06 5.070637000000000000e+06 2.000000000000000000e+00
5.072204000000000000e+06 5.072387000000000000e+06 2.000000000000000000e+00
5.073782000000000000e+06 5.073937000000000000e+06 2.000000000000000000e+00
5.075932000000000000e+06 5.076143000000000000e+06 1.000000000000000000e+00
5.077004000000000000e+06 5.077309000000000000e+06 2.000000000000000000e+00
5.080187000000000000e+06 5.080482000000000000e+06 1.000000000000000000e+00
5.081093000000000000e+06 5.081237000000000000e+06 1.000000000000000000e+00
5.087570000000000000e+06 5.087898000000000000e+06 1.000000000000000000e+00
5.088626000000000000e+06 5.088856000000000000e+06 1.000000000000000000e+00
5.090876000000000000e+06 5.091182000000000000e+06 1.000000000000000000e+00
5.091982000000000000e+06 5.092087000000000000e+06 1.000000000000000000e+00
5.092520000000000000e+06 5.092737000000000000e+06 1.000000000000000000e+00
5.094532000000000000e+06 5.094704000000000000e+06 2.000000000000000000e+00
5.101343000000000000e+06 5.101637000000000000e+06 1.000000000000000000e+00
5.103917000000000000e+06 5.104175000000000000e+06 1.000000000000000000e+00
5.105082000000000000e+06 5.105554000000000000e+06 2.000000000000000000e+00
5.109479000000000000e+06 5.109776000000000000e+06 2.000000000000000000e+00
5.110876000000000000e+06 5.111093000000000000e+06 2.000000000000000000e+00
5.112720000000000000e+06 5.112970000000000000e+06 2.000000000000000000e+00
5.113957000000000000e+06 5.114057000000000000e+06 1.000000000000000000e+00
5.115485000000000000e+06 5.115642000000000000e+06 1.000000000000000000e+00
5.118009000000000000e+06 5.118132000000000000e+06 1.000000000000000000e+00
5.119729000000000000e+06 5.119917000000000000e+06 1.000000000000000000e+00
5.125476000000000000e+06 5.125615000000000000e+06 2.000000000000000000e+00
5.125748000000000000e+06 5.125959000000000000e+06 2.000000000000000000e+00
5.127032000000000000e+06 5.127237000000000000e+06 2.000000000000000000e+00
5.128173000000000000e+06 5.128334000000000000e+06 1.000000000000000000e+00
5.129415000000000000e+06 5.129609000000000000e+06 2.000000000000000000e+00
5.129670000000000000e+06 5.129920000000000000e+06 2.000000000000000000e+00
5.130587000000000000e+06 5.130726000000000000e+06 2.000000000000000000e+00
5.130820000000000000e+06 5.130982000000000000e+06 2.000000000000000000e+00
5.132793000000000000e+06 5.132998000000000000e+06 1.000000000000000000e+00
5.133759000000000000e+06 5.134248000000000000e+06 1.000000000000000000e+00
5.135904000000000000e+06 5.136154000000000000e+06 1.000000000000000000e+00
5.136909000000000000e+06 5.136998000000000000e+06 1.000000000000000000e+00
5.137693000000000000e+06 5.137870000000000000e+06 2.000000000000000000e+00
5.139301000000000000e+06 5.139408000000000000e+06 2.000000000000000000e+00
5.140880000000000000e+06 5.141179000000000000e+06 1.000000000000000000e+00
5.143104000000000000e+06 5.143282000000000000e+06 1.000000000000000000e+00
5.150365000000000000e+06 5.150593000000000000e+06 1.000000000000000000e+00
5.153082000000000000e+06 5.153209000000000000e+06 1.000000000000000000e+00
5.154882000000000000e+06 5.155093000000000000e+06 1.000000000000000000e+00
5.155743000000000000e+06 5.155854000000000000e+06 1.000000000000000000e+00
5.158320000000000000e+06 5.158515000000000000e+06 1.000000000000000000e+00
5.159648000000000000e+06 5.159815000000000000e+06 1.000000000000000000e+00
5.161020000000000000e+06 5.161209000000000000e+06 2.000000000000000000e+00
5.162709000000000000e+06 5.162876000000000000e+06 2.000000000000000000e+00
5.163687000000000000e+06 5.163915000000000000e+06 2.000000000000000000e+00
5.164937000000000000e+06 5.165082000000000000e+06 1.000000000000000000e+00
5.166020000000000000e+06 5.166220000000000000e+06 2.000000000000000000e+00
5.168288000000000000e+06 5.168482000000000000e+06 1.000000000000000000e+00
5.169337000000000000e+06 5.169587000000000000e+06 1.000000000000000000e+00
5.170596000000000000e+06 5.170821000000000000e+06 1.000000000000000000e+00
5.171993000000000000e+06 5.172276000000000000e+06 1.000000000000000000e+00
5.173193000000000000e+06 5.173593000000000000e+06 1.000000000000000000e+00
5.174824000000000000e+06 5.175136000000000000e+06 2.000000000000000000e+00
5.175759000000000000e+06 5.175959000000000000e+06 1.000000000000000000e+00
