1.910590000000000000e+05 1.914650000000000000e+05
1.975900000000000000e+05 1.976780000000000000e+05
1.989240000000000000e+05 1.989820000000000000e+05
2.020370000000000000e+05 2.021830000000000000e+05
2.045590000000000000e+05 2.046870000000000000e+05
2.059870000000000000e+05 2.061150000000000000e+05
2.097860000000000000e+05 2.099640000000000000e+05
2.155770000000000000e+05 2.156500000000000000e+05
2.202040000000000000e+05 2.203260000000000000e+05
2.236820000000000000e+05 2.238650000000000000e+05
2.250580000000000000e+05 2.254040000000000000e+05
2.308810000000000000e+05 2.311680000000000000e+05
2.333500000000000000e+05 2.337630000000000000e+05
2.341920000000000000e+05 2.343070000000000000e+05
2.355780000000000000e+05 2.356570000000000000e+05
2.383610000000000000e+05 2.385700000000000000e+05
2.392970000000000000e+05 2.395430000000000000e+05
2.413330000000000000e+05 2.414500000000000000e+05
2.424250000000000000e+05 2.429290000000000000e+05
2.439200000000000000e+05 2.440870000000000000e+05
2.474040000000000000e+05 2.475260000000000000e+05
2.485680000000000000e+05 2.488880000000000000e+05
2.497260000000000000e+05 2.499930000000000000e+05
2.507150000000000000e+05 2.509430000000000000e+05
2.531320000000000000e+05 2.532980000000000000e+05
2.540230000000000000e+05 2.541120000000000000e+05
2.552720000000000000e+05 2.555130000000000000e+05
2.595590000000000000e+05 2.596880000000000000e+05
2.599480000000000000e+05 2.600590000000000000e+05
2.614720000000000000e+05 2.616500000000000000e+05
2.625480000000000000e+05 2.627650000000000000e+05
2.633200000000000000e+05 2.636090000000000000e+05
2.653540000000000000e+05 2.656150000000000000e+05
2.697390000000000000e+05 2.700850000000000000e+05
2.714190000000000000e+05 2.716120000000000000e+05
2.725730000000000000e+05 2.726790000000000000e+05
2.816350000000000000e+05 2.819900000000000000e+05
2.863790000000000000e+05 2.865890000000000000e+05
2.871330000000000000e+05 2.874520000000000000e+05
2.942850000000000000e+05 2.943900000000000000e+05
2.954160000000000000e+05 2.955110000000000000e+05
2.970240000000000000e+05 2.972290000000000000e+05
2.976700000000000000e+05 2.977760000000000000e+05
2.984630000000000000e+05 2.986150000000000000e+05
2.993320000000000000e+05 2.994150000000000000e+05
3.017330000000000000e+05 3.018500000000000000e+05
3.047510000000000000e+05 3.048400000000000000e+05
3.064560000000000000e+05 3.067120000000000000e+05
3.072880000000000000e+05 3.075180000000000000e+05
3.089750000000000000e+05 3.091530000000000000e+05
3.101320000000000000e+05 3.102760000000000000e+05
3.107870000000000000e+05 3.108930000000000000e+05
3.120200000000000000e+05 3.121650000000000000e+05
3.148450000000000000e+05 3.150230000000000000e+05
3.154620000000000000e+05 3.155570000000000000e+05
3.180430000000000000e+05 3.181820000000000000e+05
3.222190000000000000e+05 3.225080000000000000e+05
3.229370000000000000e+05 3.231430000000000000e+05
3.258830000000000000e+05 3.261980000000000000e+05
3.267790000000000000e+05 3.270010000000000000e+05
3.295280000000000000e+05 3.297260000000000000e+05
3.304120000000000000e+05 3.307100000000000000e+05
3.314260000000000000e+05 3.315570000000000000e+05
3.326240000000000000e+05 3.327440000000000000e+05
3.332420000000000000e+05 3.333150000000000000e+05
3.337120000000000000e+05 3.338120000000000000e+05
3.354480000000000000e+05 3.355370000000000000e+05
3.369200000000000000e+05 3.370760000000000000e+05
3.423860000000000000e+05 3.424690000000000000e+05
3.443310000000000000e+05 3.446240000000000000e+05
3.513480000000000000e+05 3.515480000000000000e+05
3.524130000000000000e+05 3.525520000000000000e+05
3.549150000000000000e+05 3.549820000000000000e+05
3.579740000000000000e+05 3.581020000000000000e+05
3.659170000000000000e+05 3.660220000000000000e+05
3.672980000000000000e+05 3.674370000000000000e+05
3.741930000000000000e+05 3.742820000000000000e+05
3.763370000000000000e+05 3.764870000000000000e+05
3.800390000000000000e+05 3.802840000000000000e+05
3.824520000000000000e+05 3.825910000000000000e+05
3.835770000000000000e+05 3.837450000000000000e+05
3.845920000000000000e+05 3.847600000000000000e+05
3.945080000000000000e+05 3.946140000000000000e+05
4.043650000000000000e+05 4.045320000000000000e+05
4.102870000000000000e+05 4.106160000000000000e+05
4.130860000000000000e+05 4.131850000000000000e+05
4.153510000000000000e+05 4.156640000000000000e+05
4.169620000000000000e+05 4.171570000000000000e+05
4.240210000000000000e+05 4.242560000000000000e+05
4.266680000000000000e+05 4.269400000000000000e+05
4.301460000000000000e+05 4.302520000000000000e+05
4.325900000000000000e+05 4.327240000000000000e+05
4.364000000000000000e+05 4.366780000000000000e+05
4.398320000000000000e+05 4.400320000000000000e+05
4.421470000000000000e+05 4.422670000000000000e+05
4.463420000000000000e+05 4.464980000000000000e+05
4.481300000000000000e+05 4.484020000000000000e+05
4.502370000000000000e+05 4.503430000000000000e+05
4.523050000000000000e+05 4.524570000000000000e+05
4.574970000000000000e+05 4.576190000000000000e+05
4.633360000000000000e+05 4.634360000000000000e+05
4.645090000000000000e+05 4.646040000000000000e+05
4.800300000000000000e+05 4.802080000000000000e+05
5.017910000000000000e+05 5.019060000000000000e+05
5.023930000000000000e+05 5.025760000000000000e+05
5.026910000000000000e+05 5.028480000000000000e+05
5.035120000000000000e+05 5.036060000000000000e+05
5.231590000000000000e+05 5.233040000000000000e+05
5.313620000000000000e+05 5.315820000000000000e+05
5.355820000000000000e+05 5.356700000000000000e+05
5.432070000000000000e+05 5.433290000000000000e+05
5.520900000000000000e+05 5.522180000000000000e+05
5.556680000000000000e+05 5.557410000000000000e+05
5.568680000000000000e+05 5.570250000000000000e+05
5.574390000000000000e+05 5.575220000000000000e+05
5.652490000000000000e+05 5.653320000000000000e+05
5.691300000000000000e+05 5.692290000000000000e+05
5.725980000000000000e+05 5.726820000000000000e+05
5.735030000000000000e+05 5.735710000000000000e+05
5.742360000000000000e+05 5.743560000000000000e+05
5.807380000000000000e+05 5.808210000000000000e+05
5.811980000000000000e+05 5.813130000000000000e+05
5.827620000000000000e+05 5.828930000000000000e+05
5.845820000000000000e+05 5.848230000000000000e+05
5.860160000000000000e+05 5.863190000000000000e+05
5.868420000000000000e+05 5.870990000000000000e+05
5.874120000000000000e+05 5.876900000000000000e+05
5.888260000000000000e+05 5.890040000000000000e+05
5.895330000000000000e+05 5.896330000000000000e+05
5.932480000000000000e+05 5.933760000000000000e+05
5.939180000000000000e+05 5.939840000000000000e+05
5.954090000000000000e+05 5.955870000000000000e+05
5.977540000000000000e+05 5.978430000000000000e+05
5.979300000000000000e+05 5.980300000000000000e+05
5.997180000000000000e+05 5.999380000000000000e+05
6.022200000000000000e+05 6.023870000000000000e+05
6.044130000000000000e+05 6.045800000000000000e+05
6.066590000000000000e+05 6.068150000000000000e+05
6.082430000000000000e+05 6.083590000000000000e+05
6.123430000000000000e+05 6.124980000000000000e+05
6.145450000000000000e+05 6.146620000000000000e+05
6.158820000000000000e+05 6.159820000000000000e+05
6.198090000000000000e+05 6.199320000000000000e+05
6.211080000000000000e+05 6.212080000000000000e+05
6.305660000000000000e+05 6.308220000000000000e+05
6.389200000000000000e+05 6.390090000000000000e+05
6.394070000000000000e+05 6.395680000000000000e+05
6.402040000000000000e+05 6.403090000000000000e+05
6.416480000000000000e+05 6.417590000000000000e+05
6.471100000000000000e+05 6.472630000000000000e+05
6.499940000000000000e+05 6.501610000000000000e+05
6.558680000000000000e+05 6.559420000000000000e+05
6.629450000000000000e+05 6.631630000000000000e+05
6.721100000000000000e+05 6.723190000000000000e+05
6.730210000000000000e+05 6.731450000000000000e+05
6.839830000000000000e+05 6.840860000000000000e+05
6.844700000000000000e+05 6.846080000000000000e+05
6.867860000000000000e+05 6.868910000000000000e+05
6.883650000000000000e+05 6.884980000000000000e+05
7.261050000000000000e+05 7.261980000000000000e+05
7.299870000000000000e+05 7.300760000000000000e+05
7.333210000000000000e+05 7.334100000000000000e+05
7.370940000000000000e+05 7.373550000000000000e+05
7.579910000000000000e+05 7.580890000000000000e+05
7.746330000000000000e+05 7.747310000000000000e+05
7.779130000000000000e+05 7.780770000000000000e+05
7.793640000000000000e+05 7.794840000000000000e+05
7.838950000000000000e+05 7.840280000000000000e+05
7.981540000000000000e+05 7.982920000000000000e+05
8.117160000000000000e+05 8.118180000000000000e+05
8.353060000000000000e+05 8.353790000000000000e+05
8.380940000000000000e+05 8.382250000000000000e+05
8.398310000000000000e+05 8.399200000000000000e+05
8.522430000000000000e+05 8.523320000000000000e+05
8.545880000000000000e+05 8.546610000000000000e+05
8.547660000000000000e+05 8.548340000000000000e+05
8.663600000000000000e+05 8.665200000000000000e+05
8.683760000000000000e+05 8.684760000000000000e+05
8.697790000000000000e+05 8.698620000000000000e+05
8.783420000000000000e+05 8.784480000000000000e+05
8.990480000000000000e+05 8.991590000000000000e+05
9.135730000000000000e+05 9.136830000000000000e+05
9.175590000000000000e+05 9.176320000000000000e+05
9.281880000000000000e+05 9.283190000000000000e+05
9.323160000000000000e+05 9.324520000000000000e+05
9.378650000000000000e+05 9.379590000000000000e+05
9.440800000000000000e+05 9.441910000000000000e+05
9.445040000000000000e+05 9.445820000000000000e+05
9.490080000000000000e+05 9.491440000000000000e+05
9.502220000000000000e+05 9.502690000000000000e+05
9.639760000000000000e+05 9.640700000000000000e+05
9.693760000000000000e+05 9.694560000000000000e+05
9.848620000000000000e+05 9.850340000000000000e+05
9.987160000000000000e+05 9.988270000000000000e+05
1.001480000000000000e+06 1.001627000000000000e+06
1.022704000000000000e+06 1.022776000000000000e+06
1.033322000000000000e+06 1.033453000000000000e+06
1.041159000000000000e+06 1.041254000000000000e+06
1.044394000000000000e+06 1.044536000000000000e+06
1.066298000000000000e+06 1.066366000000000000e+06
1.067693000000000000e+06 1.067820000000000000e+06
1.073203000000000000e+06 1.073350000000000000e+06
1.075521000000000000e+06 1.075663000000000000e+06
1.083152000000000000e+06 1.083290000000000000e+06
1.083744000000000000e+06 1.083827000000000000e+06
1.088387000000000000e+06 1.088465000000000000e+06
1.089058000000000000e+06 1.089179000000000000e+06
1.095114000000000000e+06 1.095318000000000000e+06
1.100792000000000000e+06 1.100933000000000000e+06
1.107343000000000000e+06 1.107448000000000000e+06
1.111824000000000000e+06 1.111876000000000000e+06
1.128333000000000000e+06 1.128396000000000000e+06
1.130781000000000000e+06 1.130865000000000000e+06
1.135401000000000000e+06 1.135486000000000000e+06
1.147786000000000000e+06 1.147985000000000000e+06
1.148513000000000000e+06 1.148716000000000000e+06
1.149679000000000000e+06 1.149804000000000000e+06
1.154520000000000000e+06 1.154630000000000000e+06
1.155629000000000000e+06 1.155969000000000000e+06
1.156576000000000000e+06 1.157015000000000000e+06
1.157917000000000000e+06 1.158189000000000000e+06
1.160615000000000000e+06 1.160770000000000000e+06
1.161520000000000000e+06 1.161632000000000000e+06
1.162249000000000000e+06 1.162672000000000000e+06
1.165481000000000000e+06 1.165727000000000000e+06
1.166198000000000000e+06 1.166627000000000000e+06
1.166883000000000000e+06 1.167031000000000000e+06
1.167132000000000000e+06 1.167382000000000000e+06
1.173153000000000000e+06 1.173325000000000000e+06
1.173629000000000000e+06 1.173828000000000000e+06
1.181480000000000000e+06 1.181674000000000000e+06
1.201070000000000000e+06 1.201287000000000000e+06
1.205543000000000000e+06 1.205842000000000000e+06
1.211669000000000000e+06 1.211842000000000000e+06
1.222681000000000000e+06 1.222836000000000000e+06
1.223859000000000000e+06 1.224004000000000000e+06
1.224749000000000000e+06 1.225068000000000000e+06
1.333776000000000000e+06 1.333937000000000000e+06
1.335522000000000000e+06 1.335715000000000000e+06
1.340603000000000000e+06 1.340808000000000000e+06
1.340917000000000000e+06 1.340996000000000000e+06
1.342790000000000000e+06 1.343276000000000000e+06
1.343441000000000000e+06 1.344252000000000000e+06
1.346385000000000000e+06 1.346669000000000000e+06
1.346886000000000000e+06 1.346985000000000000e+06
1.347796000000000000e+06 1.348319000000000000e+06
1.348848000000000000e+06 1.349208000000000000e+06
1.352546000000000000e+06 1.353022000000000000e+06
1.354288000000000000e+06 1.354753000000000000e+06
1.355724000000000000e+06 1.355922000000000000e+06
1.356294000000000000e+06 1.356655000000000000e+06
1.358376000000000000e+06 1.358604000000000000e+06
1.359783000000000000e+06 1.359914000000000000e+06
1.360840000000000000e+06 1.361295000000000000e+06
1.362550000000000000e+06 1.362854000000000000e+06
1.363058000000000000e+06 1.363340000000000000e+06
1.363816000000000000e+06 1.364580000000000000e+06
1.365229000000000000e+06 1.365417000000000000e+06
1.365673000000000000e+06 1.365820000000000000e+06
1.365956000000000000e+06 1.366531000000000000e+06
1.369032000000000000e+06 1.369764000000000000e+06
1.370099000000000000e+06 1.370407000000000000e+06
1.370975000000000000e+06 1.371027000000000000e+06
1.374001000000000000e+06 1.374310000000000000e+06
1.374953000000000000e+06 1.375319000000000000e+06
1.378876000000000000e+06 1.379321000000000000e+06
1.381361000000000000e+06 1.381701000000000000e+06
1.382572000000000000e+06 1.382980000000000000e+06
1.383686000000000000e+06 1.383974000000000000e+06
1.386054000000000000e+06 1.386357000000000000e+06
1.387803000000000000e+06 1.387991000000000000e+06
1.389290000000000000e+06 1.389837000000000000e+06
1.390426000000000000e+06 1.390743000000000000e+06
1.391834000000000000e+06 1.392210000000000000e+06
1.393366000000000000e+06 1.393853000000000000e+06
1.394400000000000000e+06 1.394551000000000000e+06
1.394874000000000000e+06 1.395039000000000000e+06
1.395733000000000000e+06 1.396157000000000000e+06
1.397559000000000000e+06 1.397779000000000000e+06
1.399050000000000000e+06 1.399353000000000000e+06
1.399787000000000000e+06 1.400190000000000000e+06
1.400473000000000000e+06 1.401053000000000000e+06
1.401686000000000000e+06 1.401807000000000000e+06
1.402304000000000000e+06 1.402644000000000000e+06
1.403692000000000000e+06 1.404069000000000000e+06
1.404205000000000000e+06 1.404393000000000000e+06
1.404650000000000000e+06 1.404838000000000000e+06
1.407999000000000000e+06 1.408124000000000000e+06
1.409917000000000000e+06 1.410032000000000000e+06
1.412135000000000000e+06 1.412538000000000000e+06
1.413249000000000000e+06 1.413809000000000000e+06
1.414149000000000000e+06 1.414374000000000000e+06
1.414960000000000000e+06 1.415342000000000000e+06
1.415609000000000000e+06 1.415698000000000000e+06
1.416487000000000000e+06 1.416715000000000000e+06
1.418724000000000000e+06 1.419080000000000000e+06
1.420277000000000000e+06 1.421120000000000000e+06
1.425571000000000000e+06 1.425702000000000000e+06
1.427052000000000000e+06 1.427303000000000000e+06
1.427747000000000000e+06 1.427883000000000000e+06
1.428281000000000000e+06 1.428459000000000000e+06
1.429013000000000000e+06 1.429301000000000000e+06
1.430070000000000000e+06 1.430760000000000000e+06
1.431545000000000000e+06 1.432277000000000000e+06
1.433520000000000000e+06 1.434216000000000000e+06
1.433840000000000000e+06 1.434000000000000000e+06
1.435404000000000000e+06 1.435615000000000000e+06
1.436365000000000000e+06 1.436800000000000000e+06
1.437574000000000000e+06 1.437835000000000000e+06
1.438599000000000000e+06 1.438876000000000000e+06
1.439504000000000000e+06 1.439771000000000000e+06
1.439970000000000000e+06 1.440294000000000000e+06
1.441680000000000000e+06 1.442067000000000000e+06
1.442229000000000000e+06 1.442528000000000000e+06
1.443753000000000000e+06 1.443837000000000000e+06
1.445143000000000000e+06 1.445295000000000000e+06
1.446362000000000000e+06 1.446556000000000000e+06
1.447406000000000000e+06 1.447530000000000000e+06
1.447999000000000000e+06 1.448287000000000000e+06
1.448809000000000000e+06 1.449064000000000000e+06
1.449937000000000000e+06 1.450298000000000000e+06
1.451596000000000000e+06 1.451826000000000000e+06
1.453676000000000000e+06 1.453915000000000000e+06
1.455284000000000000e+06 1.455477000000000000e+06
1.455702000000000000e+06 1.455828000000000000e+06
1.456654000000000000e+06 1.456821000000000000e+06
1.458689000000000000e+06 1.459102000000000000e+06
1.459986000000000000e+06 1.460101000000000000e+06
1.461320000000000000e+06 1.461765000000000000e+06
1.462615000000000000e+06 1.462848000000000000e+06
1.463708000000000000e+06 1.464158000000000000e+06
1.465000000000000000e+06 1.465314000000000000e+06
1.466731000000000000e+06 1.467126000000000000e+06
1.467885000000000000e+06 1.468356000000000000e+06
1.470537000000000000e+06 1.470867000000000000e+06
1.473592000000000000e+06 1.473671000000000000e+06
1.473969000000000000e+06 1.474068000000000000e+06
1.474753000000000000e+06 1.474868000000000000e+06
1.477123000000000000e+06 1.477327000000000000e+06
1.477908000000000000e+06 1.478834000000000000e+06
1.479304000000000000e+06 1.480016000000000000e+06
1.482826000000000000e+06 1.482965000000000000e+06
1.486999000000000000e+06 1.487182000000000000e+06
1.488259000000000000e+06 1.488493000000000000e+06
1.488971000000000000e+06 1.489165000000000000e+06
1.489536000000000000e+06 1.490028000000000000e+06
1.490279000000000000e+06 1.490415000000000000e+06
1.491300000000000000e+06 1.491494000000000000e+06
1.491833000000000000e+06 1.492481000000000000e+06
1.493436000000000000e+06 1.493886000000000000e+06
1.494753000000000000e+06 1.495222000000000000e+06
1.496167000000000000e+06 1.496596000000000000e+06
1.497469000000000000e+06 1.497767000000000000e+06
1.498442000000000000e+06 1.498887000000000000e+06
1.500624000000000000e+06 1.500767000000000000e+06
1.501100000000000000e+06 1.501235000000000000e+06
1.502881000000000000e+06 1.503100000000000000e+06
1.503875000000000000e+06 1.504230000000000000e+06
1.506511000000000000e+06 1.506872000000000000e+06
1.507526000000000000e+06 1.508054000000000000e+06
1.509085000000000000e+06 1.509440000000000000e+06
1.510528000000000000e+06 1.510868000000000000e+06
1.511708000000000000e+06 1.512053000000000000e+06
1.514266000000000000e+06 1.514826000000000000e+06
1.516296000000000000e+06 1.516547000000000000e+06
1.517148000000000000e+06 1.517420000000000000e+06
1.517588000000000000e+06 1.517839000000000000e+06
1.518273000000000000e+06 1.518325000000000000e+06
1.519555000000000000e+06 1.519712000000000000e+06
1.521087000000000000e+06 1.521182000000000000e+06
1.522358000000000000e+06 1.522683000000000000e+06
1.523577000000000000e+06 1.523776000000000000e+06
1.524210000000000000e+06 1.524524000000000000e+06
1.525241000000000000e+06 1.525576000000000000e+06
1.526909000000000000e+06 1.527037000000000000e+06
1.529169000000000000e+06 1.529342000000000000e+06
1.529985000000000000e+06 1.530420000000000000e+06
1.532015000000000000e+06 1.532392000000000000e+06
1.533108000000000000e+06 1.533427000000000000e+06
1.533595000000000000e+06 1.533699000000000000e+06
1.534175000000000000e+06 1.534657000000000000e+06
1.538402000000000000e+06 1.538810000000000000e+06
1.540123000000000000e+06 1.540353000000000000e+06
1.541415000000000000e+06 1.541985000000000000e+06
1.542650000000000000e+06 1.542964000000000000e+06
1.543942000000000000e+06 1.544109000000000000e+06
1.545558000000000000e+06 1.545699000000000000e+06
1.547677000000000000e+06 1.547876000000000000e+06
1.549528000000000000e+06 1.549848000000000000e+06
1.550287000000000000e+06 1.550470000000000000e+06
1.552149000000000000e+06 1.552421000000000000e+06
1.552986000000000000e+06 1.553263000000000000e+06
1.554085000000000000e+06 1.554472000000000000e+06
1.555324000000000000e+06 1.555623000000000000e+06
1.556635000000000000e+06 1.557174000000000000e+06
1.559057000000000000e+06 1.559203000000000000e+06
1.559460000000000000e+06 1.559637000000000000e+06
1.560069000000000000e+06 1.560341000000000000e+06
1.561366000000000000e+06 1.561659000000000000e+06
1.564429000000000000e+06 1.564596000000000000e+06
1.565648000000000000e+06 1.565865000000000000e+06
1.566870000000000000e+06 1.566976000000000000e+06
1.567933000000000000e+06 1.568172000000000000e+06
1.569286000000000000e+06 1.569485000000000000e+06
1.571922000000000000e+06 1.572001000000000000e+06
1.575516000000000000e+06 1.575642000000000000e+06
1.577494000000000000e+06 1.577572000000000000e+06
1.578918000000000000e+06 1.579091000000000000e+06
1.579889000000000000e+06 1.580329000000000000e+06
1.582617000000000000e+06 1.582884000000000000e+06
1.584476000000000000e+06 1.584649000000000000e+06
1.586640000000000000e+06 1.587006000000000000e+06
1.587299000000000000e+06 1.587744000000000000e+06
1.588987000000000000e+06 1.589237000000000000e+06
1.591259000000000000e+06 1.591599000000000000e+06
1.592509000000000000e+06 1.592786000000000000e+06
1.597309000000000000e+06 1.597426000000000000e+06
1.599320000000000000e+06 1.599459000000000000e+06
1.599900000000000000e+06 1.600064000000000000e+06
1.602409000000000000e+06 1.602582000000000000e+06
1.604279000000000000e+06 1.604734000000000000e+06
1.604305000000000000e+06 1.604640000000000000e+06
1.606037000000000000e+06 1.606225000000000000e+06
1.608537000000000000e+06 1.608788000000000000e+06
1.609557000000000000e+06 1.609834000000000000e+06
1.610792000000000000e+06 1.611064000000000000e+06
1.611456000000000000e+06 1.611801000000000000e+06
1.612591000000000000e+06 1.613099000000000000e+06
1.613682000000000000e+06 1.613804000000000000e+06
1.613959000000000000e+06 1.614037000000000000e+06
1.616292000000000000e+06 1.616409000000000000e+06
1.620255000000000000e+06 1.620495000000000000e+06
1.620882000000000000e+06 1.621013000000000000e+06
1.621420000000000000e+06 1.621642000000000000e+06
1.621447000000000000e+06 1.621657000000000000e+06
1.622399000000000000e+06 1.622776000000000000e+06
1.622434000000000000e+06 1.622800000000000000e+06
1.623505000000000000e+06 1.623664000000000000e+06
1.624455000000000000e+06 1.624722000000000000e+06
1.624463000000000000e+06 1.624721000000000000e+06
1.624865000000000000e+06 1.625059000000000000e+06
1.624900000000000000e+06 1.625062000000000000e+06
1.632621000000000000e+06 1.632830000000000000e+06
1.635085000000000000e+06 1.635399000000000000e+06
1.637446000000000000e+06 1.637985000000000000e+06
1.638299000000000000e+06 1.638409000000000000e+06
1.638718000000000000e+06 1.639110000000000000e+06
1.639459000000000000e+06 1.639598000000000000e+06
1.639816000000000000e+06 1.640167000000000000e+06
1.641040000000000000e+06 1.641239000000000000e+06
1.644346000000000000e+06 1.644676000000000000e+06
1.645366000000000000e+06 1.645696000000000000e+06
1.646193000000000000e+06 1.646501000000000000e+06
1.647027000000000000e+06 1.647409000000000000e+06
1.648267000000000000e+06 1.648492000000000000e+06
1.649161000000000000e+06 1.649674000000000000e+06
1.654772000000000000e+06 1.654882000000000000e+06
1.655870000000000000e+06 1.656090000000000000e+06
1.656226000000000000e+06 1.656488000000000000e+06
1.657743000000000000e+06 1.657998000000000000e+06
1.658898000000000000e+06 1.659120000000000000e+06
1.660351000000000000e+06 1.660513000000000000e+06
1.661015000000000000e+06 1.661454000000000000e+06
1.662359000000000000e+06 1.662652000000000000e+06
1.663902000000000000e+06 1.664242000000000000e+06
1.664922000000000000e+06 1.664990000000000000e+06
1.666122000000000000e+06 1.666290000000000000e+06
1.667948000000000000e+06 1.668143000000000000e+06
1.668943000000000000e+06 1.669220000000000000e+06
1.670046000000000000e+06 1.670418000000000000e+06
1.671511000000000000e+06 1.671888000000000000e+06
1.672474000000000000e+06 1.672719000000000000e+06
1.674801000000000000e+06 1.675016000000000000e+06
1.675952000000000000e+06 1.676104000000000000e+06
1.676635000000000000e+06 1.676755000000000000e+06
1.677059000000000000e+06 1.677176000000000000e+06
1.677443000000000000e+06 1.677648000000000000e+06
1.677801000000000000e+06 1.677906000000000000e+06
1.678782000000000000e+06 1.679026000000000000e+06
1.679392000000000000e+06 1.679585000000000000e+06
1.680501000000000000e+06 1.681055000000000000e+06
1.682193000000000000e+06 1.682309000000000000e+06
1.682802000000000000e+06 1.683017000000000000e+06
1.685695000000000000e+06 1.685847000000000000e+06
1.686333000000000000e+06 1.686516000000000000e+06
1.687557000000000000e+06 1.688044000000000000e+06
1.689336000000000000e+06 1.689786000000000000e+06
1.690408000000000000e+06 1.690696000000000000e+06
1.691562000000000000e+06 1.692085000000000000e+06
1.693513000000000000e+06 1.693769000000000000e+06
1.695846000000000000e+06 1.696013000000000000e+06
1.697944000000000000e+06 1.698425000000000000e+06
1.699147000000000000e+06 1.699372000000000000e+06
1.702672000000000000e+06 1.702766000000000000e+06
1.703624000000000000e+06 1.703692000000000000e+06
1.706493000000000000e+06 1.706609000000000000e+06
1.707794000000000000e+06 1.708358000000000000e+06
1.710686000000000000e+06 1.710927000000000000e+06
1.711685000000000000e+06 1.711832000000000000e+06
1.711969000000000000e+06 1.712107000000000000e+06
1.712739000000000000e+06 1.713095000000000000e+06
1.713576000000000000e+06 1.714026000000000000e+06
1.714560000000000000e+06 1.714931000000000000e+06
1.715912000000000000e+06 1.716006000000000000e+06
1.716624000000000000e+06 1.717628000000000000e+06
1.718352000000000000e+06 1.719080000000000000e+06
1.719519000000000000e+06 1.720037000000000000e+06
1.720351000000000000e+06 1.720513000000000000e+06
1.720717000000000000e+06 1.720816000000000000e+06
1.722380000000000000e+06 1.722590000000000000e+06
1.723039000000000000e+06 1.723134000000000000e+06
1.724012000000000000e+06 1.724242000000000000e+06
1.725080000000000000e+06 1.725613000000000000e+06
1.726120000000000000e+06 1.726513000000000000e+06
1.727615000000000000e+06 1.727726000000000000e+06
1.732047000000000000e+06 1.732188000000000000e+06
1.732931000000000000e+06 1.733182000000000000e+06
1.733517000000000000e+06 1.733611000000000000e+06
1.733904000000000000e+06 1.734070000000000000e+06
1.738442000000000000e+06 1.738547000000000000e+06
1.739227000000000000e+06 1.739473000000000000e+06
1.740958000000000000e+06 1.741115000000000000e+06
1.742575000000000000e+06 1.742810000000000000e+06
1.743543000000000000e+06 1.743709000000000000e+06
1.745018000000000000e+06 1.745300000000000000e+06
1.745912000000000000e+06 1.746231000000000000e+06
1.747251000000000000e+06 1.747471000000000000e+06
1.748208000000000000e+06 1.748700000000000000e+06
1.749433000000000000e+06 1.749741000000000000e+06
1.750487000000000000e+06 1.750587000000000000e+06
1.751902000000000000e+06 1.752069000000000000e+06
1.754070000000000000e+06 1.754170000000000000e+06
1.754645000000000000e+06 1.755100000000000000e+06
1.756277000000000000e+06 1.756738000000000000e+06
1.757615000000000000e+06 1.757904000000000000e+06
1.758446000000000000e+06 1.758995000000000000e+06
1.759487000000000000e+06 1.759696000000000000e+06
1.761150000000000000e+06 1.761358000000000000e+06
1.762861000000000000e+06 1.763232000000000000e+06
1.763786000000000000e+06 1.764168000000000000e+06
1.765131000000000000e+06 1.765330000000000000e+06
1.767348000000000000e+06 1.767626000000000000e+06
1.770142000000000000e+06 1.770414000000000000e+06
1.770974000000000000e+06 1.771131000000000000e+06
1.771636000000000000e+06 1.771709000000000000e+06
1.772337000000000000e+06 1.772776000000000000e+06
1.773896000000000000e+06 1.773990000000000000e+06
1.775062000000000000e+06 1.775156000000000000e+06
1.776220000000000000e+06 1.776370000000000000e+06
1.777065000000000000e+06 1.777243000000000000e+06
1.779925000000000000e+06 1.780154000000000000e+06
1.781156000000000000e+06 1.781360000000000000e+06
1.789426000000000000e+06 1.789520000000000000e+06
1.790410000000000000e+06 1.790593000000000000e+06
1.793261000000000000e+06 1.793684000000000000e+06
1.795301000000000000e+06 1.795615000000000000e+06
1.797336000000000000e+06 1.797639000000000000e+06
1.798523000000000000e+06 1.799025000000000000e+06
1.800409000000000000e+06 1.800515000000000000e+06
1.801465000000000000e+06 1.801593000000000000e+06
1.802169000000000000e+06 1.802358000000000000e+06
1.802478000000000000e+06 1.802703000000000000e+06
1.806108000000000000e+06 1.806459000000000000e+06
1.807175000000000000e+06 1.807406000000000000e+06
1.808483000000000000e+06 1.808645000000000000e+06
1.809143000000000000e+06 1.809298000000000000e+06
1.810884000000000000e+06 1.810994000000000000e+06
1.811501000000000000e+06 1.811763000000000000e+06
1.818558000000000000e+06 1.818699000000000000e+06
1.819536000000000000e+06 1.820122000000000000e+06
1.821216000000000000e+06 1.821404000000000000e+06
1.822199000000000000e+06 1.822293000000000000e+06
1.822609000000000000e+06 1.822720000000000000e+06
1.823076000000000000e+06 1.823215000000000000e+06
1.829590000000000000e+06 1.829742000000000000e+06
1.838128000000000000e+06 1.838397000000000000e+06
1.839793000000000000e+06 1.840048000000000000e+06
1.842032000000000000e+06 1.842120000000000000e+06
1.845859000000000000e+06 1.846026000000000000e+06
1.849196000000000000e+06 1.849259000000000000e+06
1.853132000000000000e+06 1.853320000000000000e+06
1.856482000000000000e+06 1.856693000000000000e+06
1.857482000000000000e+06 1.857643000000000000e+06
1.859115000000000000e+06 1.859282000000000000e+06
1.871382000000000000e+06 1.871537000000000000e+06
1.872393000000000000e+06 1.872608000000000000e+06
1.881793000000000000e+06 1.882043000000000000e+06
1.882582000000000000e+06 1.882776000000000000e+06
1.884519000000000000e+06 1.884681000000000000e+06
1.885534000000000000e+06 1.885931000000000000e+06
1.886759000000000000e+06 1.887137000000000000e+06
1.887770000000000000e+06 1.887976000000000000e+06
1.889682000000000000e+06 1.890082000000000000e+06
1.891721000000000000e+06 1.891915000000000000e+06
1.893726000000000000e+06 1.894039000000000000e+06
1.894353000000000000e+06 1.894620000000000000e+06
1.895065000000000000e+06 1.895190000000000000e+06
1.896969000000000000e+06 1.897188000000000000e+06
1.897982000000000000e+06 1.898104000000000000e+06
1.899187000000000000e+06 1.899354000000000000e+06
1.900113000000000000e+06 1.900243000000000000e+06
1.901562000000000000e+06 1.901671000000000000e+06
1.903884000000000000e+06 1.904052000000000000e+06
1.904922000000000000e+06 1.905257000000000000e+06
1.905953000000000000e+06 1.906356000000000000e+06
1.906732000000000000e+06 1.907250000000000000e+06
1.907543000000000000e+06 1.907693000000000000e+06
1.909298000000000000e+06 1.909532000000000000e+06
1.911943000000000000e+06 1.912115000000000000e+06
1.912209000000000000e+06 1.912277000000000000e+06
1.912854000000000000e+06 1.913104000000000000e+06
1.913982000000000000e+06 1.914370000000000000e+06
1.916248000000000000e+06 1.916476000000000000e+06
1.920689000000000000e+06 1.921003000000000000e+06
1.921416000000000000e+06 1.921578000000000000e+06
1.923451000000000000e+06 1.923655000000000000e+06
2.209364000000000000e+06 2.209494000000000000e+06
2.211692000000000000e+06 2.211786000000000000e+06
2.212079000000000000e+06 2.212460000000000000e+06
2.212581000000000000e+06 2.212696000000000000e+06
2.239709000000000000e+06 2.240148000000000000e+06
2.240452000000000000e+06 2.240698000000000000e+06
2.240964000000000000e+06 2.241053000000000000e+06
2.241451000000000000e+06 2.241582000000000000e+06
2.241786000000000000e+06 2.242314000000000000e+06
2.242748000000000000e+06 2.242989000000000000e+06
2.244401000000000000e+06 2.244710000000000000e+06
2.246985000000000000e+06 2.247425000000000000e+06
2.248701000000000000e+06 2.248968000000000000e+06
2.249402000000000000e+06 2.249596000000000000e+06
2.250495000000000000e+06 2.250971000000000000e+06
2.254607000000000000e+06 2.254947000000000000e+06
2.256202000000000000e+06 2.256616000000000000e+06
2.258985000000000000e+06 2.259320000000000000e+06
2.259864000000000000e+06 2.260251000000000000e+06
2.262762000000000000e+06 2.263050000000000000e+06
2.263630000000000000e+06 2.263965000000000000e+06
2.265085000000000000e+06 2.265519000000000000e+06
2.266188000000000000e+06 2.266565000000000000e+06
2.267509000000000000e+06 2.267902000000000000e+06
2.269021000000000000e+06 2.269147000000000000e+06
2.272751000000000000e+06 2.272986000000000000e+06
2.274012000000000000e+06 2.274519000000000000e+06
2.274854000000000000e+06 2.274937000000000000e+06
2.275309000000000000e+06 2.275664000000000000e+06
2.276313000000000000e+06 2.276648000000000000e+06
2.276902000000000000e+06 2.277058000000000000e+06
2.277493000000000000e+06 2.277791000000000000e+06
2.278675000000000000e+06 2.278947000000000000e+06
2.280318000000000000e+06 2.280469000000000000e+06
2.281437000000000000e+06 2.281510000000000000e+06
2.283038000000000000e+06 2.283257000000000000e+06
2.283948000000000000e+06 2.284508000000000000e+06
2.284372000000000000e+06 2.284544000000000000e+06
2.285865000000000000e+06 2.286085000000000000e+06
2.287324000000000000e+06 2.287440000000000000e+06
2.288350000000000000e+06 2.288826000000000000e+06
2.291708000000000000e+06 2.291860000000000000e+06
2.293094000000000000e+06 2.293366000000000000e+06
2.294677000000000000e+06 2.295252000000000000e+06
2.295843000000000000e+06 2.296450000000000000e+06
2.297240000000000000e+06 2.297784000000000000e+06
2.298459000000000000e+06 2.298710000000000000e+06
2.299264000000000000e+06 2.299965000000000000e+06
2.300692000000000000e+06 2.301090000000000000e+06
2.302419000000000000e+06 2.302759000000000000e+06
2.304930000000000000e+06 2.305175000000000000e+06
2.305678000000000000e+06 2.305955000000000000e+06
2.307647000000000000e+06 2.307800000000000000e+06
2.308685000000000000e+06 2.308978000000000000e+06
2.310485000000000000e+06 2.310809000000000000e+06
2.312671000000000000e+06 2.312964000000000000e+06
2.313890000000000000e+06 2.314105000000000000e+06
2.314743000000000000e+06 2.315454000000000000e+06
2.318488000000000000e+06 2.318567000000000000e+06
2.319182000000000000e+06 2.319348000000000000e+06
2.320793000000000000e+06 2.320970000000000000e+06
2.322299000000000000e+06 2.322388000000000000e+06
2.328148000000000000e+06 2.328268000000000000e+06
2.329429000000000000e+06 2.329680000000000000e+06
2.331286000000000000e+06 2.331752000000000000e+06
2.332740000000000000e+06 2.332887000000000000e+06
2.333248000000000000e+06 2.333598000000000000e+06
2.334348000000000000e+06 2.334509000000000000e+06
2.334670000000000000e+06 2.334826000000000000e+06
2.367434000000000000e+06 2.367567000000000000e+06
2.370254000000000000e+06 2.370404000000000000e+06
2.371215000000000000e+06 2.371644000000000000e+06
2.372517000000000000e+06 2.372716000000000000e+06
2.373574000000000000e+06 2.373783000000000000e+06
2.374531000000000000e+06 2.374672000000000000e+06
2.375122000000000000e+06 2.375640000000000000e+06
2.375990000000000000e+06 2.376278000000000000e+06
2.376937000000000000e+06 2.377602000000000000e+06
2.378412000000000000e+06 2.378820000000000000e+06
2.379430000000000000e+06 2.379692000000000000e+06
2.380434000000000000e+06 2.380889000000000000e+06
2.381596000000000000e+06 2.381768000000000000e+06
2.382087000000000000e+06 2.382349000000000000e+06
2.383013000000000000e+06 2.383285000000000000e+06
2.384626000000000000e+06 2.384848000000000000e+06
2.385461000000000000e+06 2.385634000000000000e+06
2.387010000000000000e+06 2.387386000000000000e+06
2.391294000000000000e+06 2.391624000000000000e+06
2.392052000000000000e+06 2.392298000000000000e+06
2.393182000000000000e+06 2.393522000000000000e+06
2.394082000000000000e+06 2.394574000000000000e+06
2.395170000000000000e+06 2.395698000000000000e+06
2.396101000000000000e+06 2.396337000000000000e+06
2.397325000000000000e+06 2.397634000000000000e+06
2.397833000000000000e+06 2.398188000000000000e+06
2.400090000000000000e+06 2.400388000000000000e+06
2.401408000000000000e+06 2.401712000000000000e+06
2.402324000000000000e+06 2.402800000000000000e+06
2.408044000000000000e+06 2.408389000000000000e+06
2.409493000000000000e+06 2.409765000000000000e+06
2.409953000000000000e+06 2.410382000000000000e+06
2.410952000000000000e+06 2.411151000000000000e+06
2.411303000000000000e+06 2.411486000000000000e+06
2.412196000000000000e+06 2.412434000000000000e+06
2.413766000000000000e+06 2.414070000000000000e+06
2.420347000000000000e+06 2.420541000000000000e+06
2.422277000000000000e+06 2.422837000000000000e+06
2.424579000000000000e+06 2.424820000000000000e+06
2.426918000000000000e+06 2.427086000000000000e+06
2.427843000000000000e+06 2.427993000000000000e+06
2.429404000000000000e+06 2.429587000000000000e+06
2.438331000000000000e+06 2.438603000000000000e+06
2.439168000000000000e+06 2.439644000000000000e+06
2.440361000000000000e+06 2.440780000000000000e+06
2.441169000000000000e+06 2.441535000000000000e+06
2.442282000000000000e+06 2.442432000000000000e+06
2.443115000000000000e+06 2.443382000000000000e+06
2.444250000000000000e+06 2.444465000000000000e+06
2.445114000000000000e+06 2.445323000000000000e+06
2.445527000000000000e+06 2.445705000000000000e+06
2.446317000000000000e+06 2.446646000000000000e+06
2.447848000000000000e+06 2.448054000000000000e+06
2.449492000000000000e+06 2.449759000000000000e+06
2.450754000000000000e+06 2.450993000000000000e+06
2.451796000000000000e+06 2.452398000000000000e+06
2.453163000000000000e+06 2.453366000000000000e+06
2.453624000000000000e+06 2.453949000000000000e+06
2.454582000000000000e+06 2.454697000000000000e+06
2.455926000000000000e+06 2.456130000000000000e+06
2.458744000000000000e+06 2.458874000000000000e+06
2.459609000000000000e+06 2.460017000000000000e+06
2.460932000000000000e+06 2.461392000000000000e+06
2.462172000000000000e+06 2.462533000000000000e+06
2.463291000000000000e+06 2.463558000000000000e+06
2.464526000000000000e+06 2.464824000000000000e+06
2.465917000000000000e+06 2.466242000000000000e+06
2.466425000000000000e+06 2.466765000000000000e+06
2.467236000000000000e+06 2.467351000000000000e+06
2.467816000000000000e+06 2.468229000000000000e+06
2.468517000000000000e+06 2.468752000000000000e+06
2.469862000000000000e+06 2.470196000000000000e+06
2.474818000000000000e+06 2.475242000000000000e+06
2.476204000000000000e+06 2.476513000000000000e+06
2.478788000000000000e+06 2.479024000000000000e+06
2.479411000000000000e+06 2.479819000000000000e+06
2.480080000000000000e+06 2.480337000000000000e+06
2.480682000000000000e+06 2.481043000000000000e+06
2.481665000000000000e+06 2.482026000000000000e+06
2.485685000000000000e+06 2.486371000000000000e+06
2.487365000000000000e+06 2.487579000000000000e+06
2.488311000000000000e+06 2.488594000000000000e+06
2.490456000000000000e+06 2.490634000000000000e+06
2.491727000000000000e+06 2.491952000000000000e+06
2.492922000000000000e+06 2.493048000000000000e+06
2.493341000000000000e+06 2.493576000000000000e+06
2.494272000000000000e+06 2.494612000000000000e+06
2.495350000000000000e+06 2.495580000000000000e+06
2.495820000000000000e+06 2.495965000000000000e+06
2.497054000000000000e+06 2.497320000000000000e+06
2.497664000000000000e+06 2.497952000000000000e+06
2.498496000000000000e+06 2.498716000000000000e+06
2.501290000000000000e+06 2.501692000000000000e+06
2.502467000000000000e+06 2.502796000000000000e+06
2.503576000000000000e+06 2.503715000000000000e+06
2.505172000000000000e+06 2.505287000000000000e+06
2.505749000000000000e+06 2.506002000000000000e+06
2.511781000000000000e+06 2.512008000000000000e+06
2.513332000000000000e+06 2.513537000000000000e+06
2.515204000000000000e+06 2.515382000000000000e+06
2.516198000000000000e+06 2.516304000000000000e+06
2.517726000000000000e+06 2.517854000000000000e+06
2.519679000000000000e+06 2.519852000000000000e+06
2.520937000000000000e+06 2.521115000000000000e+06
2.522109000000000000e+06 2.522298000000000000e+06
2.522598000000000000e+06 2.522859000000000000e+06
2.523404000000000000e+06 2.523620000000000000e+06
2.524565000000000000e+06 2.524759000000000000e+06
2.525559000000000000e+06 2.525893000000000000e+06
2.527459000000000000e+06 2.527815000000000000e+06
2.528765000000000000e+06 2.528976000000000000e+06
2.529632000000000000e+06 2.529948000000000000e+06
2.532019000000000000e+06 2.532469000000000000e+06
2.532626000000000000e+06 2.533018000000000000e+06
2.533604000000000000e+06 2.534120000000000000e+06
2.534718000000000000e+06 2.534954000000000000e+06
2.535440000000000000e+06 2.536194000000000000e+06
2.536815000000000000e+06 2.537037000000000000e+06
2.537836000000000000e+06 2.538114000000000000e+06
2.539223000000000000e+06 2.539409000000000000e+06
2.539854000000000000e+06 2.540032000000000000e+06
2.540551000000000000e+06 2.540737000000000000e+06
2.541087000000000000e+06 2.541248000000000000e+06
2.542248000000000000e+06 2.542543000000000000e+06
2.543318000000000000e+06 2.543569000000000000e+06
2.544465000000000000e+06 2.544615000000000000e+06
2.547053000000000000e+06 2.547320000000000000e+06
2.548199000000000000e+06 2.548539000000000000e+06
2.550673000000000000e+06 2.550998000000000000e+06
2.552049000000000000e+06 2.552509000000000000e+06
2.553017000000000000e+06 2.553461000000000000e+06
2.554209000000000000e+06 2.554366000000000000e+06
2.555224000000000000e+06 2.555622000000000000e+06
2.556315000000000000e+06 2.556687000000000000e+06
2.557320000000000000e+06 2.557648000000000000e+06
2.558786000000000000e+06 2.559036000000000000e+06
2.559931000000000000e+06 2.560024000000000000e+06
2.561341000000000000e+06 2.561804000000000000e+06
2.562569000000000000e+06 2.562930000000000000e+06
2.564755000000000000e+06 2.565121000000000000e+06
2.565257000000000000e+06 2.565393000000000000e+06
2.565681000000000000e+06 2.565807000000000000e+06
2.566209000000000000e+06 2.566340000000000000e+06
2.567088000000000000e+06 2.567397000000000000e+06
2.567670000000000000e+06 2.567932000000000000e+06
2.568932000000000000e+06 2.569154000000000000e+06
2.569774000000000000e+06 2.569984000000000000e+06
2.571333000000000000e+06 2.571464000000000000e+06
2.571872000000000000e+06 2.572128000000000000e+06
2.573117000000000000e+06 2.573248000000000000e+06
2.574017000000000000e+06 2.574184000000000000e+06
2.575020000000000000e+06 2.575232000000000000e+06
2.576465000000000000e+06 2.576726000000000000e+06
2.579169000000000000e+06 2.579436000000000000e+06
2.582804000000000000e+06 2.582959000000000000e+06
2.585834000000000000e+06 2.586043000000000000e+06
2.587665000000000000e+06 2.587882000000000000e+06
2.588674000000000000e+06 2.588794000000000000e+06
2.588976000000000000e+06 2.589237000000000000e+06
2.590095000000000000e+06 2.590241000000000000e+06
2.590565000000000000e+06 2.590738000000000000e+06
2.592336000000000000e+06 2.592447000000000000e+06
2.612444000000000000e+06 2.612559000000000000e+06
2.614542000000000000e+06 2.614683000000000000e+06
2.616467000000000000e+06 2.616775000000000000e+06
2.628660000000000000e+06 2.628822000000000000e+06
2.629854000000000000e+06 2.629982000000000000e+06
2.630949000000000000e+06 2.631069000000000000e+06
2.632790000000000000e+06 2.632957000000000000e+06
2.633551000000000000e+06 2.633676000000000000e+06
2.635765000000000000e+06 2.636020000000000000e+06
2.637161000000000000e+06 2.637429000000000000e+06
2.638115000000000000e+06 2.638659000000000000e+06
2.640736000000000000e+06 2.641066000000000000e+06
2.641526000000000000e+06 2.641782000000000000e+06
2.642603000000000000e+06 2.642865000000000000e+06
2.643529000000000000e+06 2.643765000000000000e+06
2.644298000000000000e+06 2.644691000000000000e+06
2.645376000000000000e+06 2.645480000000000000e+06
2.646223000000000000e+06 2.646396000000000000e+06
2.647092000000000000e+06 2.647390000000000000e+06
2.648755000000000000e+06 2.648896000000000000e+06
2.649620000000000000e+06 2.649837000000000000e+06
2.650754000000000000e+06 2.650976000000000000e+06
2.652208000000000000e+06 2.652590000000000000e+06
2.653165000000000000e+06 2.653630000000000000e+06
2.654300000000000000e+06 2.654614000000000000e+06
2.655284000000000000e+06 2.655461000000000000e+06
2.655838000000000000e+06 2.655969000000000000e+06
2.661995000000000000e+06 2.662126000000000000e+06
2.662999000000000000e+06 2.663182000000000000e+06
2.665170000000000000e+06 2.665620000000000000e+06
2.666415000000000000e+06 2.666739000000000000e+06
2.667582000000000000e+06 2.667890000000000000e+06
2.668868000000000000e+06 2.669067000000000000e+06
2.671808000000000000e+06 2.672096000000000000e+06
2.673632000000000000e+06 2.673865000000000000e+06
2.675130000000000000e+06 2.675407000000000000e+06
2.677059000000000000e+06 2.677193000000000000e+06
2.677365000000000000e+06 2.677565000000000000e+06
2.680454000000000000e+06 2.680776000000000000e+06
2.687117000000000000e+06 2.687258000000000000e+06
2.688294000000000000e+06 2.688634000000000000e+06
2.691022000000000000e+06 2.691168000000000000e+06
2.692476000000000000e+06 2.692759000000000000e+06
2.693792000000000000e+06 2.694038000000000000e+06
2.694692000000000000e+06 2.694875000000000000e+06
2.696208000000000000e+06 2.696339000000000000e+06
2.697610000000000000e+06 2.697741000000000000e+06
2.698732000000000000e+06 2.698909000000000000e+06
2.701398000000000000e+06 2.701612000000000000e+06
2.702282000000000000e+06 2.702460000000000000e+06
2.704583000000000000e+06 2.704824000000000000e+06
2.709605000000000000e+06 2.709987000000000000e+06
2.710494000000000000e+06 2.710892000000000000e+06
2.711384000000000000e+06 2.711661000000000000e+06
2.712430000000000000e+06 2.712801000000000000e+06
2.713492000000000000e+06 2.714109000000000000e+06
2.714676000000000000e+06 2.714770000000000000e+06
2.715001000000000000e+06 2.715226000000000000e+06
2.715958000000000000e+06 2.716120000000000000e+06
2.717214000000000000e+06 2.717439000000000000e+06
2.719111000000000000e+06 2.719218000000000000e+06
2.720276000000000000e+06 2.720487000000000000e+06
2.721786000000000000e+06 2.722047000000000000e+06
2.722954000000000000e+06 2.723070000000000000e+06
2.724590000000000000e+06 2.724835000000000000e+06
2.727707000000000000e+06 2.727859000000000000e+06
2.729487000000000000e+06 2.729665000000000000e+06
2.730642000000000000e+06 2.730977000000000000e+06
2.733415000000000000e+06 2.733537000000000000e+06
2.734732000000000000e+06 2.734976000000000000e+06
2.735804000000000000e+06 2.736020000000000000e+06
2.736737000000000000e+06 2.736876000000000000e+06
2.737637000000000000e+06 2.737926000000000000e+06
2.738493000000000000e+06 2.738698000000000000e+06
2.740934000000000000e+06 2.741040000000000000e+06
2.741148000000000000e+06 2.741370000000000000e+06
2.742249000000000000e+06 2.742403000000000000e+06
2.743070000000000000e+06 2.743270000000000000e+06
2.743654000000000000e+06 2.743722000000000000e+06
2.744297000000000000e+06 2.744538000000000000e+06
2.745234000000000000e+06 2.745380000000000000e+06
2.746039000000000000e+06 2.746311000000000000e+06
2.746840000000000000e+06 2.746986000000000000e+06
2.748038000000000000e+06 2.748126000000000000e+06
2.748592000000000000e+06 2.748702000000000000e+06
2.750893000000000000e+06 2.751037000000000000e+06
2.752769000000000000e+06 2.752978000000000000e+06
2.757359000000000000e+06 2.757443000000000000e+06
2.762041000000000000e+06 2.762198000000000000e+06
2.762959000000000000e+06 2.763104000000000000e+06
2.764087000000000000e+06 2.764259000000000000e+06
2.765910000000000000e+06 2.766039000000000000e+06
2.768165000000000000e+06 2.768298000000000000e+06
2.781376000000000000e+06 2.781559000000000000e+06
2.781380000000000000e+06 2.781563000000000000e+06
2.782317000000000000e+06 2.782395000000000000e+06
2.784273000000000000e+06 2.784341000000000000e+06
2.784733000000000000e+06 2.784869000000000000e+06
2.786509000000000000e+06 2.786630000000000000e+06
2.788382000000000000e+06 2.788626000000000000e+06
2.796459000000000000e+06 2.796746000000000000e+06
2.799488000000000000e+06 2.799634000000000000e+06
2.802396000000000000e+06 2.802548000000000000e+06
2.808965000000000000e+06 2.809098000000000000e+06
2.812537000000000000e+06 2.812648000000000000e+06
2.813087000000000000e+06 2.813204000000000000e+06
2.816106000000000000e+06 2.816389000000000000e+06
2.817116000000000000e+06 2.817331000000000000e+06
2.819854000000000000e+06 2.819987000000000000e+06
2.822970000000000000e+06 2.823027000000000000e+06
2.823205000000000000e+06 2.823299000000000000e+06
2.831026000000000000e+06 2.831154000000000000e+06
2.831687000000000000e+06 2.831787000000000000e+06
2.842443000000000000e+06 2.842598000000000000e+06
2.845754000000000000e+06 2.845932000000000000e+06
2.859386000000000000e+06 2.859438000000000000e+06
2.859527000000000000e+06 2.859595000000000000e+06
2.861704000000000000e+06 2.861843000000000000e+06
2.871270000000000000e+06 2.871527000000000000e+06
2.872237000000000000e+06 2.872463000000000000e+06
2.882226000000000000e+06 2.882376000000000000e+06
2.889110000000000000e+06 2.889221000000000000e+06
2.893154000000000000e+06 2.893365000000000000e+06
2.894054000000000000e+06 2.894354000000000000e+06
2.895354000000000000e+06 2.895689000000000000e+06
2.898315000000000000e+06 2.898378000000000000e+06
2.918096000000000000e+06 2.918237000000000000e+06
2.941882000000000000e+06 2.941955000000000000e+06
2.945809000000000000e+06 2.945898000000000000e+06
3.000554000000000000e+06 3.000704000000000000e+06
3.002826000000000000e+06 3.002963000000000000e+06
3.003389000000000000e+06 3.003527000000000000e+06
3.004042000000000000e+06 3.004135000000000000e+06
3.034787000000000000e+06 3.034932000000000000e+06
3.042015000000000000e+06 3.042176000000000000e+06
3.050433000000000000e+06 3.050569000000000000e+06
3.054231000000000000e+06 3.054367000000000000e+06
3.055165000000000000e+06 3.055265000000000000e+06
3.057593000000000000e+06 3.057832000000000000e+06
3.061237000000000000e+06 3.061359000000000000e+06
3.064714000000000000e+06 3.064923000000000000e+06
3.066168000000000000e+06 3.066268000000000000e+06
3.068114000000000000e+06 3.068397000000000000e+06
3.069687000000000000e+06 3.069920000000000000e+06
3.070454000000000000e+06 3.070770000000000000e+06
3.071309000000000000e+06 3.071609000000000000e+06
3.072498000000000000e+06 3.072926000000000000e+06
3.073682000000000000e+06 3.074098000000000000e+06
3.074898000000000000e+06 3.075202000000000000e+06
3.076043000000000000e+06 3.076298000000000000e+06
3.078370000000000000e+06 3.078820000000000000e+06
3.081864000000000000e+06 3.082131000000000000e+06
3.085039000000000000e+06 3.085222000000000000e+06
3.088021000000000000e+06 3.088215000000000000e+06
3.091226000000000000e+06 3.091420000000000000e+06
3.317620000000000000e+06 3.317837000000000000e+06
3.322599000000000000e+06 3.322693000000000000e+06
3.323886000000000000e+06 3.324126000000000000e+06
3.326106000000000000e+06 3.326331000000000000e+06
3.327027000000000000e+06 3.327435000000000000e+06
3.330163000000000000e+06 3.330467000000000000e+06
3.331848000000000000e+06 3.332010000000000000e+06
3.332533000000000000e+06 3.332810000000000000e+06
3.334739000000000000e+06 3.335037000000000000e+06
3.335970000000000000e+06 3.336467000000000000e+06
3.338715000000000000e+06 3.338893000000000000e+06
3.339658000000000000e+06 3.339909000000000000e+06
3.340259000000000000e+06 3.340547000000000000e+06
3.341259000000000000e+06 3.341420000000000000e+06
3.343308000000000000e+06 3.343552000000000000e+06
3.344093000000000000e+06 3.344460000000000000e+06
3.345297000000000000e+06 3.345480000000000000e+06
3.345652000000000000e+06 3.345835000000000000e+06
3.346390000000000000e+06 3.346698000000000000e+06
3.347431000000000000e+06 3.347818000000000000e+06
3.350548000000000000e+06 3.350798000000000000e+06
3.353370000000000000e+06 3.353570000000000000e+06
3.357494000000000000e+06 3.357726000000000000e+06
3.359650000000000000e+06 3.359922000000000000e+06
3.361304000000000000e+06 3.361638000000000000e+06
3.362373000000000000e+06 3.362917000000000000e+06
3.363467000000000000e+06 3.363812000000000000e+06
3.364419000000000000e+06 3.364973000000000000e+06
3.365465000000000000e+06 3.365742000000000000e+06
3.366846000000000000e+06 3.367071000000000000e+06
3.371256000000000000e+06 3.371575000000000000e+06
3.372652000000000000e+06 3.373034000000000000e+06
3.374734000000000000e+06 3.375027000000000000e+06
3.375341000000000000e+06 3.375519000000000000e+06
3.377412000000000000e+06 3.377669000000000000e+06
3.380509000000000000e+06 3.381100000000000000e+06
3.381728000000000000e+06 3.381875000000000000e+06
3.382560000000000000e+06 3.382780000000000000e+06
3.390260000000000000e+06 3.390689000000000000e+06
3.391976000000000000e+06 3.392159000000000000e+06
3.393508000000000000e+06 3.393807000000000000e+06
3.395499000000000000e+06 3.395938000000000000e+06
3.401324000000000000e+06 3.401653000000000000e+06
3.403526000000000000e+06 3.403630000000000000e+06
3.403981000000000000e+06 3.404248000000000000e+06
3.404661000000000000e+06 3.404902000000000000e+06
3.405577000000000000e+06 3.405954000000000000e+06
3.406392000000000000e+06 3.406800000000000000e+06
3.407491000000000000e+06 3.407664000000000000e+06
3.408584000000000000e+06 3.408882000000000000e+06
3.410603000000000000e+06 3.410881000000000000e+06
3.415646000000000000e+06 3.416028000000000000e+06
3.417168000000000000e+06 3.417268000000000000e+06
3.418696000000000000e+06 3.418879000000000000e+06
3.421484000000000000e+06 3.421662000000000000e+06
3.422493000000000000e+06 3.422920000000000000e+06
3.428138000000000000e+06 3.428337000000000000e+06
3.429210000000000000e+06 3.429456000000000000e+06
3.431734000000000000e+06 3.432247000000000000e+06
3.433126000000000000e+06 3.433437000000000000e+06
3.434344000000000000e+06 3.434747000000000000e+06
3.436866000000000000e+06 3.437593000000000000e+06
3.442165000000000000e+06 3.442657000000000000e+06
3.443682000000000000e+06 3.444080000000000000e+06
3.444953000000000000e+06 3.445173000000000000e+06
3.446130000000000000e+06 3.446575000000000000e+06
3.446854000000000000e+06 3.447058000000000000e+06
3.447454000000000000e+06 3.447654000000000000e+06
3.448434000000000000e+06 3.448680000000000000e+06
3.449371000000000000e+06 3.449637000000000000e+06
3.453315000000000000e+06 3.454157000000000000e+06
3.454853000000000000e+06 3.455360000000000000e+06
3.456732000000000000e+06 3.456970000000000000e+06
3.459069000000000000e+06 3.459362000000000000e+06
3.459718000000000000e+06 3.460408000000000000e+06
3.460884000000000000e+06 3.461392000000000000e+06
3.462048000000000000e+06 3.462393000000000000e+06
3.463698000000000000e+06 3.464082000000000000e+06
3.466209000000000000e+06 3.466455000000000000e+06
3.467057000000000000e+06 3.467418000000000000e+06
3.467745000000000000e+06 3.468341000000000000e+06
3.469293000000000000e+06 3.469623000000000000e+06
3.470876000000000000e+06 3.471210000000000000e+06
3.471854000000000000e+06 3.472076000000000000e+06
3.472726000000000000e+06 3.473009000000000000e+06
3.474140000000000000e+06 3.474569000000000000e+06
3.475181000000000000e+06 3.475960000000000000e+06
3.482556000000000000e+06 3.482970000000000000e+06
3.484037000000000000e+06 3.484230000000000000e+06
3.484304000000000000e+06 3.484497000000000000e+06
3.485266000000000000e+06 3.485480000000000000e+06
3.486108000000000000e+06 3.486595000000000000e+06
3.487170000000000000e+06 3.487630000000000000e+06
3.488180000000000000e+06 3.488567000000000000e+06
3.488954000000000000e+06 3.489137000000000000e+06
3.490199000000000000e+06 3.490413000000000000e+06
3.491170000000000000e+06 3.491415000000000000e+06
3.493086000000000000e+06 3.493374000000000000e+06
3.493976000000000000e+06 3.494143000000000000e+06
3.494797000000000000e+06 3.494959000000000000e+06
3.496047000000000000e+06 3.496298000000000000e+06
3.496827000000000000e+06 3.497172000000000000e+06
3.498584000000000000e+06 3.498726000000000000e+06
3.499625000000000000e+06 3.500096000000000000e+06
3.500698000000000000e+06 3.500954000000000000e+06
3.501948000000000000e+06 3.502319000000000000e+06
3.503292000000000000e+06 3.503643000000000000e+06
3.504668000000000000e+06 3.504914000000000000e+06
3.505479000000000000e+06 3.505782000000000000e+06
3.506938000000000000e+06 3.507174000000000000e+06
3.511756000000000000e+06 3.511897000000000000e+06
3.513221000000000000e+06 3.513540000000000000e+06
3.514612000000000000e+06 3.514874000000000000e+06
3.515240000000000000e+06 3.515522000000000000e+06
3.516344000000000000e+06 3.516600000000000000e+06
3.517107000000000000e+06 3.517646000000000000e+06
3.517960000000000000e+06 3.518201000000000000e+06
3.518650000000000000e+06 3.519236000000000000e+06
3.519901000000000000e+06 3.520450000000000000e+06
3.522668000000000000e+06 3.522814000000000000e+06
3.523175000000000000e+06 3.523400000000000000e+06
3.523803000000000000e+06 3.524012000000000000e+06
3.525352000000000000e+06 3.525556000000000000e+06
3.540570000000000000e+06 3.540876000000000000e+06
3.543472000000000000e+06 3.543728000000000000e+06
3.544215000000000000e+06 3.544753000000000000e+06
3.545433000000000000e+06 3.545815000000000000e+06
3.547437000000000000e+06 3.547615000000000000e+06
3.549080000000000000e+06 3.549671000000000000e+06
3.551559000000000000e+06 3.551627000000000000e+06
3.552229000000000000e+06 3.552516000000000000e+06
3.556054000000000000e+06 3.556204000000000000e+06
3.558312000000000000e+06 3.558422000000000000e+06
3.559583000000000000e+06 3.560002000000000000e+06
3.591198000000000000e+06 3.591368000000000000e+06
3.592665000000000000e+06 3.593037000000000000e+06
3.593674000000000000e+06 3.594000000000000000e+06
3.594576000000000000e+06 3.594859000000000000e+06
3.595704000000000000e+06 3.595866000000000000e+06
3.596559000000000000e+06 3.596957000000000000e+06
3.597504000000000000e+06 3.597832000000000000e+06
3.598437000000000000e+06 3.598659000000000000e+06
3.599037000000000000e+06 3.599165000000000000e+06
3.599532000000000000e+06 3.599743000000000000e+06
3.600658000000000000e+06 3.600867000000000000e+06
3.601829000000000000e+06 3.602075000000000000e+06
3.606422000000000000e+06 3.606720000000000000e+06
3.606982000000000000e+06 3.607317000000000000e+06
3.615872000000000000e+06 3.616008000000000000e+06
3.617933000000000000e+06 3.618032000000000000e+06
3.618609000000000000e+06 3.618748000000000000e+06
3.621176000000000000e+06 3.621318000000000000e+06
3.622196000000000000e+06 3.622358000000000000e+06
3.622944000000000000e+06 3.623258000000000000e+06
3.623650000000000000e+06 3.623797000000000000e+06
3.625126000000000000e+06 3.625502000000000000e+06
3.626010000000000000e+06 3.626585000000000000e+06
3.627061000000000000e+06 3.627328000000000000e+06
3.628463000000000000e+06 3.628630000000000000e+06
3.629661000000000000e+06 3.629922000000000000e+06
3.630535000000000000e+06 3.630775000000000000e+06
3.631455000000000000e+06 3.631555000000000000e+06
3.632488000000000000e+06 3.633027000000000000e+06
3.634513000000000000e+06 3.634617000000000000e+06
3.634984000000000000e+06 3.635428000000000000e+06
3.636396000000000000e+06 3.636584000000000000e+06
3.638881000000000000e+06 3.639210000000000000e+06
3.639446000000000000e+06 3.639911000000000000e+06
3.640136000000000000e+06 3.640539000000000000e+06
3.641765000000000000e+06 3.641993000000000000e+06
3.643120000000000000e+06 3.643315000000000000e+06
3.643879000000000000e+06 3.644308000000000000e+06
3.644748000000000000e+06 3.644926000000000000e+06
3.645017000000000000e+06 3.645100000000000000e+06
3.645545000000000000e+06 3.645692000000000000e+06
3.646532000000000000e+06 3.646909000000000000e+06
3.647732000000000000e+06 3.647998000000000000e+06
3.649345000000000000e+06 3.649649000000000000e+06
3.651213000000000000e+06 3.651438000000000000e+06
3.652222000000000000e+06 3.652505000000000000e+06
3.653237000000000000e+06 3.653645000000000000e+06
3.654231000000000000e+06 3.654692000000000000e+06
3.656454000000000000e+06 3.656758000000000000e+06
3.657720000000000000e+06 3.658270000000000000e+06
3.659211000000000000e+06 3.659431000000000000e+06
3.661623000000000000e+06 3.662020000000000000e+06
3.663030000000000000e+06 3.663443000000000000e+06
3.664578000000000000e+06 3.664819000000000000e+06
3.665405000000000000e+06 3.665776000000000000e+06
3.666456000000000000e+06 3.667037000000000000e+06
3.667547000000000000e+06 3.668023000000000000e+06
3.668713000000000000e+06 3.669336000000000000e+06
3.670648000000000000e+06 3.670820000000000000e+06
3.673923000000000000e+06 3.674248000000000000e+06
3.675299000000000000e+06 3.675540000000000000e+06
3.676586000000000000e+06 3.676790000000000000e+06
3.678487000000000000e+06 3.678676000000000000e+06
3.680985000000000000e+06 3.681221000000000000e+06
3.682649000000000000e+06 3.682743000000000000e+06
3.683528000000000000e+06 3.683664000000000000e+06
3.684754000000000000e+06 3.685209000000000000e+06
3.685939000000000000e+06 3.686049000000000000e+06
3.691683000000000000e+06 3.691923000000000000e+06
3.692985000000000000e+06 3.693294000000000000e+06
3.694670000000000000e+06 3.694957000000000000e+06
3.695167000000000000e+06 3.695256000000000000e+06
3.696108000000000000e+06 3.696234000000000000e+06
3.697332000000000000e+06 3.697599000000000000e+06
3.698593000000000000e+06 3.698860000000000000e+06
3.699210000000000000e+06 3.699754000000000000e+06
3.699964000000000000e+06 3.700267000000000000e+06
3.700612000000000000e+06 3.701004000000000000e+06
3.701156000000000000e+06 3.701235000000000000e+06
3.701637000000000000e+06 3.701832000000000000e+06
3.702571000000000000e+06 3.702854000000000000e+06
3.703450000000000000e+06 3.704025000000000000e+06
3.704266000000000000e+06 3.704392000000000000e+06
3.705694000000000000e+06 3.705893000000000000e+06
3.709182000000000000e+06 3.709532000000000000e+06
3.718740000000000000e+06 3.718997000000000000e+06
3.724815000000000000e+06 3.725020000000000000e+06
3.726826000000000000e+06 3.726965000000000000e+06
3.728537000000000000e+06 3.728687000000000000e+06
3.729013000000000000e+06 3.729193000000000000e+06
3.729632000000000000e+06 3.729809000000000000e+06
3.730515000000000000e+06 3.730615000000000000e+06
3.731351000000000000e+06 3.731631000000000000e+06
3.731837000000000000e+06 3.731959000000000000e+06
3.732432000000000000e+06 3.732776000000000000e+06
3.733593000000000000e+06 3.733915000000000000e+06
3.736221000000000000e+06 3.736388000000000000e+06
3.743190000000000000e+06 3.743504000000000000e+06
3.745204000000000000e+06 3.745366000000000000e+06
3.745670000000000000e+06 3.745800000000000000e+06
3.746387000000000000e+06 3.746509000000000000e+06
3.747145000000000000e+06 3.747286000000000000e+06
3.749378000000000000e+06 3.749499000000000000e+06
3.750597000000000000e+06 3.750707000000000000e+06
3.751230000000000000e+06 3.751638000000000000e+06
3.752010000000000000e+06 3.752381000000000000e+06
3.752596000000000000e+06 3.752967000000000000e+06
3.755446000000000000e+06 3.755682000000000000e+06
3.756561000000000000e+06 3.756927000000000000e+06
3.757664000000000000e+06 3.757842000000000000e+06
3.759993000000000000e+06 3.760304000000000000e+06
3.761698000000000000e+06 3.761949000000000000e+06
3.770548000000000000e+06 3.770920000000000000e+06
3.771661000000000000e+06 3.772008000000000000e+06
3.772670000000000000e+06 3.772843000000000000e+06
3.773598000000000000e+06 3.773975000000000000e+06
3.774676000000000000e+06 3.774995000000000000e+06
3.780231000000000000e+06 3.780566000000000000e+06
3.782088000000000000e+06 3.782193000000000000e+06
3.782718000000000000e+06 3.783090000000000000e+06
3.784170000000000000e+06 3.784462000000000000e+06
3.784628000000000000e+06 3.784717000000000000e+06
3.785100000000000000e+06 3.785253000000000000e+06
3.787552000000000000e+06 3.787824000000000000e+06
3.788854000000000000e+06 3.788970000000000000e+06
3.789360000000000000e+06 3.789573000000000000e+06
3.790898000000000000e+06 3.790998000000000000e+06
3.791224000000000000e+06 3.791444000000000000e+06
3.792291000000000000e+06 3.792647000000000000e+06
3.794975000000000000e+06 3.795362000000000000e+06
3.795990000000000000e+06 3.796340000000000000e+06
3.798286000000000000e+06 3.798474000000000000e+06
3.799055000000000000e+06 3.799217000000000000e+06
3.799986000000000000e+06 3.800133000000000000e+06
3.800713000000000000e+06 3.800964000000000000e+06
3.801843000000000000e+06 3.802455000000000000e+06
3.803537000000000000e+06 3.803793000000000000e+06
3.803917000000000000e+06 3.804341000000000000e+06
3.806164000000000000e+06 3.806413000000000000e+06
3.806804000000000000e+06 3.807076000000000000e+06
3.808570000000000000e+06 3.808717000000000000e+06
3.810037000000000000e+06 3.810293000000000000e+06
3.812436000000000000e+06 3.812682000000000000e+06
3.813801000000000000e+06 3.814209000000000000e+06
3.815371000000000000e+06 3.815632000000000000e+06
3.817772000000000000e+06 3.818023000000000000e+06
3.818734000000000000e+06 3.819064000000000000e+06
3.819603000000000000e+06 3.819770000000000000e+06
3.820497000000000000e+06 3.820654000000000000e+06
3.822145000000000000e+06 3.822396000000000000e+06
3.822935000000000000e+06 3.823249000000000000e+06
3.823531000000000000e+06 3.823834000000000000e+06
3.825472000000000000e+06 3.825639000000000000e+06
3.828516000000000000e+06 3.828888000000000000e+06
3.830133000000000000e+06 3.830541000000000000e+06
3.831074000000000000e+06 3.831263000000000000e+06
3.831477000000000000e+06 3.831885000000000000e+06
3.832785000000000000e+06 3.832999000000000000e+06
3.834070000000000000e+06 3.834226000000000000e+06
3.836343000000000000e+06 3.836593000000000000e+06
3.837707000000000000e+06 3.838277000000000000e+06
3.841840000000000000e+06 3.842290000000000000e+06
3.842837000000000000e+06 3.843032000000000000e+06
3.845240000000000000e+06 3.845402000000000000e+06
3.852699000000000000e+06 3.853008000000000000e+06
3.853932000000000000e+06 3.854198000000000000e+06
3.854687000000000000e+06 3.854954000000000000e+06
3.856165000000000000e+06 3.856476000000000000e+06
3.857482000000000000e+06 3.857698000000000000e+06
3.859008000000000000e+06 3.859243000000000000e+06
3.860018000000000000e+06 3.860331000000000000e+06
3.860771000000000000e+06 3.861012000000000000e+06
3.862315000000000000e+06 3.862548000000000000e+06
3.864904000000000000e+06 3.865243000000000000e+06
3.867325000000000000e+06 3.867414000000000000e+06
3.868795000000000000e+06 3.869083000000000000e+06
3.870553000000000000e+06 3.870914000000000000e+06
3.871390000000000000e+06 3.871882000000000000e+06
3.872321000000000000e+06 3.872546000000000000e+06
3.873465000000000000e+06 3.873602000000000000e+06
3.873890000000000000e+06 3.874047000000000000e+06
3.876626000000000000e+06 3.876678000000000000e+06
3.878782000000000000e+06 3.879054000000000000e+06
3.880715000000000000e+06 3.880976000000000000e+06
3.881848000000000000e+06 3.882182000000000000e+06
3.883393000000000000e+06 3.883565000000000000e+06
3.884465000000000000e+06 3.884676000000000000e+06
3.885676000000000000e+06 3.885859000000000000e+06
3.886652000000000000e+06 3.886786000000000000e+06
3.887569000000000000e+06 3.887700000000000000e+06
3.888119000000000000e+06 3.888302000000000000e+06
3.888582000000000000e+06 3.888737000000000000e+06
3.889618000000000000e+06 3.889721000000000000e+06
3.890065000000000000e+06 3.890309000000000000e+06
3.890786000000000000e+06 3.890996000000000000e+06
3.893659000000000000e+06 3.893809000000000000e+06
3.897070000000000000e+06 3.897232000000000000e+06
3.897554000000000000e+06 3.897698000000000000e+06
3.898626000000000000e+06 3.898809000000000000e+06
3.900548000000000000e+06 3.901003000000000000e+06
3.901662000000000000e+06 3.901913000000000000e+06
3.902818000000000000e+06 3.903048000000000000e+06
3.904361000000000000e+06 3.904675000000000000e+06
3.905386000000000000e+06 3.905826000000000000e+06
3.906637000000000000e+06 3.906851000000000000e+06
3.908037000000000000e+06 3.908148000000000000e+06
3.908620000000000000e+06 3.908698000000000000e+06
3.909340000000000000e+06 3.909443000000000000e+06
3.909796000000000000e+06 3.909984000000000000e+06
3.910889000000000000e+06 3.911036000000000000e+06
3.913191000000000000e+06 3.913301000000000000e+06
3.914352000000000000e+06 3.914535000000000000e+06
3.915782000000000000e+06 3.915920000000000000e+06
3.916246000000000000e+06 3.916392000000000000e+06
3.916664000000000000e+06 3.917208000000000000e+06
3.918469000000000000e+06 3.918673000000000000e+06
3.919332000000000000e+06 3.919515000000000000e+06
3.919923000000000000e+06 3.920342000000000000e+06
3.920876000000000000e+06 3.921263000000000000e+06
3.921927000000000000e+06 3.922225000000000000e+06
3.923036000000000000e+06 3.923376000000000000e+06
3.923650000000000000e+06 3.923970000000000000e+06
3.924587000000000000e+06 3.924854000000000000e+06
3.925649000000000000e+06 3.926031000000000000e+06
3.928395000000000000e+06 3.928547000000000000e+06
3.931587000000000000e+06 3.931765000000000000e+06
3.933129000000000000e+06 3.933490000000000000e+06
3.933980000000000000e+06 3.934077000000000000e+06
3.935446000000000000e+06 3.935808000000000000e+06
3.937382000000000000e+06 3.937722000000000000e+06
3.938026000000000000e+06 3.938315000000000000e+06
3.939930000000000000e+06 3.940118000000000000e+06
3.941382000000000000e+06 3.941515000000000000e+06
3.941879000000000000e+06 3.942088000000000000e+06
3.942979000000000000e+06 3.943403000000000000e+06
3.943701000000000000e+06 3.943989000000000000e+06
3.944182000000000000e+06 3.944402000000000000e+06
3.945077000000000000e+06 3.945406000000000000e+06
3.945773000000000000e+06 3.946191000000000000e+06
3.952628000000000000e+06 3.952821000000000000e+06
3.953829000000000000e+06 3.954094000000000000e+06
3.954859000000000000e+06 3.955005000000000000e+06
3.956501000000000000e+06 3.956852000000000000e+06
3.965650000000000000e+06 3.965760000000000000e+06
3.968823000000000000e+06 3.969038000000000000e+06
3.972495000000000000e+06 3.972783000000000000e+06
3.973415000000000000e+06 3.973520000000000000e+06
3.974154000000000000e+06 3.974410000000000000e+06
3.974964000000000000e+06 3.975153000000000000e+06
3.976304000000000000e+06 3.976604000000000000e+06
3.980587000000000000e+06 3.980743000000000000e+06
3.983381000000000000e+06 3.983690000000000000e+06
3.986215000000000000e+06 3.986376000000000000e+06
3.991202000000000000e+06 3.991526000000000000e+06
3.992300000000000000e+06 3.992436000000000000e+06
3.996202000000000000e+06 3.996448000000000000e+06
3.998509000000000000e+06 3.998648000000000000e+06
3.999459000000000000e+06 3.999732000000000000e+06
4.000737000000000000e+06 4.000948000000000000e+06
4.005704000000000000e+06 4.005866000000000000e+06
4.007248000000000000e+06 4.007443000000000000e+06
4.008082000000000000e+06 4.008281000000000000e+06
4.009646000000000000e+06 4.009777000000000000e+06
4.010368000000000000e+06 4.010776000000000000e+06
4.015476000000000000e+06 4.015586000000000000e+06
4.016070000000000000e+06 4.016182000000000000e+06
4.016709000000000000e+06 4.016898000000000000e+06
4.021596000000000000e+06 4.021725000000000000e+06
4.022917000000000000e+06 4.023074000000000000e+06
4.026270000000000000e+06 4.026637000000000000e+06
4.030173000000000000e+06 4.030356000000000000e+06
4.034190000000000000e+06 4.034478000000000000e+06
4.035425000000000000e+06 4.035582000000000000e+06
4.036534000000000000e+06 4.036827000000000000e+06
4.041516000000000000e+06 4.041595000000000000e+06
4.042285000000000000e+06 4.042709000000000000e+06
4.044332000000000000e+06 4.044609000000000000e+06
4.045332000000000000e+06 4.045454000000000000e+06
4.056210000000000000e+06 4.056404000000000000e+06
4.060809000000000000e+06 4.060932000000000000e+06
4.065926000000000000e+06 4.066070000000000000e+06
4.066693000000000000e+06 4.066943000000000000e+06
4.067530000000000000e+06 4.067661000000000000e+06
4.068059000000000000e+06 4.068226000000000000e+06
4.069798000000000000e+06 4.070132000000000000e+06
4.071272000000000000e+06 4.071457000000000000e+06
4.072504000000000000e+06 4.072682000000000000e+06
4.073420000000000000e+06 4.073582000000000000e+06
4.073793000000000000e+06 4.073893000000000000e+06
4.076604000000000000e+06 4.076715000000000000e+06
4.077015000000000000e+06 4.077132000000000000e+06
4.086046000000000000e+06 4.086114000000000000e+06
4.087866000000000000e+06 4.088232000000000000e+06
4.092072000000000000e+06 4.092218000000000000e+06
4.092684000000000000e+06 4.092877000000000000e+06
4.093709000000000000e+06 4.093808000000000000e+06
4.096304000000000000e+06 4.096440000000000000e+06
4.099814000000000000e+06 4.099970000000000000e+06
4.101461000000000000e+06 4.101634000000000000e+06
4.107184000000000000e+06 4.107383000000000000e+06
4.110119000000000000e+06 4.110260000000000000e+06
4.110825000000000000e+06 4.110935000000000000e+06
4.112405000000000000e+06 4.112572000000000000e+06
4.113608000000000000e+06 4.113801000000000000e+06
4.114528000000000000e+06 4.114780000000000000e+06
4.117743000000000000e+06 4.118043000000000000e+06
4.118887000000000000e+06 4.119126000000000000e+06
4.119953000000000000e+06 4.120100000000000000e+06
4.121975000000000000e+06 4.122273000000000000e+06
4.122984000000000000e+06 4.123403000000000000e+06
4.127745000000000000e+06 4.127834000000000000e+06
4.131579000000000000e+06 4.131678000000000000e+06
4.132970000000000000e+06 4.133195000000000000e+06
4.136598000000000000e+06 4.137069000000000000e+06
4.138426000000000000e+06 4.138609000000000000e+06
4.138937000000000000e+06 4.139037000000000000e+06
4.143859000000000000e+06 4.144042000000000000e+06
4.151099000000000000e+06 4.151240000000000000e+06
4.155488000000000000e+06 4.155582000000000000e+06
4.159458000000000000e+06 4.159766000000000000e+06
4.168936000000000000e+06 4.169093000000000000e+06
4.169512000000000000e+06 4.169664000000000000e+06
4.170746000000000000e+06 4.170935000000000000e+06
4.175072000000000000e+06 4.175156000000000000e+06
4.177060000000000000e+06 4.177207000000000000e+06
4.180675000000000000e+06 4.180764000000000000e+06
4.181554000000000000e+06 4.181800000000000000e+06
4.190804000000000000e+06 4.190882000000000000e+06
4.191730000000000000e+06 4.191888000000000000e+06
4.192790000000000000e+06 4.192925000000000000e+06
4.200621000000000000e+06 4.200888000000000000e+06
4.208679000000000000e+06 4.208790000000000000e+06
4.209304000000000000e+06 4.209990000000000000e+06
4.216414000000000000e+06 4.216525000000000000e+06
4.220588000000000000e+06 4.220808000000000000e+06
4.233798000000000000e+06 4.234015000000000000e+06
4.242238000000000000e+06 4.242323000000000000e+06
4.244101000000000000e+06 4.244211000000000000e+06
4.245304000000000000e+06 4.245443000000000000e+06
4.251504000000000000e+06 4.251687000000000000e+06
4.252015000000000000e+06 4.252198000000000000e+06
4.795281000000000000e+06 4.795397000000000000e+06
4.810559000000000000e+06 4.810804000000000000e+06
4.819207000000000000e+06 4.819395000000000000e+06
4.819865000000000000e+06 4.819959000000000000e+06
4.820075000000000000e+06 4.820436000000000000e+06
4.821248000000000000e+06 4.821576000000000000e+06
4.822361000000000000e+06 4.822884000000000000e+06
4.825557000000000000e+06 4.826059000000000000e+06
4.826467000000000000e+06 4.826635000000000000e+06
4.831703000000000000e+06 4.831809000000000000e+06
4.832726000000000000e+06 4.832993000000000000e+06
4.833359000000000000e+06 4.833648000000000000e+06
4.840054000000000000e+06 4.840248000000000000e+06
4.841072000000000000e+06 4.841235000000000000e+06
4.844846000000000000e+06 4.845156000000000000e+06
4.848109000000000000e+06 4.848443000000000000e+06
4.848576000000000000e+06 4.848682000000000000e+06
4.849265000000000000e+06 4.849443000000000000e+06
4.850937000000000000e+06 4.851276000000000000e+06
4.851515000000000000e+06 4.851665000000000000e+06
4.855587000000000000e+06 4.855748000000000000e+06
4.855840000000000000e+06 4.856002000000000000e+06
4.856048000000000000e+06 4.856226000000000000e+06
4.856487000000000000e+06 4.856698000000000000e+06
4.857270000000000000e+06 4.857476000000000000e+06
4.878098000000000000e+06 4.878318000000000000e+06
4.879782000000000000e+06 4.879965000000000000e+06
4.881592000000000000e+06 4.881775000000000000e+06
4.882183000000000000e+06 4.882502000000000000e+06
4.883287000000000000e+06 4.883528000000000000e+06
4.884459000000000000e+06 4.884930000000000000e+06
4.885479000000000000e+06 4.885714000000000000e+06
4.887367000000000000e+06 4.887451000000000000e+06
4.887848000000000000e+06 4.887937000000000000e+06
4.889729000000000000e+06 4.889912000000000000e+06
4.896015000000000000e+06 4.896426000000000000e+06
4.898350000000000000e+06 4.898758000000000000e+06
4.899054000000000000e+06 4.899220000000000000e+06
4.900751000000000000e+06 4.901253000000000000e+06
4.901886000000000000e+06 4.902142000000000000e+06
4.904365000000000000e+06 4.904493000000000000e+06
4.905187000000000000e+06 4.905281000000000000e+06
4.906045000000000000e+06 4.906228000000000000e+06
4.907854000000000000e+06 4.908080000000000000e+06
4.908629000000000000e+06 4.908723000000000000e+06
4.909408000000000000e+06 4.909895000000000000e+06
4.916287000000000000e+06 4.916538000000000000e+06
4.917563000000000000e+06 4.917783000000000000e+06
4.918683000000000000e+06 4.918861000000000000e+06
4.919258000000000000e+06 4.919342000000000000e+06
4.920069000000000000e+06 4.920357000000000000e+06
4.921246000000000000e+06 4.921340000000000000e+06
4.922318000000000000e+06 4.922543000000000000e+06
4.922904000000000000e+06 4.923137000000000000e+06
4.924659000000000000e+06 4.925198000000000000e+06
4.927479000000000000e+06 4.927698000000000000e+06
4.930173000000000000e+06 4.930481000000000000e+06
4.931676000000000000e+06 4.932193000000000000e+06
4.932890000000000000e+06 4.933230000000000000e+06
4.933780000000000000e+06 4.934182000000000000e+06
4.935472000000000000e+06 4.935875000000000000e+06
4.938323000000000000e+06 4.938579000000000000e+06
4.939285000000000000e+06 4.939908000000000000e+06
4.940637000000000000e+06 4.940832000000000000e+06
4.942220000000000000e+06 4.942487000000000000e+06
4.943043000000000000e+06 4.943237000000000000e+06
4.945290000000000000e+06 4.945489000000000000e+06
4.946912000000000000e+06 4.947074000000000000e+06
4.949020000000000000e+06 4.949220000000000000e+06
4.951304000000000000e+06 4.951482000000000000e+06
4.952815000000000000e+06 4.953070000000000000e+06
4.953776000000000000e+06 4.954154000000000000e+06
4.954726000000000000e+06 4.954915000000000000e+06
4.966620000000000000e+06 4.966870000000000000e+06
4.968365000000000000e+06 4.968659000000000000e+06
4.981390000000000000e+06 4.981688000000000000e+06
4.986137000000000000e+06 4.986276000000000000e+06
4.988334000000000000e+06 4.988491000000000000e+06
4.988632000000000000e+06 4.988794000000000000e+06
4.990630000000000000e+06 4.991086000000000000e+06
4.991614000000000000e+06 4.991797000000000000e+06
4.991917000000000000e+06 4.992205000000000000e+06
5.002280000000000000e+06 5.002730000000000000e+06
5.004289000000000000e+06 5.004446000000000000e+06
5.005508000000000000e+06 5.005675000000000000e+06
5.006922000000000000e+06 5.007236000000000000e+06
5.008523000000000000e+06 5.008706000000000000e+06
5.009624000000000000e+06 5.009832000000000000e+06
5.014047000000000000e+06 5.014178000000000000e+06
5.014693000000000000e+06 5.014826000000000000e+06
5.015216000000000000e+06 5.015462000000000000e+06
5.018765000000000000e+06 5.018948000000000000e+06
5.019531000000000000e+06 5.019735000000000000e+06
5.020176000000000000e+06 5.020376000000000000e+06
5.021407000000000000e+06 5.021857000000000000e+06
5.022509000000000000e+06 5.023087000000000000e+06
5.024044000000000000e+06 5.024373000000000000e+06
5.025482000000000000e+06 5.025937000000000000e+06
5.026560000000000000e+06 5.027010000000000000e+06
5.028187000000000000e+06 5.028343000000000000e+06
5.033433000000000000e+06 5.033758000000000000e+06
5.034132000000000000e+06 5.034365000000000000e+06
5.034904000000000000e+06 5.035048000000000000e+06
5.035310000000000000e+06 5.035500000000000000e+06
5.036265000000000000e+06 5.036459000000000000e+06
5.037620000000000000e+06 5.037898000000000000e+06
5.038487000000000000e+06 5.038626000000000000e+06
5.040076000000000000e+06 5.040549000000000000e+06
5.042287000000000000e+06 5.042537000000000000e+06
5.042850000000000000e+06 5.043434000000000000e+06
5.043582000000000000e+06 5.044032000000000000e+06
5.044408000000000000e+06 5.044523000000000000e+06
5.047777000000000000e+06 5.048086000000000000e+06
5.049304000000000000e+06 5.049498000000000000e+06
5.050675000000000000e+06 5.050879000000000000e+06
5.052516000000000000e+06 5.052600000000000000e+06
5.054033000000000000e+06 5.054331000000000000e+06
5.054912000000000000e+06 5.055126000000000000e+06
5.055890000000000000e+06 5.056042000000000000e+06
5.058124000000000000e+06 5.058396000000000000e+06
5.058658000000000000e+06 5.058799000000000000e+06
5.059468000000000000e+06 5.059730000000000000e+06
5.060169000000000000e+06 5.060342000000000000e+06
5.061570000000000000e+06 5.061843000000000000e+06
5.062743000000000000e+06 5.063146000000000000e+06
5.065136000000000000e+06 5.065257000000000000e+06
5.065527000000000000e+06 5.065649000000000000e+06
5.067104000000000000e+06 5.067212000000000000e+06
5.068209000000000000e+06 5.068620000000000000e+06
5.070382000000000000e+06 5.070609000000000000e+06
5.073519000000000000e+06 5.073760000000000000e+06
5.074087000000000000e+06 5.074226000000000000e+06
5.074403000000000000e+06 5.074832000000000000e+06
5.075220000000000000e+06 5.075676000000000000e+06
5.075982000000000000e+06 5.076259000000000000e+06
5.076817000000000000e+06 5.076995000000000000e+06
5.077659000000000000e+06 5.077787000000000000e+06
5.078087000000000000e+06 5.078259000000000000e+06
5.079059000000000000e+06 5.079348000000000000e+06
5.079873000000000000e+06 5.079953000000000000e+06
5.082182000000000000e+06 5.082304000000000000e+06
5.082698000000000000e+06 5.082837000000000000e+06
5.083465000000000000e+06 5.083820000000000000e+06
5.084276000000000000e+06 5.084498000000000000e+06
5.086715000000000000e+06 5.086882000000000000e+06
5.088520000000000000e+06 5.088754000000000000e+06
5.092526000000000000e+06 5.092682000000000000e+06
5.093543000000000000e+06 5.093720000000000000e+06
5.096263000000000000e+06 5.096624000000000000e+06
5.096802000000000000e+06 5.096938000000000000e+06
5.097095000000000000e+06 5.097315000000000000e+06
5.098450000000000000e+06 5.098623000000000000e+06
5.099161000000000000e+06 5.099596000000000000e+06
5.101651000000000000e+06 5.101798000000000000e+06
5.102337000000000000e+06 5.102509000000000000e+06
5.103104000000000000e+06 5.103426000000000000e+06
5.105665000000000000e+06 5.105776000000000000e+06
5.108703000000000000e+06 5.108849000000000000e+06
5.109435000000000000e+06 5.109634000000000000e+06
5.109979000000000000e+06 5.110147000000000000e+06
5.110837000000000000e+06 5.110989000000000000e+06
5.111569000000000000e+06 5.111773000000000000e+06
5.114659000000000000e+06 5.114837000000000000e+06
5.116359000000000000e+06 5.116554000000000000e+06
5.117059000000000000e+06 5.117226000000000000e+06
5.117982000000000000e+06 5.118215000000000000e+06
5.119388000000000000e+06 5.119564000000000000e+06
5.120346000000000000e+06 5.120661000000000000e+06
5.121370000000000000e+06 5.121482000000000000e+06
5.123487000000000000e+06 5.123565000000000000e+06
5.124320000000000000e+06 5.124775000000000000e+06
5.125816000000000000e+06 5.126067000000000000e+06
5.125943000000000000e+06 5.126054000000000000e+06
5.126406000000000000e+06 5.126938000000000000e+06
5.127490000000000000e+06 5.127605000000000000e+06
5.129620000000000000e+06 5.129815000000000000e+06
5.135887000000000000e+06 5.136093000000000000e+06
5.137077000000000000e+06 5.137235000000000000e+06
5.139878000000000000e+06 5.140013000000000000e+06
5.141820000000000000e+06 5.142032000000000000e+06
5.142770000000000000e+06 5.142982000000000000e+06
5.143559000000000000e+06 5.143693000000000000e+06
5.144172000000000000e+06 5.144622000000000000e+06
5.147332000000000000e+06 5.147487000000000000e+06
5.147928000000000000e+06 5.148080000000000000e+06
5.148603000000000000e+06 5.148723000000000000e+06
5.150415000000000000e+06 5.150670000000000000e+06
5.152476000000000000e+06 5.152701000000000000e+06
5.153259000000000000e+06 5.153493000000000000e+06
5.155365000000000000e+06 5.155493000000000000e+06
5.156859000000000000e+06 5.157070000000000000e+06
5.157759000000000000e+06 5.158048000000000000e+06
5.158513000000000000e+06 5.158827000000000000e+06
5.158989000000000000e+06 5.159146000000000000e+06
5.159570000000000000e+06 5.159776000000000000e+06
5.166542000000000000e+06 5.166788000000000000e+06
5.169932000000000000e+06 5.170178000000000000e+06
5.170419000000000000e+06 5.170623000000000000e+06
5.170973000000000000e+06 5.171292000000000000e+06
5.175387000000000000e+06 5.175643000000000000e+06
5.176159000000000000e+06 5.176370000000000000e+06
5.177120000000000000e+06 5.177409000000000000e+06
5.178337000000000000e+06 5.178604000000000000e+06
5.179898000000000000e+06 5.180020000000000000e+06
5.180270000000000000e+06 5.180420000000000000e+06
5.184469000000000000e+06 5.184710000000000000e+06
5.188052000000000000e+06 5.188471000000000000e+06
5.188893000000000000e+06 5.189076000000000000e+06
5.189622000000000000e+06 5.189820000000000000e+06
5.190171000000000000e+06 5.190469000000000000e+06
5.191207000000000000e+06 5.191751000000000000e+06
5.192326000000000000e+06 5.192405000000000000e+06
5.193121000000000000e+06 5.193456000000000000e+06
5.195089000000000000e+06 5.195209000000000000e+06
5.199457000000000000e+06 5.199647000000000000e+06
5.202448000000000000e+06 5.202726000000000000e+06
5.204882000000000000e+06 5.205287000000000000e+06
5.206748000000000000e+06 5.206900000000000000e+06
5.211993000000000000e+06 5.212157000000000000e+06
5.213260000000000000e+06 5.213589000000000000e+06
5.220409000000000000e+06 5.220654000000000000e+06
5.221480000000000000e+06 5.221790000000000000e+06
5.224032000000000000e+06 5.224248000000000000e+06
5.224532000000000000e+06 5.224820000000000000e+06
5.226365000000000000e+06 5.226554000000000000e+06
5.227254000000000000e+06 5.227479000000000000e+06
5.227766000000000000e+06 5.227866000000000000e+06
5.228337000000000000e+06 5.228620000000000000e+06
5.232798000000000000e+06 5.232965000000000000e+06
5.233582000000000000e+06 5.233709000000000000e+06
5.234148000000000000e+06 5.234293000000000000e+06
5.234476000000000000e+06 5.234654000000000000e+06
5.239104000000000000e+06 5.239265000000000000e+06
5.241529000000000000e+06 5.241749000000000000e+06
5.242659000000000000e+06 5.242884000000000000e+06
5.243600000000000000e+06 5.243721000000000000e+06
5.247576000000000000e+06 5.247709000000000000e+06
5.249187000000000000e+06 5.249365000000000000e+06
5.250232000000000000e+06 5.250565000000000000e+06
5.251259000000000000e+06 5.251465000000000000e+06
5.256213000000000000e+06 5.256548000000000000e+06
5.257097000000000000e+06 5.257515000000000000e+06
5.259357000000000000e+06 5.259566000000000000e+06
5.260335000000000000e+06 5.260614000000000000e+06
5.261844000000000000e+06 5.262069000000000000e+06
5.262909000000000000e+06 5.263082000000000000e+06
5.263480000000000000e+06 5.263642000000000000e+06
5.264359000000000000e+06 5.264465000000000000e+06
5.266620000000000000e+06 5.266798000000000000e+06
5.271464000000000000e+06 5.271835000000000000e+06
5.272212000000000000e+06 5.272379000000000000e+06
5.275194000000000000e+06 5.275560000000000000e+06
5.277802000000000000e+06 5.277900000000000000e+06
5.280203000000000000e+06 5.280309000000000000e+06
5.286194000000000000e+06 5.286383000000000000e+06
5.287265000000000000e+06 5.287476000000000000e+06
5.289501000000000000e+06 5.289809000000000000e+06
5.291032000000000000e+06 5.291198000000000000e+06
5.291982000000000000e+06 5.292193000000000000e+06
5.292843000000000000e+06 5.292987000000000000e+06
5.298809000000000000e+06 5.298948000000000000e+06
5.300232000000000000e+06 5.300370000000000000e+06
5.300520000000000000e+06 5.300643000000000000e+06
5.301950000000000000e+06 5.302107000000000000e+06
5.302909000000000000e+06 5.303043000000000000e+06
5.303926000000000000e+06 5.304182000000000000e+06
5.305173000000000000e+06 5.305523000000000000e+06
5.308415000000000000e+06 5.308759000000000000e+06
5.309200000000000000e+06 5.309475000000000000e+06
5.312637000000000000e+06 5.312859000000000000e+06
5.315808000000000000e+06 5.315914000000000000e+06
5.315998000000000000e+06 5.316115000000000000e+06
5.316676000000000000e+06 5.316765000000000000e+06
5.327200000000000000e+06 5.327333000000000000e+06
5.327400000000000000e+06 5.327511000000000000e+06
5.328760000000000000e+06 5.328869000000000000e+06
5.331809000000000000e+06 5.332113000000000000e+06
5.335115000000000000e+06 5.335304000000000000e+06
5.336715000000000000e+06 5.336904000000000000e+06
5.337631000000000000e+06 5.337757000000000000e+06
5.340618000000000000e+06 5.340817000000000000e+06
5.341589000000000000e+06 5.341814000000000000e+06
5.342949000000000000e+06 5.343184000000000000e+06
5.343723000000000000e+06 5.344000000000000000e+06
5.349259000000000000e+06 5.349376000000000000e+06
5.350084000000000000e+06 5.350304000000000000e+06
5.360015000000000000e+06 5.360172000000000000e+06
5.362293000000000000e+06 5.362482000000000000e+06
5.363115000000000000e+06 5.363276000000000000e+06
5.364376000000000000e+06 5.364487000000000000e+06
5.369878000000000000e+06 5.370068000000000000e+06
5.371343000000000000e+06 5.371570000000000000e+06
5.374474000000000000e+06 5.374678000000000000e+06
5.375509000000000000e+06 5.375776000000000000e+06
5.377654000000000000e+06 5.377832000000000000e+06
5.379024000000000000e+06 5.379197000000000000e+06
5.380270000000000000e+06 5.380447000000000000e+06
5.385454000000000000e+06 5.385945000000000000e+06
5.387112000000000000e+06 5.387310000000000000e+06
5.394716000000000000e+06 5.395105000000000000e+06
5.395522000000000000e+06 5.395716000000000000e+06
5.397017000000000000e+06 5.397320000000000000e+06
5.397775000000000000e+06 5.398230000000000000e+06
5.399015000000000000e+06 5.399146000000000000e+06
5.399287000000000000e+06 5.399643000000000000e+06
5.400482000000000000e+06 5.400659000000000000e+06
5.409380000000000000e+06 5.409762000000000000e+06
5.410008000000000000e+06 5.410437000000000000e+06
5.411509000000000000e+06 5.411614000000000000e+06
5.412582000000000000e+06 5.412748000000000000e+06
5.416287000000000000e+06 5.416504000000000000e+06
5.420999000000000000e+06 5.421110000000000000e+06
