1.910210000000000000e+05 1.913470000000000000e+05 2.000000000000000000e+00
1.975900000000000000e+05 1.976780000000000000e+05 1.000000000000000000e+00
1.989020000000000000e+05 1.990080000000000000e+05 2.000000000000000000e+00
2.045640000000000000e+05 2.048580000000000000e+05 2.000000000000000000e+00
2.059500000000000000e+05 2.060790000000000000e+05 2.000000000000000000e+00
2.155770000000000000e+05 2.156500000000000000e+05 1.000000000000000000e+00
2.200590000000000000e+05 2.203340000000000000e+05 2.000000000000000000e+00
2.234940000000000000e+05 2.239630000000000000e+05 2.000000000000000000e+00
2.333580000000000000e+05 2.336330000000000000e+05 2.000000000000000000e+00
2.355800000000000000e+05 2.357360000000000000e+05 2.000000000000000000e+00
2.413330000000000000e+05 2.414500000000000000e+05 1.000000000000000000e+00
2.439310000000000000e+05 2.441160000000000000e+05 2.000000000000000000e+00
2.473590000000000000e+05 2.474780000000000000e+05 2.000000000000000000e+00
2.497160000000000000e+05 2.502030000000000000e+05 2.000000000000000000e+00
2.506390000000000000e+05 2.509290000000000000e+05 2.000000000000000000e+00
2.531510000000000000e+05 2.532900000000000000e+05 2.000000000000000000e+00
2.540230000000000000e+05 2.541120000000000000e+05 1.000000000000000000e+00
2.553120000000000000e+05 2.554960000000000000e+05 2.000000000000000000e+00
2.595590000000000000e+05 2.596880000000000000e+05 1.000000000000000000e+00
2.598880000000000000e+05 2.603020000000000000e+05 2.000000000000000000e+00
2.625630000000000000e+05 2.629140000000000000e+05 2.000000000000000000e+00
2.632160000000000000e+05 2.637910000000000000e+05 2.000000000000000000e+00
2.644990000000000000e+05 2.646900000000000000e+05 2.000000000000000000e+00
2.653710000000000000e+05 2.657200000000000000e+05 2.000000000000000000e+00
2.725060000000000000e+05 2.726450000000000000e+05 2.000000000000000000e+00
2.942850000000000000e+05 2.943900000000000000e+05 1.000000000000000000e+00
2.954160000000000000e+05 2.955110000000000000e+05 1.000000000000000000e+00
2.970430000000000000e+05 2.971980000000000000e+05 2.000000000000000000e+00
2.976500000000000000e+05 2.977700000000000000e+05 2.000000000000000000e+00
2.984630000000000000e+05 2.986150000000000000e+05 1.000000000000000000e+00
2.993590000000000000e+05 2.995460000000000000e+05 2.000000000000000000e+00
3.017330000000000000e+05 3.018500000000000000e+05 1.000000000000000000e+00
3.047510000000000000e+05 3.048400000000000000e+05 1.000000000000000000e+00
3.074210000000000000e+05 3.076090000000000000e+05 2.000000000000000000e+00
3.101300000000000000e+05 3.102860000000000000e+05 2.000000000000000000e+00
3.107870000000000000e+05 3.108930000000000000e+05 1.000000000000000000e+00
3.120490000000000000e+05 3.122140000000000000e+05 2.000000000000000000e+00
3.148450000000000000e+05 3.150230000000000000e+05 1.000000000000000000e+00
3.154620000000000000e+05 3.155570000000000000e+05 1.000000000000000000e+00
3.180430000000000000e+05 3.183200000000000000e+05 2.000000000000000000e+00
3.222190000000000000e+05 3.225080000000000000e+05 1.000000000000000000e+00
3.229600000000000000e+05 3.232330000000000000e+05 2.000000000000000000e+00
3.267790000000000000e+05 3.270010000000000000e+05 1.000000000000000000e+00
3.295280000000000000e+05 3.297260000000000000e+05 1.000000000000000000e+00
3.325980000000000000e+05 3.329130000000000000e+05 2.000000000000000000e+00
3.332420000000000000e+05 3.333150000000000000e+05 1.000000000000000000e+00
3.337120000000000000e+05 3.338120000000000000e+05 1.000000000000000000e+00
3.353650000000000000e+05 3.355440000000000000e+05 2.000000000000000000e+00
3.367400000000000000e+05 3.370490000000000000e+05 2.000000000000000000e+00
3.423860000000000000e+05 3.424690000000000000e+05 1.000000000000000000e+00
3.443310000000000000e+05 3.446240000000000000e+05 1.000000000000000000e+00
3.513250000000000000e+05 3.515580000000000000e+05 2.000000000000000000e+00
3.524130000000000000e+05 3.525520000000000000e+05 1.000000000000000000e+00
3.549150000000000000e+05 3.549820000000000000e+05 1.000000000000000000e+00
3.579740000000000000e+05 3.581020000000000000e+05 1.000000000000000000e+00
3.672750000000000000e+05 3.674810000000000000e+05 2.000000000000000000e+00
3.742150000000000000e+05 3.743440000000000000e+05 2.000000000000000000e+00
3.763690000000000000e+05 3.765000000000000000e+05 2.000000000000000000e+00
3.824520000000000000e+05 3.825910000000000000e+05 1.000000000000000000e+00
3.833870000000000000e+05 3.837280000000000000e+05 2.000000000000000000e+00
3.945080000000000000e+05 3.946140000000000000e+05 1.000000000000000000e+00
4.042940000000000000e+05 4.045420000000000000e+05 2.000000000000000000e+00
4.103040000000000000e+05 4.105230000000000000e+05 2.000000000000000000e+00
4.169620000000000000e+05 4.171570000000000000e+05 1.000000000000000000e+00
4.240400000000000000e+05 4.242140000000000000e+05 2.000000000000000000e+00
4.301460000000000000e+05 4.302520000000000000e+05 1.000000000000000000e+00
4.325900000000000000e+05 4.327240000000000000e+05 1.000000000000000000e+00
4.364000000000000000e+05 4.366780000000000000e+05 1.000000000000000000e+00
4.398520000000000000e+05 4.401630000000000000e+05 2.000000000000000000e+00
4.421470000000000000e+05 4.422670000000000000e+05 1.000000000000000000e+00
4.463420000000000000e+05 4.464980000000000000e+05 1.000000000000000000e+00
4.481300000000000000e+05 4.484020000000000000e+05 1.000000000000000000e+00
4.502740000000000000e+05 4.504410000000000000e+05 2.000000000000000000e+00
4.523050000000000000e+05 4.524570000000000000e+05 1.000000000000000000e+00
4.574970000000000000e+05 4.576190000000000000e+05 1.000000000000000000e+00
4.633360000000000000e+05 4.634360000000000000e+05 1.000000000000000000e+00
4.644350000000000000e+05 4.646040000000000000e+05 2.000000000000000000e+00
4.800360000000000000e+05 4.801840000000000000e+05 2.000000000000000000e+00
5.024010000000000000e+05 5.025710000000000000e+05 2.000000000000000000e+00
5.026750000000000000e+05 5.027470000000000000e+05 2.000000000000000000e+00
5.034850000000000000e+05 5.035900000000000000e+05 2.000000000000000000e+00
5.231630000000000000e+05 5.233120000000000000e+05 2.000000000000000000e+00
5.314260000000000000e+05 5.316090000000000000e+05 2.000000000000000000e+00
5.355820000000000000e+05 5.356700000000000000e+05 1.000000000000000000e+00
5.432070000000000000e+05 5.433290000000000000e+05 1.000000000000000000e+00
5.520900000000000000e+05 5.522180000000000000e+05 1.000000000000000000e+00
5.556680000000000000e+05 5.557410000000000000e+05 1.000000000000000000e+00
5.568680000000000000e+05 5.570250000000000000e+05 1.000000000000000000e+00
5.574390000000000000e+05 5.575220000000000000e+05 1.000000000000000000e+00
5.652490000000000000e+05 5.653320000000000000e+05 1.000000000000000000e+00
5.691300000000000000e+05 5.692290000000000000e+05 1.000000000000000000e+00
5.725980000000000000e+05 5.726820000000000000e+05 1.000000000000000000e+00
5.735030000000000000e+05 5.735710000000000000e+05 1.000000000000000000e+00
5.807380000000000000e+05 5.808210000000000000e+05 1.000000000000000000e+00
5.811980000000000000e+05 5.813130000000000000e+05 1.000000000000000000e+00
5.887170000000000000e+05 5.888640000000000000e+05 2.000000000000000000e+00
5.889220000000000000e+05 5.890310000000000000e+05 2.000000000000000000e+00
5.895330000000000000e+05 5.896330000000000000e+05 1.000000000000000000e+00
5.930800000000000000e+05 5.933860000000000000e+05 2.000000000000000000e+00
5.939180000000000000e+05 5.939840000000000000e+05 1.000000000000000000e+00
5.953930000000000000e+05 5.955510000000000000e+05 2.000000000000000000e+00
5.977540000000000000e+05 5.978430000000000000e+05 1.000000000000000000e+00
5.979300000000000000e+05 5.980300000000000000e+05 1.000000000000000000e+00
6.021500000000000000e+05 6.025370000000000000e+05 2.000000000000000000e+00
6.044130000000000000e+05 6.045800000000000000e+05 1.000000000000000000e+00
6.066750000000000000e+05 6.070030000000000000e+05 2.000000000000000000e+00
6.081490000000000000e+05 6.084840000000000000e+05 2.000000000000000000e+00
6.123260000000000000e+05 6.126060000000000000e+05 2.000000000000000000e+00
6.145450000000000000e+05 6.146620000000000000e+05 1.000000000000000000e+00
6.158900000000000000e+05 6.161810000000000000e+05 2.000000000000000000e+00
6.197840000000000000e+05 6.199730000000000000e+05 2.000000000000000000e+00
6.211230000000000000e+05 6.212570000000000000e+05 2.000000000000000000e+00
6.386580000000000000e+05 6.389690000000000000e+05 2.000000000000000000e+00
6.394070000000000000e+05 6.395680000000000000e+05 1.000000000000000000e+00
6.402160000000000000e+05 6.403710000000000000e+05 2.000000000000000000e+00
6.416480000000000000e+05 6.418480000000000000e+05 2.000000000000000000e+00
6.471100000000000000e+05 6.472630000000000000e+05 1.000000000000000000e+00
6.499670000000000000e+05 6.503010000000000000e+05 2.000000000000000000e+00
6.558680000000000000e+05 6.559420000000000000e+05 1.000000000000000000e+00
6.629450000000000000e+05 6.631630000000000000e+05 1.000000000000000000e+00
6.721100000000000000e+05 6.723190000000000000e+05 1.000000000000000000e+00
6.730210000000000000e+05 6.731450000000000000e+05 1.000000000000000000e+00
6.839830000000000000e+05 6.840860000000000000e+05 1.000000000000000000e+00
6.844700000000000000e+05 6.846080000000000000e+05 1.000000000000000000e+00
6.867860000000000000e+05 6.868910000000000000e+05 1.000000000000000000e+00
6.883650000000000000e+05 6.884980000000000000e+05 1.000000000000000000e+00
7.261050000000000000e+05 7.262300000000000000e+05 2.000000000000000000e+00
7.299640000000000000e+05 7.301240000000000000e+05 2.000000000000000000e+00
7.333170000000000000e+05 7.334190000000000000e+05 2.000000000000000000e+00
7.370940000000000000e+05 7.373550000000000000e+05 1.000000000000000000e+00
7.579910000000000000e+05 7.580890000000000000e+05 1.000000000000000000e+00
7.746330000000000000e+05 7.747310000000000000e+05 1.000000000000000000e+00
7.779130000000000000e+05 7.780770000000000000e+05 1.000000000000000000e+00
7.793640000000000000e+05 7.794840000000000000e+05 1.000000000000000000e+00
7.838950000000000000e+05 7.840280000000000000e+05 1.000000000000000000e+00
7.981540000000000000e+05 7.982920000000000000e+05 1.000000000000000000e+00
8.117160000000000000e+05 8.118180000000000000e+05 1.000000000000000000e+00
8.353060000000000000e+05 8.353790000000000000e+05 1.000000000000000000e+00
8.397850000000000000e+05 8.399320000000000000e+05 2.000000000000000000e+00
8.522460000000000000e+05 8.523560000000000000e+05 2.000000000000000000e+00
8.545880000000000000e+05 8.546610000000000000e+05 1.000000000000000000e+00
8.547660000000000000e+05 8.548340000000000000e+05 1.000000000000000000e+00
8.663600000000000000e+05 8.665200000000000000e+05 1.000000000000000000e+00
8.682660000000000000e+05 8.685280000000000000e+05 2.000000000000000000e+00
8.697790000000000000e+05 8.698620000000000000e+05 1.000000000000000000e+00
8.988530000000000000e+05 8.991940000000000000e+05 2.000000000000000000e+00
9.175590000000000000e+05 9.176320000000000000e+05 1.000000000000000000e+00
9.281880000000000000e+05 9.283190000000000000e+05 1.000000000000000000e+00
9.378650000000000000e+05 9.379590000000000000e+05 1.000000000000000000e+00
9.440800000000000000e+05 9.441910000000000000e+05 1.000000000000000000e+00
9.445040000000000000e+05 9.445820000000000000e+05 1.000000000000000000e+00
9.502220000000000000e+05 9.502690000000000000e+05 1.000000000000000000e+00
9.639570000000000000e+05 9.642130000000000000e+05 2.000000000000000000e+00
9.693760000000000000e+05 9.694560000000000000e+05 1.000000000000000000e+00
9.987310000000000000e+05 9.988430000000000000e+05 2.000000000000000000e+00
1.022685000000000000e+06 1.022905000000000000e+06 2.000000000000000000e+00
1.041128000000000000e+06 1.041360000000000000e+06 2.000000000000000000e+00
1.044394000000000000e+06 1.044536000000000000e+06 1.000000000000000000e+00
1.066298000000000000e+06 1.066366000000000000e+06 1.000000000000000000e+00
1.067693000000000000e+06 1.067820000000000000e+06 1.000000000000000000e+00
1.075521000000000000e+06 1.075663000000000000e+06 1.000000000000000000e+00
1.083093000000000000e+06 1.083246000000000000e+06 2.000000000000000000e+00
1.083762000000000000e+06 1.083900000000000000e+06 2.000000000000000000e+00
1.088330000000000000e+06 1.088550000000000000e+06 2.000000000000000000e+00
1.089058000000000000e+06 1.089179000000000000e+06 1.000000000000000000e+00
1.100792000000000000e+06 1.100933000000000000e+06 1.000000000000000000e+00
1.107282000000000000e+06 1.107597000000000000e+06 2.000000000000000000e+00
1.111824000000000000e+06 1.111876000000000000e+06 1.000000000000000000e+00
1.128333000000000000e+06 1.128396000000000000e+06 1.000000000000000000e+00
1.130781000000000000e+06 1.130865000000000000e+06 1.000000000000000000e+00
1.135401000000000000e+06 1.135486000000000000e+06 1.000000000000000000e+00
1.147669000000000000e+06 1.148034000000000000e+06 2.000000000000000000e+00
1.149664000000000000e+06 1.149900000000000000e+06 2.000000000000000000e+00
1.155631000000000000e+06 1.155949000000000000e+06 2.000000000000000000e+00
1.157909000000000000e+06 1.158098000000000000e+06 2.000000000000000000e+00
1.160624000000000000e+06 1.160796000000000000e+06 2.000000000000000000e+00
1.161550000000000000e+06 1.161683000000000000e+06 2.000000000000000000e+00
1.162282000000000000e+06 1.162593000000000000e+06 2.000000000000000000e+00
1.165572000000000000e+06 1.165732000000000000e+06 2.000000000000000000e+00
1.166883000000000000e+06 1.167031000000000000e+06 1.000000000000000000e+00
1.167135000000000000e+06 1.167367000000000000e+06 2.000000000000000000e+00
1.173153000000000000e+06 1.173325000000000000e+06 1.000000000000000000e+00
1.173624000000000000e+06 1.173739000000000000e+06 2.000000000000000000e+00
1.173765000000000000e+06 1.173867000000000000e+06 2.000000000000000000e+00
1.201024000000000000e+06 1.201375000000000000e+06 2.000000000000000000e+00
1.211669000000000000e+06 1.211842000000000000e+06 1.000000000000000000e+00
1.222681000000000000e+06 1.222836000000000000e+06 1.000000000000000000e+00
1.223863000000000000e+06 1.223974000000000000e+06 2.000000000000000000e+00
1.224770000000000000e+06 1.225054000000000000e+06 2.000000000000000000e+00
1.333816000000000000e+06 1.333937000000000000e+06 2.000000000000000000e+00
1.340917000000000000e+06 1.340996000000000000e+06 1.000000000000000000e+00
1.342787000000000000e+06 1.342916000000000000e+06 2.000000000000000000e+00
1.343659000000000000e+06 1.343943000000000000e+06 2.000000000000000000e+00
1.346385000000000000e+06 1.346669000000000000e+06 1.000000000000000000e+00
1.346886000000000000e+06 1.346985000000000000e+06 1.000000000000000000e+00
1.355690000000000000e+06 1.355915000000000000e+06 2.000000000000000000e+00
1.358347000000000000e+06 1.358593000000000000e+06 2.000000000000000000e+00
1.359783000000000000e+06 1.359914000000000000e+06 1.000000000000000000e+00
1.360881000000000000e+06 1.361181000000000000e+06 2.000000000000000000e+00
1.362550000000000000e+06 1.362854000000000000e+06 1.000000000000000000e+00
1.365226000000000000e+06 1.365360000000000000e+06 2.000000000000000000e+00
1.365673000000000000e+06 1.365820000000000000e+06 1.000000000000000000e+00
1.369178000000000000e+06 1.369321000000000000e+06 2.000000000000000000e+00
1.370216000000000000e+06 1.370383000000000000e+06 2.000000000000000000e+00
1.370975000000000000e+06 1.371027000000000000e+06 1.000000000000000000e+00
1.374172000000000000e+06 1.374307000000000000e+06 2.000000000000000000e+00
1.375196000000000000e+06 1.375326000000000000e+06 2.000000000000000000e+00
1.382637000000000000e+06 1.382954000000000000e+06 2.000000000000000000e+00
1.386054000000000000e+06 1.386357000000000000e+06 1.000000000000000000e+00
1.387879000000000000e+06 1.388003000000000000e+06 2.000000000000000000e+00
1.389294000000000000e+06 1.389524000000000000e+06 2.000000000000000000e+00
1.389629000000000000e+06 1.389793000000000000e+06 2.000000000000000000e+00
1.390412000000000000e+06 1.390728000000000000e+06 2.000000000000000000e+00
1.394400000000000000e+06 1.394551000000000000e+06 1.000000000000000000e+00
1.394874000000000000e+06 1.395039000000000000e+06 1.000000000000000000e+00
1.397559000000000000e+06 1.397779000000000000e+06 1.000000000000000000e+00
1.399787000000000000e+06 1.400190000000000000e+06 1.000000000000000000e+00
1.400379000000000000e+06 1.400641000000000000e+06 2.000000000000000000e+00
1.401686000000000000e+06 1.401807000000000000e+06 1.000000000000000000e+00
1.402304000000000000e+06 1.402644000000000000e+06 1.000000000000000000e+00
1.404205000000000000e+06 1.404393000000000000e+06 1.000000000000000000e+00
1.404650000000000000e+06 1.404838000000000000e+06 1.000000000000000000e+00
1.407999000000000000e+06 1.408124000000000000e+06 1.000000000000000000e+00
1.409917000000000000e+06 1.410032000000000000e+06 1.000000000000000000e+00
1.412198000000000000e+06 1.412537000000000000e+06 2.000000000000000000e+00
1.414267000000000000e+06 1.414402000000000000e+06 2.000000000000000000e+00
1.415000000000000000e+06 1.415307000000000000e+06 2.000000000000000000e+00
1.415609000000000000e+06 1.415698000000000000e+06 1.000000000000000000e+00
1.416496000000000000e+06 1.416833000000000000e+06 2.000000000000000000e+00
1.418724000000000000e+06 1.419080000000000000e+06 1.000000000000000000e+00
1.425571000000000000e+06 1.425702000000000000e+06 1.000000000000000000e+00
1.427747000000000000e+06 1.427883000000000000e+06 1.000000000000000000e+00
1.429038000000000000e+06 1.429298000000000000e+06 2.000000000000000000e+00
1.435449000000000000e+06 1.435585000000000000e+06 2.000000000000000000e+00
1.436415000000000000e+06 1.436732000000000000e+06 2.000000000000000000e+00
1.437621000000000000e+06 1.437837000000000000e+06 2.000000000000000000e+00
1.438599000000000000e+06 1.438876000000000000e+06 1.000000000000000000e+00
1.439529000000000000e+06 1.439753000000000000e+06 2.000000000000000000e+00
1.442229000000000000e+06 1.442528000000000000e+06 1.000000000000000000e+00
1.443650000000000000e+06 1.443964000000000000e+06 2.000000000000000000e+00
1.445148000000000000e+06 1.445248000000000000e+06 2.000000000000000000e+00
1.446383000000000000e+06 1.446567000000000000e+06 2.000000000000000000e+00
1.447406000000000000e+06 1.447530000000000000e+06 1.000000000000000000e+00
1.448809000000000000e+06 1.449064000000000000e+06 1.000000000000000000e+00
1.449975000000000000e+06 1.450231000000000000e+06 2.000000000000000000e+00
1.453678000000000000e+06 1.454014000000000000e+06 2.000000000000000000e+00
1.459986000000000000e+06 1.460101000000000000e+06 1.000000000000000000e+00
1.461289000000000000e+06 1.461679000000000000e+06 2.000000000000000000e+00
1.462615000000000000e+06 1.462848000000000000e+06 1.000000000000000000e+00
1.463708000000000000e+06 1.464158000000000000e+06 1.000000000000000000e+00
1.465000000000000000e+06 1.465314000000000000e+06 1.000000000000000000e+00
1.466731000000000000e+06 1.467126000000000000e+06 1.000000000000000000e+00
1.467915000000000000e+06 1.468229000000000000e+06 2.000000000000000000e+00
1.470543000000000000e+06 1.470759000000000000e+06 2.000000000000000000e+00
1.473597000000000000e+06 1.474063000000000000e+06 2.000000000000000000e+00
1.474753000000000000e+06 1.474868000000000000e+06 1.000000000000000000e+00
1.477026000000000000e+06 1.477268000000000000e+06 2.000000000000000000e+00
1.477916000000000000e+06 1.478144000000000000e+06 2.000000000000000000e+00
1.479453000000000000e+06 1.479579000000000000e+06 2.000000000000000000e+00
1.482719000000000000e+06 1.482978000000000000e+06 2.000000000000000000e+00
1.486999000000000000e+06 1.487182000000000000e+06 1.000000000000000000e+00
1.488192000000000000e+06 1.488481000000000000e+06 2.000000000000000000e+00
1.489134000000000000e+06 1.489234000000000000e+06 2.000000000000000000e+00
1.490279000000000000e+06 1.490415000000000000e+06 1.000000000000000000e+00
1.491345000000000000e+06 1.491492000000000000e+06 2.000000000000000000e+00
1.494753000000000000e+06 1.495222000000000000e+06 1.000000000000000000e+00
1.497458000000000000e+06 1.497720000000000000e+06 2.000000000000000000e+00
1.498573000000000000e+06 1.498880000000000000e+06 2.000000000000000000e+00
1.500624000000000000e+06 1.500767000000000000e+06 1.000000000000000000e+00
1.501003000000000000e+06 1.501225000000000000e+06 2.000000000000000000e+00
1.507526000000000000e+06 1.508054000000000000e+06 1.000000000000000000e+00
1.510603000000000000e+06 1.510728000000000000e+06 2.000000000000000000e+00
1.511966000000000000e+06 1.512095000000000000e+06 2.000000000000000000e+00
1.514451000000000000e+06 1.514692000000000000e+06 2.000000000000000000e+00
1.517148000000000000e+06 1.517420000000000000e+06 1.000000000000000000e+00
1.517588000000000000e+06 1.517839000000000000e+06 1.000000000000000000e+00
1.518273000000000000e+06 1.518325000000000000e+06 1.000000000000000000e+00
1.521024000000000000e+06 1.521182000000000000e+06 2.000000000000000000e+00
1.522361000000000000e+06 1.522524000000000000e+06 2.000000000000000000e+00
1.523577000000000000e+06 1.523776000000000000e+06 1.000000000000000000e+00
1.524232000000000000e+06 1.524520000000000000e+06 2.000000000000000000e+00
1.526903000000000000e+06 1.527013000000000000e+06 2.000000000000000000e+00
1.529994000000000000e+06 1.530236000000000000e+06 2.000000000000000000e+00
1.530313000000000000e+06 1.530463000000000000e+06 2.000000000000000000e+00
1.532107000000000000e+06 1.532330000000000000e+06 2.000000000000000000e+00
1.533590000000000000e+06 1.533781000000000000e+06 2.000000000000000000e+00
1.534390000000000000e+06 1.534644000000000000e+06 2.000000000000000000e+00
1.540139000000000000e+06 1.540327000000000000e+06 2.000000000000000000e+00
1.541676000000000000e+06 1.541924000000000000e+06 2.000000000000000000e+00
1.542652000000000000e+06 1.542912000000000000e+06 2.000000000000000000e+00
1.543846000000000000e+06 1.543973000000000000e+06 2.000000000000000000e+00
1.545558000000000000e+06 1.545699000000000000e+06 1.000000000000000000e+00
1.547677000000000000e+06 1.547876000000000000e+06 1.000000000000000000e+00
1.549528000000000000e+06 1.549848000000000000e+06 1.000000000000000000e+00
1.550287000000000000e+06 1.550470000000000000e+06 1.000000000000000000e+00
1.552990000000000000e+06 1.553246000000000000e+06 2.000000000000000000e+00
1.554204000000000000e+06 1.554432000000000000e+06 2.000000000000000000e+00
1.555359000000000000e+06 1.555582000000000000e+06 2.000000000000000000e+00
1.559460000000000000e+06 1.559637000000000000e+06 1.000000000000000000e+00
1.564429000000000000e+06 1.564596000000000000e+06 1.000000000000000000e+00
1.565650000000000000e+06 1.565917000000000000e+06 2.000000000000000000e+00
1.566873000000000000e+06 1.567104000000000000e+06 2.000000000000000000e+00
1.567933000000000000e+06 1.568172000000000000e+06 1.000000000000000000e+00
1.571923000000000000e+06 1.572026000000000000e+06 2.000000000000000000e+00
1.575516000000000000e+06 1.575642000000000000e+06 1.000000000000000000e+00
1.577494000000000000e+06 1.577572000000000000e+06 1.000000000000000000e+00
1.578918000000000000e+06 1.579091000000000000e+06 1.000000000000000000e+00
1.579899000000000000e+06 1.580280000000000000e+06 2.000000000000000000e+00
1.582617000000000000e+06 1.582884000000000000e+06 1.000000000000000000e+00
1.584476000000000000e+06 1.584649000000000000e+06 1.000000000000000000e+00
1.585419000000000000e+06 1.585525000000000000e+06 2.000000000000000000e+00
1.585552000000000000e+06 1.585591000000000000e+06 2.000000000000000000e+00
1.588977000000000000e+06 1.589321000000000000e+06 2.000000000000000000e+00
1.597215000000000000e+06 1.597449000000000000e+06 2.000000000000000000e+00
1.599122000000000000e+06 1.599563000000000000e+06 2.000000000000000000e+00
1.599900000000000000e+06 1.600064000000000000e+06 1.000000000000000000e+00
1.602301000000000000e+06 1.602609000000000000e+06 2.000000000000000000e+00
1.609675000000000000e+06 1.609797000000000000e+06 2.000000000000000000e+00
1.610693000000000000e+06 1.611045000000000000e+06 2.000000000000000000e+00
1.612589000000000000e+06 1.612950000000000000e+06 2.000000000000000000e+00
1.613629000000000000e+06 1.613791000000000000e+06 2.000000000000000000e+00
1.613959000000000000e+06 1.614037000000000000e+06 1.000000000000000000e+00
1.616292000000000000e+06 1.616409000000000000e+06 1.000000000000000000e+00
1.620279000000000000e+06 1.620484000000000000e+06 2.000000000000000000e+00
1.620882000000000000e+06 1.621013000000000000e+06 1.000000000000000000e+00
1.622526000000000000e+06 1.622770000000000000e+06 2.000000000000000000e+00
1.623505000000000000e+06 1.623664000000000000e+06 1.000000000000000000e+00
1.624482000000000000e+06 1.625052000000000000e+06 2.000000000000000000e+00
1.635085000000000000e+06 1.635399000000000000e+06 1.000000000000000000e+00
1.638299000000000000e+06 1.638409000000000000e+06 1.000000000000000000e+00
1.638754000000000000e+06 1.638923000000000000e+06 2.000000000000000000e+00
1.639425000000000000e+06 1.639613000000000000e+06 2.000000000000000000e+00
1.639782000000000000e+06 1.639998000000000000e+06 2.000000000000000000e+00
1.644346000000000000e+06 1.644676000000000000e+06 1.000000000000000000e+00
1.645387000000000000e+06 1.645604000000000000e+06 2.000000000000000000e+00
1.648267000000000000e+06 1.648492000000000000e+06 1.000000000000000000e+00
1.654772000000000000e+06 1.654882000000000000e+06 1.000000000000000000e+00
1.656100000000000000e+06 1.656429000000000000e+06 2.000000000000000000e+00
1.657755000000000000e+06 1.658052000000000000e+06 2.000000000000000000e+00
1.658896000000000000e+06 1.659165000000000000e+06 2.000000000000000000e+00
1.660351000000000000e+06 1.660513000000000000e+06 1.000000000000000000e+00
1.661064000000000000e+06 1.661197000000000000e+06 2.000000000000000000e+00
1.661262000000000000e+06 1.661430000000000000e+06 2.000000000000000000e+00
1.662359000000000000e+06 1.662652000000000000e+06 1.000000000000000000e+00
1.663902000000000000e+06 1.664242000000000000e+06 1.000000000000000000e+00
1.664922000000000000e+06 1.664990000000000000e+06 1.000000000000000000e+00
1.666122000000000000e+06 1.666290000000000000e+06 1.000000000000000000e+00
1.667944000000000000e+06 1.668210000000000000e+06 2.000000000000000000e+00
1.670108000000000000e+06 1.670329000000000000e+06 2.000000000000000000e+00
1.671543000000000000e+06 1.671857000000000000e+06 2.000000000000000000e+00
1.674787000000000000e+06 1.675037000000000000e+06 2.000000000000000000e+00
1.675952000000000000e+06 1.676104000000000000e+06 1.000000000000000000e+00
1.676635000000000000e+06 1.676755000000000000e+06 1.000000000000000000e+00
1.677010000000000000e+06 1.677188000000000000e+06 2.000000000000000000e+00
1.677303000000000000e+06 1.677672000000000000e+06 2.000000000000000000e+00
1.677801000000000000e+06 1.677906000000000000e+06 1.000000000000000000e+00
1.678800000000000000e+06 1.679018000000000000e+06 2.000000000000000000e+00
1.679392000000000000e+06 1.679585000000000000e+06 1.000000000000000000e+00
1.682193000000000000e+06 1.682309000000000000e+06 1.000000000000000000e+00
1.682890000000000000e+06 1.682995000000000000e+06 2.000000000000000000e+00
1.685695000000000000e+06 1.685847000000000000e+06 1.000000000000000000e+00
1.686309000000000000e+06 1.686537000000000000e+06 2.000000000000000000e+00
1.689374000000000000e+06 1.689794000000000000e+06 2.000000000000000000e+00
1.695846000000000000e+06 1.696013000000000000e+06 1.000000000000000000e+00
1.699147000000000000e+06 1.699372000000000000e+06 1.000000000000000000e+00
1.702672000000000000e+06 1.702766000000000000e+06 1.000000000000000000e+00
1.703624000000000000e+06 1.703692000000000000e+06 1.000000000000000000e+00
1.706435000000000000e+06 1.706591000000000000e+06 2.000000000000000000e+00
1.707868000000000000e+06 1.708275000000000000e+06 2.000000000000000000e+00
1.711685000000000000e+06 1.711832000000000000e+06 1.000000000000000000e+00
1.711969000000000000e+06 1.712107000000000000e+06 1.000000000000000000e+00
1.713682000000000000e+06 1.714009000000000000e+06 2.000000000000000000e+00
1.715912000000000000e+06 1.716006000000000000e+06 1.000000000000000000e+00
1.716624000000000000e+06 1.717628000000000000e+06 1.000000000000000000e+00
1.718352000000000000e+06 1.719080000000000000e+06 1.000000000000000000e+00
1.719926000000000000e+06 1.720048000000000000e+06 2.000000000000000000e+00
1.720351000000000000e+06 1.720513000000000000e+06 1.000000000000000000e+00
1.720661000000000000e+06 1.720827000000000000e+06 2.000000000000000000e+00
1.724012000000000000e+06 1.724242000000000000e+06 1.000000000000000000e+00
1.726315000000000000e+06 1.726418000000000000e+06 2.000000000000000000e+00
1.727575000000000000e+06 1.727730000000000000e+06 2.000000000000000000e+00
1.732028000000000000e+06 1.732192000000000000e+06 2.000000000000000000e+00
1.733517000000000000e+06 1.733611000000000000e+06 1.000000000000000000e+00
1.733888000000000000e+06 1.734052000000000000e+06 2.000000000000000000e+00
1.738442000000000000e+06 1.738547000000000000e+06 1.000000000000000000e+00
1.740958000000000000e+06 1.741115000000000000e+06 1.000000000000000000e+00
1.742575000000000000e+06 1.742810000000000000e+06 1.000000000000000000e+00
1.743542000000000000e+06 1.743719000000000000e+06 2.000000000000000000e+00
1.747205000000000000e+06 1.747396000000000000e+06 2.000000000000000000e+00
1.748161000000000000e+06 1.748341000000000000e+06 2.000000000000000000e+00
1.748428000000000000e+06 1.748579000000000000e+06 2.000000000000000000e+00
1.750415000000000000e+06 1.750681000000000000e+06 2.000000000000000000e+00
1.751861000000000000e+06 1.751997000000000000e+06 2.000000000000000000e+00
1.754033000000000000e+06 1.754175000000000000e+06 2.000000000000000000e+00
1.754737000000000000e+06 1.754976000000000000e+06 2.000000000000000000e+00
1.757562000000000000e+06 1.757912000000000000e+06 2.000000000000000000e+00
1.758704000000000000e+06 1.758854000000000000e+06 2.000000000000000000e+00
1.761150000000000000e+06 1.761358000000000000e+06 1.000000000000000000e+00
1.765131000000000000e+06 1.765330000000000000e+06 1.000000000000000000e+00
1.767359000000000000e+06 1.767699000000000000e+06 2.000000000000000000e+00
1.770978000000000000e+06 1.771096000000000000e+06 2.000000000000000000e+00
1.771636000000000000e+06 1.771709000000000000e+06 1.000000000000000000e+00
1.773892000000000000e+06 1.774050000000000000e+06 2.000000000000000000e+00
1.775062000000000000e+06 1.775156000000000000e+06 1.000000000000000000e+00
1.776165000000000000e+06 1.776340000000000000e+06 2.000000000000000000e+00
1.777055000000000000e+06 1.777305000000000000e+06 2.000000000000000000e+00
1.779925000000000000e+06 1.780154000000000000e+06 1.000000000000000000e+00
1.781132000000000000e+06 1.781315000000000000e+06 2.000000000000000000e+00
1.789398000000000000e+06 1.789512000000000000e+06 2.000000000000000000e+00
1.800404000000000000e+06 1.800613000000000000e+06 2.000000000000000000e+00
1.801455000000000000e+06 1.801617000000000000e+06 2.000000000000000000e+00
1.802198000000000000e+06 1.802304000000000000e+06 2.000000000000000000e+00
1.802480000000000000e+06 1.802679000000000000e+06 2.000000000000000000e+00
1.806114000000000000e+06 1.806268000000000000e+06 2.000000000000000000e+00
1.809094000000000000e+06 1.809327000000000000e+06 2.000000000000000000e+00
1.810887000000000000e+06 1.810998000000000000e+06 2.000000000000000000e+00
1.818558000000000000e+06 1.818699000000000000e+06 1.000000000000000000e+00
1.822199000000000000e+06 1.822293000000000000e+06 1.000000000000000000e+00
1.822609000000000000e+06 1.822720000000000000e+06 1.000000000000000000e+00
1.823060000000000000e+06 1.823220000000000000e+06 2.000000000000000000e+00
1.839778000000000000e+06 1.840122000000000000e+06 2.000000000000000000e+00
1.842039000000000000e+06 1.842266000000000000e+06 2.000000000000000000e+00
1.845818000000000000e+06 1.846010000000000000e+06 2.000000000000000000e+00
1.849196000000000000e+06 1.849259000000000000e+06 1.000000000000000000e+00
1.853125000000000000e+06 1.853239000000000000e+06 2.000000000000000000e+00
1.856501000000000000e+06 1.856730000000000000e+06 2.000000000000000000e+00
1.857482000000000000e+06 1.857643000000000000e+06 1.000000000000000000e+00
1.859062000000000000e+06 1.859314000000000000e+06 2.000000000000000000e+00
1.871375000000000000e+06 1.871528000000000000e+06 2.000000000000000000e+00
1.872474000000000000e+06 1.872620000000000000e+06 2.000000000000000000e+00
1.881860000000000000e+06 1.882031000000000000e+06 2.000000000000000000e+00
1.882601000000000000e+06 1.882790000000000000e+06 2.000000000000000000e+00
1.884519000000000000e+06 1.884681000000000000e+06 1.000000000000000000e+00
1.886766000000000000e+06 1.886974000000000000e+06 2.000000000000000000e+00
1.887027000000000000e+06 1.887133000000000000e+06 2.000000000000000000e+00
1.887782000000000000e+06 1.888152000000000000e+06 2.000000000000000000e+00
1.889700000000000000e+06 1.890119000000000000e+06 2.000000000000000000e+00
1.891749000000000000e+06 1.891878000000000000e+06 2.000000000000000000e+00
1.895065000000000000e+06 1.895190000000000000e+06 1.000000000000000000e+00
1.896760000000000000e+06 1.897003000000000000e+06 2.000000000000000000e+00
1.897070000000000000e+06 1.897198000000000000e+06 2.000000000000000000e+00
1.897656000000000000e+06 1.898164000000000000e+06 2.000000000000000000e+00
1.899092000000000000e+06 1.899195000000000000e+06 2.000000000000000000e+00
1.899250000000000000e+06 1.899366000000000000e+06 2.000000000000000000e+00
1.900113000000000000e+06 1.900243000000000000e+06 1.000000000000000000e+00
1.901562000000000000e+06 1.901671000000000000e+06 1.000000000000000000e+00
1.903910000000000000e+06 1.904082000000000000e+06 2.000000000000000000e+00
1.904922000000000000e+06 1.905257000000000000e+06 1.000000000000000000e+00
1.906132000000000000e+06 1.906354000000000000e+06 2.000000000000000000e+00
1.906994000000000000e+06 1.907316000000000000e+06 2.000000000000000000e+00
1.907503000000000000e+06 1.907849000000000000e+06 2.000000000000000000e+00
1.909300000000000000e+06 1.909534000000000000e+06 2.000000000000000000e+00
1.911972000000000000e+06 1.912404000000000000e+06 2.000000000000000000e+00
1.912792000000000000e+06 1.913143000000000000e+06 2.000000000000000000e+00
1.913931000000000000e+06 1.914363000000000000e+06 2.000000000000000000e+00
1.916225000000000000e+06 1.916591000000000000e+06 2.000000000000000000e+00
1.920803000000000000e+06 1.921012000000000000e+06 2.000000000000000000e+00
1.923448000000000000e+06 1.923657000000000000e+06 2.000000000000000000e+00
2.209372000000000000e+06 2.209478000000000000e+06 2.000000000000000000e+00
2.211676000000000000e+06 2.211832000000000000e+06 2.000000000000000000e+00
2.212611000000000000e+06 2.212928000000000000e+06 2.000000000000000000e+00
2.240964000000000000e+06 2.241053000000000000e+06 1.000000000000000000e+00
2.241458000000000000e+06 2.241659000000000000e+06 2.000000000000000000e+00
2.242748000000000000e+06 2.242989000000000000e+06 1.000000000000000000e+00
2.247187000000000000e+06 2.247348000000000000e+06 2.000000000000000000e+00
2.249387000000000000e+06 2.249620000000000000e+06 2.000000000000000000e+00
2.250500000000000000e+06 2.250855000000000000e+06 2.000000000000000000e+00
2.259152000000000000e+06 2.259350000000000000e+06 2.000000000000000000e+00
2.262759000000000000e+06 2.263048000000000000e+06 2.000000000000000000e+00
2.274012000000000000e+06 2.274358000000000000e+06 2.000000000000000000e+00
2.274854000000000000e+06 2.274937000000000000e+06 1.000000000000000000e+00
2.275323000000000000e+06 2.275660000000000000e+06 2.000000000000000000e+00
2.276332000000000000e+06 2.276632000000000000e+06 2.000000000000000000e+00
2.276902000000000000e+06 2.277058000000000000e+06 1.000000000000000000e+00
2.277506000000000000e+06 2.277791000000000000e+06 2.000000000000000000e+00
2.278676000000000000e+06 2.278965000000000000e+06 2.000000000000000000e+00
2.281437000000000000e+06 2.281510000000000000e+06 1.000000000000000000e+00
2.283038000000000000e+06 2.283257000000000000e+06 1.000000000000000000e+00
2.285865000000000000e+06 2.285993000000000000e+06 2.000000000000000000e+00
2.287324000000000000e+06 2.287440000000000000e+06 1.000000000000000000e+00
2.288350000000000000e+06 2.288522000000000000e+06 2.000000000000000000e+00
2.294809000000000000e+06 2.295124000000000000e+06 2.000000000000000000e+00
2.297240000000000000e+06 2.297784000000000000e+06 1.000000000000000000e+00
2.298578000000000000e+06 2.298681000000000000e+06 2.000000000000000000e+00
2.299599000000000000e+06 2.299877000000000000e+06 2.000000000000000000e+00
2.300950000000000000e+06 2.301077000000000000e+06 2.000000000000000000e+00
2.302554000000000000e+06 2.302732000000000000e+06 2.000000000000000000e+00
2.304930000000000000e+06 2.305175000000000000e+06 1.000000000000000000e+00
2.307647000000000000e+06 2.307800000000000000e+06 1.000000000000000000e+00
2.310504000000000000e+06 2.310782000000000000e+06 2.000000000000000000e+00
2.313900000000000000e+06 2.314122000000000000e+06 2.000000000000000000e+00
2.314865000000000000e+06 2.315302000000000000e+06 2.000000000000000000e+00
2.318488000000000000e+06 2.318567000000000000e+06 1.000000000000000000e+00
2.319119000000000000e+06 2.319365000000000000e+06 2.000000000000000000e+00
2.320793000000000000e+06 2.320970000000000000e+06 1.000000000000000000e+00
2.322299000000000000e+06 2.322388000000000000e+06 1.000000000000000000e+00
2.332740000000000000e+06 2.332887000000000000e+06 1.000000000000000000e+00
2.333263000000000000e+06 2.333582000000000000e+06 2.000000000000000000e+00
2.334389000000000000e+06 2.334592000000000000e+06 2.000000000000000000e+00
2.334670000000000000e+06 2.334826000000000000e+06 1.000000000000000000e+00
2.367434000000000000e+06 2.367567000000000000e+06 1.000000000000000000e+00
2.370267000000000000e+06 2.370374000000000000e+06 2.000000000000000000e+00
2.371310000000000000e+06 2.371476000000000000e+06 2.000000000000000000e+00
2.372657000000000000e+06 2.372807000000000000e+06 2.000000000000000000e+00
2.373482000000000000e+06 2.373781000000000000e+06 2.000000000000000000e+00
2.375117000000000000e+06 2.375757000000000000e+06 2.000000000000000000e+00
2.376037000000000000e+06 2.376248000000000000e+06 2.000000000000000000e+00
2.379476000000000000e+06 2.379582000000000000e+06 2.000000000000000000e+00
2.379666000000000000e+06 2.379768000000000000e+06 2.000000000000000000e+00
2.381596000000000000e+06 2.381768000000000000e+06 1.000000000000000000e+00
2.382053000000000000e+06 2.382354000000000000e+06 2.000000000000000000e+00
2.384639000000000000e+06 2.384837000000000000e+06 2.000000000000000000e+00
2.385461000000000000e+06 2.385634000000000000e+06 1.000000000000000000e+00
2.391294000000000000e+06 2.391624000000000000e+06 1.000000000000000000e+00
2.392054000000000000e+06 2.392282000000000000e+06 2.000000000000000000e+00
2.394117000000000000e+06 2.394249000000000000e+06 2.000000000000000000e+00
2.395415000000000000e+06 2.395659000000000000e+06 2.000000000000000000e+00
2.397833000000000000e+06 2.398188000000000000e+06 1.000000000000000000e+00
2.409571000000000000e+06 2.409681000000000000e+06 2.000000000000000000e+00
2.410987000000000000e+06 2.411126000000000000e+06 2.000000000000000000e+00
2.412196000000000000e+06 2.412434000000000000e+06 1.000000000000000000e+00
2.422343000000000000e+06 2.422782000000000000e+06 2.000000000000000000e+00
2.424579000000000000e+06 2.424820000000000000e+06 1.000000000000000000e+00
2.426918000000000000e+06 2.427086000000000000e+06 1.000000000000000000e+00
2.427873000000000000e+06 2.428036000000000000e+06 2.000000000000000000e+00
2.429337000000000000e+06 2.429639000000000000e+06 2.000000000000000000e+00
2.440388000000000000e+06 2.440736000000000000e+06 2.000000000000000000e+00
2.442272000000000000e+06 2.442423000000000000e+06 2.000000000000000000e+00
2.443067000000000000e+06 2.443373000000000000e+06 2.000000000000000000e+00
2.445165000000000000e+06 2.445326000000000000e+06 2.000000000000000000e+00
2.445532000000000000e+06 2.445704000000000000e+06 2.000000000000000000e+00
2.447814000000000000e+06 2.448038000000000000e+06 2.000000000000000000e+00
2.449676000000000000e+06 2.449793000000000000e+06 2.000000000000000000e+00
2.450721000000000000e+06 2.450968000000000000e+06 2.000000000000000000e+00
2.453163000000000000e+06 2.453366000000000000e+06 1.000000000000000000e+00
2.454582000000000000e+06 2.454697000000000000e+06 1.000000000000000000e+00
2.458744000000000000e+06 2.458874000000000000e+06 1.000000000000000000e+00
2.464549000000000000e+06 2.464791000000000000e+06 2.000000000000000000e+00
2.465926000000000000e+06 2.466209000000000000e+06 2.000000000000000000e+00
2.466613000000000000e+06 2.466761000000000000e+06 2.000000000000000000e+00
2.467236000000000000e+06 2.467351000000000000e+06 1.000000000000000000e+00
2.468517000000000000e+06 2.468752000000000000e+06 1.000000000000000000e+00
2.469904000000000000e+06 2.470123000000000000e+06 2.000000000000000000e+00
2.478788000000000000e+06 2.479024000000000000e+06 1.000000000000000000e+00
2.480126000000000000e+06 2.480348000000000000e+06 2.000000000000000000e+00
2.487365000000000000e+06 2.487593000000000000e+06 2.000000000000000000e+00
2.490405000000000000e+06 2.490543000000000000e+06 2.000000000000000000e+00
2.491727000000000000e+06 2.491952000000000000e+06 1.000000000000000000e+00
2.492832000000000000e+06 2.492982000000000000e+06 2.000000000000000000e+00
2.494251000000000000e+06 2.494352000000000000e+06 2.000000000000000000e+00
2.495360000000000000e+06 2.495596000000000000e+06 2.000000000000000000e+00
2.495820000000000000e+06 2.495965000000000000e+06 1.000000000000000000e+00
2.497054000000000000e+06 2.497320000000000000e+06 1.000000000000000000e+00
2.497709000000000000e+06 2.497904000000000000e+06 2.000000000000000000e+00
2.503386000000000000e+06 2.503694000000000000e+06 2.000000000000000000e+00
2.505172000000000000e+06 2.505287000000000000e+06 1.000000000000000000e+00
2.505749000000000000e+06 2.506002000000000000e+06 1.000000000000000000e+00
2.511781000000000000e+06 2.512008000000000000e+06 1.000000000000000000e+00
2.513364000000000000e+06 2.513617000000000000e+06 2.000000000000000000e+00
2.515220000000000000e+06 2.515333000000000000e+06 2.000000000000000000e+00
2.516225000000000000e+06 2.516437000000000000e+06 2.000000000000000000e+00
2.517682000000000000e+06 2.517899000000000000e+06 2.000000000000000000e+00
2.519760000000000000e+06 2.519888000000000000e+06 2.000000000000000000e+00
2.520914000000000000e+06 2.521065000000000000e+06 2.000000000000000000e+00
2.522122000000000000e+06 2.522273000000000000e+06 2.000000000000000000e+00
2.522617000000000000e+06 2.522929000000000000e+06 2.000000000000000000e+00
2.523379000000000000e+06 2.523591000000000000e+06 2.000000000000000000e+00
2.524589000000000000e+06 2.524846000000000000e+06 2.000000000000000000e+00
2.525543000000000000e+06 2.525890000000000000e+06 2.000000000000000000e+00
2.527501000000000000e+06 2.527671000000000000e+06 2.000000000000000000e+00
2.527733000000000000e+06 2.527912000000000000e+06 2.000000000000000000e+00
2.528801000000000000e+06 2.529009000000000000e+06 2.000000000000000000e+00
2.529629000000000000e+06 2.530168000000000000e+06 2.000000000000000000e+00
2.532615000000000000e+06 2.533015000000000000e+06 2.000000000000000000e+00
2.533633000000000000e+06 2.534126000000000000e+06 2.000000000000000000e+00
2.535476000000000000e+06 2.536143000000000000e+06 2.000000000000000000e+00
2.536796000000000000e+06 2.537032000000000000e+06 2.000000000000000000e+00
2.537836000000000000e+06 2.538114000000000000e+06 1.000000000000000000e+00
2.539223000000000000e+06 2.539409000000000000e+06 1.000000000000000000e+00
2.539858000000000000e+06 2.540005000000000000e+06 2.000000000000000000e+00
2.540551000000000000e+06 2.540737000000000000e+06 1.000000000000000000e+00
2.540897000000000000e+06 2.541209000000000000e+06 2.000000000000000000e+00
2.542188000000000000e+06 2.542530000000000000e+06 2.000000000000000000e+00
2.544458000000000000e+06 2.544587000000000000e+06 2.000000000000000000e+00
2.547133000000000000e+06 2.547337000000000000e+06 2.000000000000000000e+00
2.548199000000000000e+06 2.548539000000000000e+06 1.000000000000000000e+00
2.550683000000000000e+06 2.550980000000000000e+06 2.000000000000000000e+00
2.552027000000000000e+06 2.552297000000000000e+06 2.000000000000000000e+00
2.553139000000000000e+06 2.553466000000000000e+06 2.000000000000000000e+00
2.555267000000000000e+06 2.555614000000000000e+06 2.000000000000000000e+00
2.556315000000000000e+06 2.556687000000000000e+06 1.000000000000000000e+00
2.558832000000000000e+06 2.558939000000000000e+06 2.000000000000000000e+00
2.559931000000000000e+06 2.560024000000000000e+06 1.000000000000000000e+00
2.561346000000000000e+06 2.561480000000000000e+06 2.000000000000000000e+00
2.562587000000000000e+06 2.562815000000000000e+06 2.000000000000000000e+00
2.565254000000000000e+06 2.565382000000000000e+06 2.000000000000000000e+00
2.566187000000000000e+06 2.566320000000000000e+06 2.000000000000000000e+00
2.567670000000000000e+06 2.568058000000000000e+06 2.000000000000000000e+00
2.568889000000000000e+06 2.569137000000000000e+06 2.000000000000000000e+00
2.569774000000000000e+06 2.569984000000000000e+06 1.000000000000000000e+00
2.571261000000000000e+06 2.571499000000000000e+06 2.000000000000000000e+00
2.571886000000000000e+06 2.572115000000000000e+06 2.000000000000000000e+00
2.573117000000000000e+06 2.573248000000000000e+06 1.000000000000000000e+00
2.574017000000000000e+06 2.574184000000000000e+06 1.000000000000000000e+00
2.575057000000000000e+06 2.575181000000000000e+06 2.000000000000000000e+00
2.582804000000000000e+06 2.582959000000000000e+06 1.000000000000000000e+00
2.585879000000000000e+06 2.586000000000000000e+06 2.000000000000000000e+00
2.587458000000000000e+06 2.587906000000000000e+06 2.000000000000000000e+00
2.588685000000000000e+06 2.588905000000000000e+06 2.000000000000000000e+00
2.588956000000000000e+06 2.589264000000000000e+06 2.000000000000000000e+00
2.590095000000000000e+06 2.590241000000000000e+06 1.000000000000000000e+00
2.590565000000000000e+06 2.590738000000000000e+06 1.000000000000000000e+00
2.592336000000000000e+06 2.592447000000000000e+06 1.000000000000000000e+00
2.612444000000000000e+06 2.612559000000000000e+06 1.000000000000000000e+00
2.614542000000000000e+06 2.614683000000000000e+06 1.000000000000000000e+00
2.628660000000000000e+06 2.628822000000000000e+06 1.000000000000000000e+00
2.629801000000000000e+06 2.630090000000000000e+06 2.000000000000000000e+00
2.630949000000000000e+06 2.631069000000000000e+06 1.000000000000000000e+00
2.632732000000000000e+06 2.632884000000000000e+06 2.000000000000000000e+00
2.633551000000000000e+06 2.633676000000000000e+06 1.000000000000000000e+00
2.635494000000000000e+06 2.636053000000000000e+06 2.000000000000000000e+00
2.637161000000000000e+06 2.637429000000000000e+06 1.000000000000000000e+00
2.640765000000000000e+06 2.641026000000000000e+06 2.000000000000000000e+00
2.642615000000000000e+06 2.642792000000000000e+06 2.000000000000000000e+00
2.643576000000000000e+06 2.643740000000000000e+06 2.000000000000000000e+00
2.644304000000000000e+06 2.644637000000000000e+06 2.000000000000000000e+00
2.645376000000000000e+06 2.645480000000000000e+06 1.000000000000000000e+00
2.649567000000000000e+06 2.649972000000000000e+06 2.000000000000000000e+00
2.650511000000000000e+06 2.650991000000000000e+06 2.000000000000000000e+00
2.652273000000000000e+06 2.652638000000000000e+06 2.000000000000000000e+00
2.655284000000000000e+06 2.655461000000000000e+06 1.000000000000000000e+00
2.662987000000000000e+06 2.663218000000000000e+06 2.000000000000000000e+00
2.665178000000000000e+06 2.665560000000000000e+06 2.000000000000000000e+00
2.667565000000000000e+06 2.667898000000000000e+06 2.000000000000000000e+00
2.668898000000000000e+06 2.669054000000000000e+06 2.000000000000000000e+00
2.671803000000000000e+06 2.672098000000000000e+06 2.000000000000000000e+00
2.673635000000000000e+06 2.673869000000000000e+06 2.000000000000000000e+00
2.677026000000000000e+06 2.677279000000000000e+06 2.000000000000000000e+00
2.677396000000000000e+06 2.677653000000000000e+06 2.000000000000000000e+00
2.680450000000000000e+06 2.680756000000000000e+06 2.000000000000000000e+00
2.687073000000000000e+06 2.687180000000000000e+06 2.000000000000000000e+00
2.696153000000000000e+06 2.696338000000000000e+06 2.000000000000000000e+00
2.697466000000000000e+06 2.697712000000000000e+06 2.000000000000000000e+00
2.698751000000000000e+06 2.699002000000000000e+06 2.000000000000000000e+00
2.701398000000000000e+06 2.701612000000000000e+06 1.000000000000000000e+00
2.710433000000000000e+06 2.710737000000000000e+06 2.000000000000000000e+00
2.713523000000000000e+06 2.713814000000000000e+06 2.000000000000000000e+00
2.713948000000000000e+06 2.714098000000000000e+06 2.000000000000000000e+00
2.714627000000000000e+06 2.714750000000000000e+06 2.000000000000000000e+00
2.719111000000000000e+06 2.719218000000000000e+06 1.000000000000000000e+00
2.720285000000000000e+06 2.720599000000000000e+06 2.000000000000000000e+00
2.721804000000000000e+06 2.722016000000000000e+06 2.000000000000000000e+00
2.722932000000000000e+06 2.723066000000000000e+06 2.000000000000000000e+00
2.727707000000000000e+06 2.727859000000000000e+06 1.000000000000000000e+00
2.729482000000000000e+06 2.729670000000000000e+06 2.000000000000000000e+00
2.733363000000000000e+06 2.733528000000000000e+06 2.000000000000000000e+00
2.734717000000000000e+06 2.735038000000000000e+06 2.000000000000000000e+00
2.735813000000000000e+06 2.736032000000000000e+06 2.000000000000000000e+00
2.736748000000000000e+06 2.737065000000000000e+06 2.000000000000000000e+00
2.737642000000000000e+06 2.737938000000000000e+06 2.000000000000000000e+00
2.738429000000000000e+06 2.738716000000000000e+06 2.000000000000000000e+00
2.740934000000000000e+06 2.741040000000000000e+06 1.000000000000000000e+00
2.741136000000000000e+06 2.741388000000000000e+06 2.000000000000000000e+00
2.742249000000000000e+06 2.742403000000000000e+06 1.000000000000000000e+00
2.742985000000000000e+06 2.743288000000000000e+06 2.000000000000000000e+00
2.743654000000000000e+06 2.743722000000000000e+06 1.000000000000000000e+00
2.746043000000000000e+06 2.746320000000000000e+06 2.000000000000000000e+00
2.746860000000000000e+06 2.746978000000000000e+06 2.000000000000000000e+00
2.748005000000000000e+06 2.748133000000000000e+06 2.000000000000000000e+00
2.748592000000000000e+06 2.748702000000000000e+06 1.000000000000000000e+00
2.750893000000000000e+06 2.751037000000000000e+06 1.000000000000000000e+00
2.752782000000000000e+06 2.752976000000000000e+06 2.000000000000000000e+00
2.757359000000000000e+06 2.757443000000000000e+06 1.000000000000000000e+00
2.761932000000000000e+06 2.762170000000000000e+06 2.000000000000000000e+00
2.762975000000000000e+06 2.763117000000000000e+06 2.000000000000000000e+00
2.764087000000000000e+06 2.764470000000000000e+06 2.000000000000000000e+00
2.765910000000000000e+06 2.766039000000000000e+06 1.000000000000000000e+00
2.768083000000000000e+06 2.768355000000000000e+06 2.000000000000000000e+00
2.781368000000000000e+06 2.781541000000000000e+06 2.000000000000000000e+00
2.782317000000000000e+06 2.782395000000000000e+06 1.000000000000000000e+00
2.784273000000000000e+06 2.784341000000000000e+06 1.000000000000000000e+00
2.784733000000000000e+06 2.784869000000000000e+06 1.000000000000000000e+00
2.786524000000000000e+06 2.786648000000000000e+06 2.000000000000000000e+00
2.788380000000000000e+06 2.788644000000000000e+06 2.000000000000000000e+00
2.796474000000000000e+06 2.796851000000000000e+06 2.000000000000000000e+00
2.799364000000000000e+06 2.799495000000000000e+06 2.000000000000000000e+00
2.800666000000000000e+06 2.800790000000000000e+06 2.000000000000000000e+00
2.808992000000000000e+06 2.809140000000000000e+06 2.000000000000000000e+00
2.812560000000000000e+06 2.812669000000000000e+06 2.000000000000000000e+00
2.813094000000000000e+06 2.813214000000000000e+06 2.000000000000000000e+00
2.819835000000000000e+06 2.819982000000000000e+06 2.000000000000000000e+00
2.831041000000000000e+06 2.831143000000000000e+06 2.000000000000000000e+00
2.831682000000000000e+06 2.831966000000000000e+06 2.000000000000000000e+00
2.842450000000000000e+06 2.842759000000000000e+06 2.000000000000000000e+00
2.845758000000000000e+06 2.845917000000000000e+06 2.000000000000000000e+00
2.859386000000000000e+06 2.859438000000000000e+06 1.000000000000000000e+00
2.859527000000000000e+06 2.859595000000000000e+06 1.000000000000000000e+00
2.861781000000000000e+06 2.861895000000000000e+06 2.000000000000000000e+00
2.871270000000000000e+06 2.871527000000000000e+06 1.000000000000000000e+00
2.872237000000000000e+06 2.872463000000000000e+06 1.000000000000000000e+00
2.882255000000000000e+06 2.882366000000000000e+06 2.000000000000000000e+00
2.889134000000000000e+06 2.889291000000000000e+06 2.000000000000000000e+00
2.893089000000000000e+06 2.893360000000000000e+06 2.000000000000000000e+00
2.894060000000000000e+06 2.894381000000000000e+06 2.000000000000000000e+00
2.898315000000000000e+06 2.898378000000000000e+06 1.000000000000000000e+00
2.918107000000000000e+06 2.918258000000000000e+06 2.000000000000000000e+00
2.941882000000000000e+06 2.941955000000000000e+06 1.000000000000000000e+00
2.945809000000000000e+06 2.945898000000000000e+06 1.000000000000000000e+00
3.000581000000000000e+06 3.000822000000000000e+06 2.000000000000000000e+00
3.002826000000000000e+06 3.002963000000000000e+06 1.000000000000000000e+00
3.003389000000000000e+06 3.003527000000000000e+06 1.000000000000000000e+00
3.004042000000000000e+06 3.004135000000000000e+06 1.000000000000000000e+00
3.034775000000000000e+06 3.034909000000000000e+06 2.000000000000000000e+00
3.042035000000000000e+06 3.042189000000000000e+06 2.000000000000000000e+00
3.054231000000000000e+06 3.054367000000000000e+06 1.000000000000000000e+00
3.055165000000000000e+06 3.055265000000000000e+06 1.000000000000000000e+00
3.057702000000000000e+06 3.057807000000000000e+06 2.000000000000000000e+00
3.061227000000000000e+06 3.061356000000000000e+06 2.000000000000000000e+00
3.064740000000000000e+06 3.064896000000000000e+06 2.000000000000000000e+00
3.066187000000000000e+06 3.066276000000000000e+06 2.000000000000000000e+00
3.069680000000000000e+06 3.069926000000000000e+06 2.000000000000000000e+00
3.070452000000000000e+06 3.070790000000000000e+06 2.000000000000000000e+00
3.071310000000000000e+06 3.071627000000000000e+06 2.000000000000000000e+00
3.072540000000000000e+06 3.072670000000000000e+06 2.000000000000000000e+00
3.072779000000000000e+06 3.072931000000000000e+06 2.000000000000000000e+00
3.073689000000000000e+06 3.074145000000000000e+06 2.000000000000000000e+00
3.074898000000000000e+06 3.075202000000000000e+06 1.000000000000000000e+00
3.076039000000000000e+06 3.076285000000000000e+06 2.000000000000000000e+00
3.078354000000000000e+06 3.078687000000000000e+06 2.000000000000000000e+00
3.085037000000000000e+06 3.085182000000000000e+06 2.000000000000000000e+00
3.088082000000000000e+06 3.088212000000000000e+06 2.000000000000000000e+00
3.091222000000000000e+06 3.091470000000000000e+06 2.000000000000000000e+00
3.317549000000000000e+06 3.317876000000000000e+06 2.000000000000000000e+00
3.322599000000000000e+06 3.322693000000000000e+06 1.000000000000000000e+00
3.323886000000000000e+06 3.324126000000000000e+06 1.000000000000000000e+00
3.326154000000000000e+06 3.326343000000000000e+06 2.000000000000000000e+00
3.327143000000000000e+06 3.327415000000000000e+06 2.000000000000000000e+00
3.331850000000000000e+06 3.331972000000000000e+06 2.000000000000000000e+00
3.332487000000000000e+06 3.332704000000000000e+06 2.000000000000000000e+00
3.334739000000000000e+06 3.335037000000000000e+06 1.000000000000000000e+00
3.338741000000000000e+06 3.338880000000000000e+06 2.000000000000000000e+00
3.341259000000000000e+06 3.341420000000000000e+06 1.000000000000000000e+00
3.343308000000000000e+06 3.343552000000000000e+06 1.000000000000000000e+00
3.345652000000000000e+06 3.345835000000000000e+06 1.000000000000000000e+00
3.346432000000000000e+06 3.346720000000000000e+06 2.000000000000000000e+00
3.350546000000000000e+06 3.350810000000000000e+06 2.000000000000000000e+00
3.353480000000000000e+06 3.353586000000000000e+06 2.000000000000000000e+00
3.357494000000000000e+06 3.357726000000000000e+06 1.000000000000000000e+00
3.359645000000000000e+06 3.359903000000000000e+06 2.000000000000000000e+00
3.365548000000000000e+06 3.365765000000000000e+06 2.000000000000000000e+00
3.366754000000000000e+06 3.367043000000000000e+06 2.000000000000000000e+00
3.372964000000000000e+06 3.373135000000000000e+06 2.000000000000000000e+00
3.375341000000000000e+06 3.375519000000000000e+06 1.000000000000000000e+00
3.377486000000000000e+06 3.377695000000000000e+06 2.000000000000000000e+00
3.382652000000000000e+06 3.382761000000000000e+06 2.000000000000000000e+00
3.393493000000000000e+06 3.393787000000000000e+06 2.000000000000000000e+00
3.403526000000000000e+06 3.403630000000000000e+06 1.000000000000000000e+00
3.404661000000000000e+06 3.404902000000000000e+06 1.000000000000000000e+00
3.405577000000000000e+06 3.405954000000000000e+06 1.000000000000000000e+00
3.406392000000000000e+06 3.406800000000000000e+06 1.000000000000000000e+00
3.407289000000000000e+06 3.407564000000000000e+06 2.000000000000000000e+00
3.410773000000000000e+06 3.410877000000000000e+06 2.000000000000000000e+00
3.417131000000000000e+06 3.417346000000000000e+06 2.000000000000000000e+00
3.418643000000000000e+06 3.418870000000000000e+06 2.000000000000000000e+00
3.421492000000000000e+06 3.421644000000000000e+06 2.000000000000000000e+00
3.422474000000000000e+06 3.422946000000000000e+06 2.000000000000000000e+00
3.428133000000000000e+06 3.428390000000000000e+06 2.000000000000000000e+00
3.431902000000000000e+06 3.432244000000000000e+06 2.000000000000000000e+00
3.433142000000000000e+06 3.433433000000000000e+06 2.000000000000000000e+00
3.443796000000000000e+06 3.444060000000000000e+06 2.000000000000000000e+00
3.446854000000000000e+06 3.447058000000000000e+06 1.000000000000000000e+00
3.449371000000000000e+06 3.449637000000000000e+06 1.000000000000000000e+00
3.456737000000000000e+06 3.456961000000000000e+06 2.000000000000000000e+00
3.462040000000000000e+06 3.462446000000000000e+06 2.000000000000000000e+00
3.463707000000000000e+06 3.464088000000000000e+06 2.000000000000000000e+00
3.468094000000000000e+06 3.468326000000000000e+06 2.000000000000000000e+00
3.470876000000000000e+06 3.471210000000000000e+06 1.000000000000000000e+00
3.471777000000000000e+06 3.472084000000000000e+06 2.000000000000000000e+00
3.472681000000000000e+06 3.473075000000000000e+06 2.000000000000000000e+00
3.474193000000000000e+06 3.474493000000000000e+06 2.000000000000000000e+00
3.475189000000000000e+06 3.475618000000000000e+06 2.000000000000000000e+00
3.482551000000000000e+06 3.482652000000000000e+06 2.000000000000000000e+00
3.484037000000000000e+06 3.484230000000000000e+06 1.000000000000000000e+00
3.485266000000000000e+06 3.485480000000000000e+06 1.000000000000000000e+00
3.486131000000000000e+06 3.486296000000000000e+06 2.000000000000000000e+00
3.488954000000000000e+06 3.489137000000000000e+06 1.000000000000000000e+00
3.490201000000000000e+06 3.490337000000000000e+06 2.000000000000000000e+00
3.491148000000000000e+06 3.491542000000000000e+06 2.000000000000000000e+00
3.494790000000000000e+06 3.494948000000000000e+06 2.000000000000000000e+00
3.496051000000000000e+06 3.496157000000000000e+06 2.000000000000000000e+00
3.498584000000000000e+06 3.498726000000000000e+06 1.000000000000000000e+00
3.501948000000000000e+06 3.502319000000000000e+06 1.000000000000000000e+00
3.503300000000000000e+06 3.503598000000000000e+06 2.000000000000000000e+00
3.504668000000000000e+06 3.504914000000000000e+06 1.000000000000000000e+00
3.505470000000000000e+06 3.505754000000000000e+06 2.000000000000000000e+00
3.506938000000000000e+06 3.507174000000000000e+06 1.000000000000000000e+00
3.511756000000000000e+06 3.511897000000000000e+06 1.000000000000000000e+00
3.513221000000000000e+06 3.513540000000000000e+06 1.000000000000000000e+00
3.514659000000000000e+06 3.514859000000000000e+06 2.000000000000000000e+00
3.516360000000000000e+06 3.516668000000000000e+06 2.000000000000000000e+00
3.518036000000000000e+06 3.518173000000000000e+06 2.000000000000000000e+00
3.522668000000000000e+06 3.522814000000000000e+06 1.000000000000000000e+00
3.523163000000000000e+06 3.523342000000000000e+06 2.000000000000000000e+00
3.523775000000000000e+06 3.523999000000000000e+06 2.000000000000000000e+00
3.540613000000000000e+06 3.540872000000000000e+06 2.000000000000000000e+00
3.543472000000000000e+06 3.543728000000000000e+06 1.000000000000000000e+00
3.544291000000000000e+06 3.544605000000000000e+06 2.000000000000000000e+00
3.547414000000000000e+06 3.547588000000000000e+06 2.000000000000000000e+00
3.550536000000000000e+06 3.550641000000000000e+06 2.000000000000000000e+00
3.551559000000000000e+06 3.551627000000000000e+06 1.000000000000000000e+00
3.552278000000000000e+06 3.552528000000000000e+06 2.000000000000000000e+00
3.556039000000000000e+06 3.556274000000000000e+06 2.000000000000000000e+00
3.558312000000000000e+06 3.558422000000000000e+06 1.000000000000000000e+00
3.591198000000000000e+06 3.591368000000000000e+06 1.000000000000000000e+00
3.592669000000000000e+06 3.593048000000000000e+06 2.000000000000000000e+00
3.593674000000000000e+06 3.594000000000000000e+06 1.000000000000000000e+00
3.594605000000000000e+06 3.594840000000000000e+06 2.000000000000000000e+00
3.595704000000000000e+06 3.595866000000000000e+06 1.000000000000000000e+00
3.596861000000000000e+06 3.597021000000000000e+06 2.000000000000000000e+00
3.597463000000000000e+06 3.597576000000000000e+06 2.000000000000000000e+00
3.597666000000000000e+06 3.598013000000000000e+06 2.000000000000000000e+00
3.598496000000000000e+06 3.598727000000000000e+06 2.000000000000000000e+00
3.599025000000000000e+06 3.599231000000000000e+06 2.000000000000000000e+00
3.599499000000000000e+06 3.599793000000000000e+06 2.000000000000000000e+00
3.600658000000000000e+06 3.600867000000000000e+06 1.000000000000000000e+00
3.601829000000000000e+06 3.602075000000000000e+06 1.000000000000000000e+00
3.606422000000000000e+06 3.606720000000000000e+06 1.000000000000000000e+00
3.607168000000000000e+06 3.607303000000000000e+06 2.000000000000000000e+00
3.615855000000000000e+06 3.615979000000000000e+06 2.000000000000000000e+00
3.617933000000000000e+06 3.618032000000000000e+06 1.000000000000000000e+00
3.618609000000000000e+06 3.618748000000000000e+06 1.000000000000000000e+00
3.623650000000000000e+06 3.623797000000000000e+06 1.000000000000000000e+00
3.626035000000000000e+06 3.626371000000000000e+06 2.000000000000000000e+00
3.630550000000000000e+06 3.630787000000000000e+06 2.000000000000000000e+00
3.632790000000000000e+06 3.633040000000000000e+06 2.000000000000000000e+00
3.634513000000000000e+06 3.634617000000000000e+06 1.000000000000000000e+00
3.636257000000000000e+06 3.636510000000000000e+06 2.000000000000000000e+00
3.638887000000000000e+06 3.639115000000000000e+06 2.000000000000000000e+00
3.641740000000000000e+06 3.642130000000000000e+06 2.000000000000000000e+00
3.643125000000000000e+06 3.643302000000000000e+06 2.000000000000000000e+00
3.644759000000000000e+06 3.644943000000000000e+06 2.000000000000000000e+00
3.645017000000000000e+06 3.645100000000000000e+06 1.000000000000000000e+00
3.645537000000000000e+06 3.645687000000000000e+06 2.000000000000000000e+00
3.646523000000000000e+06 3.646900000000000000e+06 2.000000000000000000e+00
3.647740000000000000e+06 3.647901000000000000e+06 2.000000000000000000e+00
3.647979000000000000e+06 3.648090000000000000e+06 2.000000000000000000e+00
3.651213000000000000e+06 3.651438000000000000e+06 1.000000000000000000e+00
3.654267000000000000e+06 3.654682000000000000e+06 2.000000000000000000e+00
3.657723000000000000e+06 3.658062000000000000e+06 2.000000000000000000e+00
3.659248000000000000e+06 3.659415000000000000e+06 2.000000000000000000e+00
3.661748000000000000e+06 3.661932000000000000e+06 2.000000000000000000e+00
3.664582000000000000e+06 3.664804000000000000e+06 2.000000000000000000e+00
3.665405000000000000e+06 3.665776000000000000e+06 1.000000000000000000e+00
3.666504000000000000e+06 3.666869000000000000e+06 2.000000000000000000e+00
3.670690000000000000e+06 3.670815000000000000e+06 2.000000000000000000e+00
3.673946000000000000e+06 3.674069000000000000e+06 2.000000000000000000e+00
3.675309000000000000e+06 3.675503000000000000e+06 2.000000000000000000e+00
3.676570000000000000e+06 3.676776000000000000e+06 2.000000000000000000e+00
3.681021000000000000e+06 3.681169000000000000e+06 2.000000000000000000e+00
3.682590000000000000e+06 3.682713000000000000e+06 2.000000000000000000e+00
3.683660000000000000e+06 3.683828000000000000e+06 2.000000000000000000e+00
3.684742000000000000e+06 3.685200000000000000e+06 2.000000000000000000e+00
3.685939000000000000e+06 3.686049000000000000e+06 1.000000000000000000e+00
3.691815000000000000e+06 3.691932000000000000e+06 2.000000000000000000e+00
3.693077000000000000e+06 3.693295000000000000e+06 2.000000000000000000e+00
3.696031000000000000e+06 3.696326000000000000e+06 2.000000000000000000e+00
3.698730000000000000e+06 3.698857000000000000e+06 2.000000000000000000e+00
3.699354000000000000e+06 3.699632000000000000e+06 2.000000000000000000e+00
3.699964000000000000e+06 3.700267000000000000e+06 1.000000000000000000e+00
3.700576000000000000e+06 3.700987000000000000e+06 2.000000000000000000e+00
3.701156000000000000e+06 3.701235000000000000e+06 1.000000000000000000e+00
3.701573000000000000e+06 3.701808000000000000e+06 2.000000000000000000e+00
3.702637000000000000e+06 3.702870000000000000e+06 2.000000000000000000e+00
3.703450000000000000e+06 3.704025000000000000e+06 1.000000000000000000e+00
3.704252000000000000e+06 3.704390000000000000e+06 2.000000000000000000e+00
3.705687000000000000e+06 3.705887000000000000e+06 2.000000000000000000e+00
3.709187000000000000e+06 3.709536000000000000e+06 2.000000000000000000e+00
3.718740000000000000e+06 3.718997000000000000e+06 1.000000000000000000e+00
3.724860000000000000e+06 3.725016000000000000e+06 2.000000000000000000e+00
3.726668000000000000e+06 3.726964000000000000e+06 2.000000000000000000e+00
3.728564000000000000e+06 3.728668000000000000e+06 2.000000000000000000e+00
3.729614000000000000e+06 3.729799000000000000e+06 2.000000000000000000e+00
3.730463000000000000e+06 3.730599000000000000e+06 2.000000000000000000e+00
3.731351000000000000e+06 3.731631000000000000e+06 1.000000000000000000e+00
3.731849000000000000e+06 3.732030000000000000e+06 2.000000000000000000e+00
3.732505000000000000e+06 3.732759000000000000e+06 2.000000000000000000e+00
3.733601000000000000e+06 3.733908000000000000e+06 2.000000000000000000e+00
3.736234000000000000e+06 3.736371000000000000e+06 2.000000000000000000e+00
3.746326000000000000e+06 3.746483000000000000e+06 2.000000000000000000e+00
3.747145000000000000e+06 3.747286000000000000e+06 1.000000000000000000e+00
3.749378000000000000e+06 3.749499000000000000e+06 1.000000000000000000e+00
3.750597000000000000e+06 3.750707000000000000e+06 1.000000000000000000e+00
3.760017000000000000e+06 3.760166000000000000e+06 2.000000000000000000e+00
3.760221000000000000e+06 3.760338000000000000e+06 2.000000000000000000e+00
3.770577000000000000e+06 3.770900000000000000e+06 2.000000000000000000e+00
3.772629000000000000e+06 3.772794000000000000e+06 2.000000000000000000e+00
3.780231000000000000e+06 3.780566000000000000e+06 1.000000000000000000e+00
3.782088000000000000e+06 3.782193000000000000e+06 1.000000000000000000e+00
3.782699000000000000e+06 3.782939000000000000e+06 2.000000000000000000e+00
3.784170000000000000e+06 3.784462000000000000e+06 1.000000000000000000e+00
3.784628000000000000e+06 3.784717000000000000e+06 1.000000000000000000e+00
3.785073000000000000e+06 3.785207000000000000e+06 2.000000000000000000e+00
3.788503000000000000e+06 3.788967000000000000e+06 2.000000000000000000e+00
3.789304000000000000e+06 3.789691000000000000e+06 2.000000000000000000e+00
3.790871000000000000e+06 3.790976000000000000e+06 2.000000000000000000e+00
3.791224000000000000e+06 3.791444000000000000e+06 1.000000000000000000e+00
3.795014000000000000e+06 3.795207000000000000e+06 2.000000000000000000e+00
3.795993000000000000e+06 3.796237000000000000e+06 2.000000000000000000e+00
3.803592000000000000e+06 3.803783000000000000e+06 2.000000000000000000e+00
3.806254000000000000e+06 3.806398000000000000e+06 2.000000000000000000e+00
3.806705000000000000e+06 3.807074000000000000e+06 2.000000000000000000e+00
3.809985000000000000e+06 3.810222000000000000e+06 2.000000000000000000e+00
3.817793000000000000e+06 3.817996000000000000e+06 2.000000000000000000e+00
3.818759000000000000e+06 3.819037000000000000e+06 2.000000000000000000e+00
3.819603000000000000e+06 3.819770000000000000e+06 1.000000000000000000e+00
3.820487000000000000e+06 3.820626000000000000e+06 2.000000000000000000e+00
3.822998000000000000e+06 3.823220000000000000e+06 2.000000000000000000e+00
3.830152000000000000e+06 3.830390000000000000e+06 2.000000000000000000e+00
3.831077000000000000e+06 3.831252000000000000e+06 2.000000000000000000e+00
3.831676000000000000e+06 3.831876000000000000e+06 2.000000000000000000e+00
3.832743000000000000e+06 3.833026000000000000e+06 2.000000000000000000e+00
3.834036000000000000e+06 3.834401000000000000e+06 2.000000000000000000e+00
3.836319000000000000e+06 3.836599000000000000e+06 2.000000000000000000e+00
3.841928000000000000e+06 3.842277000000000000e+06 2.000000000000000000e+00
3.842844000000000000e+06 3.842998000000000000e+06 2.000000000000000000e+00
3.852699000000000000e+06 3.853008000000000000e+06 1.000000000000000000e+00
3.853916000000000000e+06 3.854183000000000000e+06 2.000000000000000000e+00
3.854646000000000000e+06 3.854887000000000000e+06 2.000000000000000000e+00
3.856091000000000000e+06 3.856490000000000000e+06 2.000000000000000000e+00
3.857377000000000000e+06 3.857704000000000000e+06 2.000000000000000000e+00
3.859009000000000000e+06 3.859176000000000000e+06 2.000000000000000000e+00
3.860018000000000000e+06 3.860331000000000000e+06 1.000000000000000000e+00
3.860786000000000000e+06 3.860983000000000000e+06 2.000000000000000000e+00
3.862323000000000000e+06 3.862578000000000000e+06 2.000000000000000000e+00
3.864897000000000000e+06 3.865285000000000000e+06 2.000000000000000000e+00
3.867125000000000000e+06 3.867270000000000000e+06 2.000000000000000000e+00
3.867325000000000000e+06 3.867414000000000000e+06 1.000000000000000000e+00
3.868809000000000000e+06 3.869070000000000000e+06 2.000000000000000000e+00
3.870568000000000000e+06 3.870892000000000000e+06 2.000000000000000000e+00
3.871498000000000000e+06 3.871898000000000000e+06 2.000000000000000000e+00
3.873465000000000000e+06 3.873602000000000000e+06 1.000000000000000000e+00
3.873911000000000000e+06 3.874039000000000000e+06 2.000000000000000000e+00
3.876626000000000000e+06 3.876678000000000000e+06 1.000000000000000000e+00
3.878781000000000000e+06 3.879102000000000000e+06 2.000000000000000000e+00
3.880754000000000000e+06 3.880971000000000000e+06 2.000000000000000000e+00
3.881837000000000000e+06 3.882000000000000000e+06 2.000000000000000000e+00
3.882058000000000000e+06 3.882165000000000000e+06 2.000000000000000000e+00
3.883370000000000000e+06 3.883614000000000000e+06 2.000000000000000000e+00
3.884355000000000000e+06 3.884678000000000000e+06 2.000000000000000000e+00
3.885684000000000000e+06 3.885943000000000000e+06 2.000000000000000000e+00
3.886669000000000000e+06 3.886851000000000000e+06 2.000000000000000000e+00
3.887569000000000000e+06 3.887700000000000000e+06 1.000000000000000000e+00
3.888119000000000000e+06 3.888302000000000000e+06 1.000000000000000000e+00
3.888588000000000000e+06 3.888749000000000000e+06 2.000000000000000000e+00
3.889618000000000000e+06 3.889721000000000000e+06 1.000000000000000000e+00
3.890033000000000000e+06 3.890280000000000000e+06 2.000000000000000000e+00
3.890786000000000000e+06 3.890996000000000000e+06 1.000000000000000000e+00
3.891553000000000000e+06 3.891658000000000000e+06 2.000000000000000000e+00
3.893680000000000000e+06 3.893882000000000000e+06 2.000000000000000000e+00
3.897002000000000000e+06 3.897240000000000000e+06 2.000000000000000000e+00
3.897550000000000000e+06 3.897696000000000000e+06 2.000000000000000000e+00
3.898608000000000000e+06 3.898834000000000000e+06 2.000000000000000000e+00
3.901664000000000000e+06 3.901921000000000000e+06 2.000000000000000000e+00
3.902898000000000000e+06 3.903015000000000000e+06 2.000000000000000000e+00
3.904371000000000000e+06 3.904618000000000000e+06 2.000000000000000000e+00
3.905376000000000000e+06 3.905815000000000000e+06 2.000000000000000000e+00
3.906637000000000000e+06 3.906851000000000000e+06 1.000000000000000000e+00
3.907994000000000000e+06 3.908204000000000000e+06 2.000000000000000000e+00
3.908635000000000000e+06 3.908915000000000000e+06 2.000000000000000000e+00
3.909340000000000000e+06 3.909443000000000000e+06 1.000000000000000000e+00
3.910887000000000000e+06 3.911004000000000000e+06 2.000000000000000000e+00
3.913191000000000000e+06 3.913301000000000000e+06 1.000000000000000000e+00
3.914352000000000000e+06 3.914535000000000000e+06 1.000000000000000000e+00
3.915744000000000000e+06 3.915961000000000000e+06 2.000000000000000000e+00
3.916246000000000000e+06 3.916392000000000000e+06 1.000000000000000000e+00
3.918454000000000000e+06 3.918733000000000000e+06 2.000000000000000000e+00
3.919342000000000000e+06 3.919468000000000000e+06 2.000000000000000000e+00
3.919943000000000000e+06 3.920215000000000000e+06 2.000000000000000000e+00
3.921980000000000000e+06 3.922198000000000000e+06 2.000000000000000000e+00
3.923157000000000000e+06 3.923406000000000000e+06 2.000000000000000000e+00
3.924606000000000000e+06 3.924822000000000000e+06 2.000000000000000000e+00
3.925983000000000000e+06 3.926144000000000000e+06 2.000000000000000000e+00
3.931517000000000000e+06 3.931736000000000000e+06 2.000000000000000000e+00
3.933980000000000000e+06 3.934077000000000000e+06 1.000000000000000000e+00
3.935290000000000000e+06 3.935558000000000000e+06 2.000000000000000000e+00
3.937382000000000000e+06 3.937722000000000000e+06 1.000000000000000000e+00
3.937948000000000000e+06 3.938337000000000000e+06 2.000000000000000000e+00
3.941376000000000000e+06 3.941508000000000000e+06 2.000000000000000000e+00
3.941879000000000000e+06 3.942088000000000000e+06 1.000000000000000000e+00
3.943874000000000000e+06 3.944021000000000000e+06 2.000000000000000000e+00
3.944169000000000000e+06 3.944332000000000000e+06 2.000000000000000000e+00
3.945093000000000000e+06 3.945254000000000000e+06 2.000000000000000000e+00
3.952628000000000000e+06 3.952821000000000000e+06 1.000000000000000000e+00
3.953829000000000000e+06 3.954094000000000000e+06 1.000000000000000000e+00
3.954859000000000000e+06 3.955005000000000000e+06 1.000000000000000000e+00
3.961681000000000000e+06 3.961862000000000000e+06 2.000000000000000000e+00
3.965650000000000000e+06 3.965760000000000000e+06 1.000000000000000000e+00
3.973400000000000000e+06 3.973506000000000000e+06 2.000000000000000000e+00
3.974159000000000000e+06 3.974404000000000000e+06 2.000000000000000000e+00
3.974937000000000000e+06 3.975059000000000000e+06 2.000000000000000000e+00
3.976313000000000000e+06 3.976593000000000000e+06 2.000000000000000000e+00
3.980512000000000000e+06 3.980784000000000000e+06 2.000000000000000000e+00
3.985881000000000000e+06 3.986505000000000000e+06 2.000000000000000000e+00
3.991237000000000000e+06 3.991509000000000000e+06 2.000000000000000000e+00
3.992304000000000000e+06 3.992432000000000000e+06 2.000000000000000000e+00
3.996198000000000000e+06 3.996426000000000000e+06 2.000000000000000000e+00
3.998375000000000000e+06 3.998672000000000000e+06 2.000000000000000000e+00
3.999453000000000000e+06 3.999719000000000000e+06 2.000000000000000000e+00
4.000704000000000000e+06 4.000940000000000000e+06 2.000000000000000000e+00
4.005704000000000000e+06 4.005866000000000000e+06 1.000000000000000000e+00
4.007257000000000000e+06 4.007537000000000000e+06 2.000000000000000000e+00
4.009646000000000000e+06 4.009777000000000000e+06 1.000000000000000000e+00
4.015476000000000000e+06 4.015586000000000000e+06 1.000000000000000000e+00
4.015898000000000000e+06 4.016155000000000000e+06 2.000000000000000000e+00
4.016717000000000000e+06 4.016882000000000000e+06 2.000000000000000000e+00
4.021596000000000000e+06 4.021725000000000000e+06 1.000000000000000000e+00
4.022917000000000000e+06 4.023074000000000000e+06 1.000000000000000000e+00
4.026359000000000000e+06 4.026468000000000000e+06 2.000000000000000000e+00
4.026522000000000000e+06 4.026686000000000000e+06 2.000000000000000000e+00
4.030173000000000000e+06 4.030356000000000000e+06 1.000000000000000000e+00
4.034176000000000000e+06 4.034459000000000000e+06 2.000000000000000000e+00
4.041516000000000000e+06 4.041595000000000000e+06 1.000000000000000000e+00
4.042304000000000000e+06 4.042687000000000000e+06 2.000000000000000000e+00
4.044343000000000000e+06 4.044656000000000000e+06 2.000000000000000000e+00
4.045341000000000000e+06 4.045441000000000000e+06 2.000000000000000000e+00
4.060826000000000000e+06 4.060952000000000000e+06 2.000000000000000000e+00
4.065885000000000000e+06 4.066176000000000000e+06 2.000000000000000000e+00
4.066684000000000000e+06 4.066936000000000000e+06 2.000000000000000000e+00
4.067530000000000000e+06 4.067661000000000000e+06 1.000000000000000000e+00
4.068084000000000000e+06 4.068222000000000000e+06 2.000000000000000000e+00
4.069807000000000000e+06 4.070164000000000000e+06 2.000000000000000000e+00
4.071265000000000000e+06 4.071511000000000000e+06 2.000000000000000000e+00
4.072515000000000000e+06 4.072676000000000000e+06 2.000000000000000000e+00
4.073316000000000000e+06 4.073562000000000000e+06 2.000000000000000000e+00
4.073804000000000000e+06 4.073954000000000000e+06 2.000000000000000000e+00
4.076604000000000000e+06 4.076715000000000000e+06 1.000000000000000000e+00
4.076771000000000000e+06 4.077118000000000000e+06 2.000000000000000000e+00
4.086046000000000000e+06 4.086114000000000000e+06 1.000000000000000000e+00
4.092693000000000000e+06 4.092893000000000000e+06 2.000000000000000000e+00
4.093681000000000000e+06 4.093827000000000000e+06 2.000000000000000000e+00
4.101475000000000000e+06 4.101639000000000000e+06 2.000000000000000000e+00
4.107953000000000000e+06 4.108139000000000000e+06 2.000000000000000000e+00
4.112376000000000000e+06 4.112593000000000000e+06 2.000000000000000000e+00
4.113587000000000000e+06 4.113815000000000000e+06 2.000000000000000000e+00
4.117740000000000000e+06 4.118026000000000000e+06 2.000000000000000000e+00
4.118901000000000000e+06 4.119214000000000000e+06 2.000000000000000000e+00
4.119953000000000000e+06 4.120100000000000000e+06 1.000000000000000000e+00
4.122008000000000000e+06 4.122283000000000000e+06 2.000000000000000000e+00
4.127745000000000000e+06 4.127834000000000000e+06 1.000000000000000000e+00
4.132970000000000000e+06 4.133195000000000000e+06 1.000000000000000000e+00
4.136837000000000000e+06 4.137073000000000000e+06 2.000000000000000000e+00
4.138443000000000000e+06 4.138574000000000000e+06 2.000000000000000000e+00
4.138937000000000000e+06 4.139037000000000000e+06 1.000000000000000000e+00
4.159559000000000000e+06 4.159770000000000000e+06 2.000000000000000000e+00
4.168955000000000000e+06 4.169099000000000000e+06 2.000000000000000000e+00
4.170726000000000000e+06 4.170908000000000000e+06 2.000000000000000000e+00
4.180681000000000000e+06 4.180783000000000000e+06 2.000000000000000000e+00
4.190804000000000000e+06 4.190882000000000000e+06 1.000000000000000000e+00
4.191765000000000000e+06 4.191866000000000000e+06 2.000000000000000000e+00
4.192793000000000000e+06 4.192925000000000000e+06 2.000000000000000000e+00
4.200621000000000000e+06 4.200888000000000000e+06 1.000000000000000000e+00
4.208679000000000000e+06 4.208790000000000000e+06 1.000000000000000000e+00
4.210380000000000000e+06 4.210595000000000000e+06 2.000000000000000000e+00
4.216414000000000000e+06 4.216525000000000000e+06 1.000000000000000000e+00
4.233745000000000000e+06 4.234126000000000000e+06 2.000000000000000000e+00
4.242238000000000000e+06 4.242323000000000000e+06 1.000000000000000000e+00
4.245291000000000000e+06 4.245477000000000000e+06 2.000000000000000000e+00
4.251266000000000000e+06 4.251889000000000000e+06 2.000000000000000000e+00
4.251987000000000000e+06 4.252493000000000000e+06 2.000000000000000000e+00
4.795281000000000000e+06 4.795397000000000000e+06 1.000000000000000000e+00
4.810566000000000000e+06 4.810744000000000000e+06 2.000000000000000000e+00
4.819209000000000000e+06 4.819398000000000000e+06 2.000000000000000000e+00
4.819819000000000000e+06 4.819930000000000000e+06 2.000000000000000000e+00
4.820082000000000000e+06 4.820359000000000000e+06 2.000000000000000000e+00
4.821203000000000000e+06 4.821566000000000000e+06 2.000000000000000000e+00
4.825891000000000000e+06 4.826020000000000000e+06 2.000000000000000000e+00
4.831703000000000000e+06 4.831809000000000000e+06 1.000000000000000000e+00
4.832686000000000000e+06 4.833009000000000000e+06 2.000000000000000000e+00
4.833290000000000000e+06 4.833427000000000000e+06 2.000000000000000000e+00
4.833519000000000000e+06 4.833691000000000000e+06 2.000000000000000000e+00
4.840002000000000000e+06 4.840433000000000000e+06 2.000000000000000000e+00
4.848083000000000000e+06 4.848822000000000000e+06 2.000000000000000000e+00
4.849261000000000000e+06 4.849426000000000000e+06 2.000000000000000000e+00
4.850945000000000000e+06 4.851241000000000000e+06 2.000000000000000000e+00
4.851346000000000000e+06 4.851650000000000000e+06 2.000000000000000000e+00
4.855574000000000000e+06 4.855785000000000000e+06 2.000000000000000000e+00
4.855840000000000000e+06 4.856002000000000000e+06 1.000000000000000000e+00
4.856043000000000000e+06 4.856276000000000000e+06 2.000000000000000000e+00
4.856333000000000000e+06 4.856703000000000000e+06 2.000000000000000000e+00
4.857300000000000000e+06 4.857436000000000000e+06 2.000000000000000000e+00
4.882206000000000000e+06 4.882530000000000000e+06 2.000000000000000000e+00
4.884488000000000000e+06 4.884913000000000000e+06 2.000000000000000000e+00
4.887345000000000000e+06 4.887474000000000000e+06 2.000000000000000000e+00
4.887837000000000000e+06 4.887915000000000000e+06 2.000000000000000000e+00
4.896016000000000000e+06 4.896423000000000000e+06 2.000000000000000000e+00
4.898336000000000000e+06 4.898442000000000000e+06 2.000000000000000000e+00
4.899016000000000000e+06 4.899168000000000000e+06 2.000000000000000000e+00
4.900911000000000000e+06 4.901152000000000000e+06 2.000000000000000000e+00
4.901886000000000000e+06 4.902142000000000000e+06 1.000000000000000000e+00
4.904372000000000000e+06 4.904665000000000000e+06 2.000000000000000000e+00
4.905170000000000000e+06 4.905365000000000000e+06 2.000000000000000000e+00
4.907873000000000000e+06 4.908023000000000000e+06 2.000000000000000000e+00
4.908626000000000000e+06 4.908737000000000000e+06 2.000000000000000000e+00
4.909417000000000000e+06 4.909557000000000000e+06 2.000000000000000000e+00
4.918664000000000000e+06 4.918774000000000000e+06 2.000000000000000000e+00
4.921269000000000000e+06 4.921389000000000000e+06 2.000000000000000000e+00
4.922893000000000000e+06 4.923193000000000000e+06 2.000000000000000000e+00
4.924656000000000000e+06 4.924808000000000000e+06 2.000000000000000000e+00
4.925058000000000000e+06 4.925158000000000000e+06 2.000000000000000000e+00
4.931682000000000000e+06 4.932371000000000000e+06 2.000000000000000000e+00
4.933915000000000000e+06 4.934139000000000000e+06 2.000000000000000000e+00
4.935525000000000000e+06 4.935845000000000000e+06 2.000000000000000000e+00
4.939315000000000000e+06 4.939474000000000000e+06 2.000000000000000000e+00
4.940619000000000000e+06 4.940859000000000000e+06 2.000000000000000000e+00
4.942097000000000000e+06 4.942638000000000000e+06 2.000000000000000000e+00
4.943025000000000000e+06 4.943224000000000000e+06 2.000000000000000000e+00
4.946912000000000000e+06 4.947074000000000000e+06 1.000000000000000000e+00
4.948989000000000000e+06 4.949219000000000000e+06 2.000000000000000000e+00
4.951290000000000000e+06 4.951569000000000000e+06 2.000000000000000000e+00
4.952876000000000000e+06 4.953035000000000000e+06 2.000000000000000000e+00
4.953831000000000000e+06 4.954123000000000000e+06 2.000000000000000000e+00
4.954726000000000000e+06 4.954915000000000000e+06 1.000000000000000000e+00
4.966659000000000000e+06 4.966952000000000000e+06 2.000000000000000000e+00
4.986145000000000000e+06 4.986423000000000000e+06 2.000000000000000000e+00
4.988632000000000000e+06 4.988794000000000000e+06 1.000000000000000000e+00
4.996253000000000000e+06 4.996392000000000000e+06 2.000000000000000000e+00
5.002289000000000000e+06 5.002658000000000000e+06 2.000000000000000000e+00
5.004289000000000000e+06 5.004446000000000000e+06 1.000000000000000000e+00
5.006922000000000000e+06 5.007236000000000000e+06 1.000000000000000000e+00
5.009613000000000000e+06 5.009913000000000000e+06 2.000000000000000000e+00
5.014047000000000000e+06 5.014178000000000000e+06 1.000000000000000000e+00
5.014554000000000000e+06 5.014768000000000000e+06 2.000000000000000000e+00
5.018748000000000000e+06 5.018929000000000000e+06 2.000000000000000000e+00
5.019531000000000000e+06 5.019735000000000000e+06 1.000000000000000000e+00
5.020205000000000000e+06 5.020543000000000000e+06 2.000000000000000000e+00
5.021447000000000000e+06 5.021843000000000000e+06 2.000000000000000000e+00
5.022490000000000000e+06 5.022864000000000000e+06 2.000000000000000000e+00
5.024312000000000000e+06 5.024437000000000000e+06 2.000000000000000000e+00
5.025453000000000000e+06 5.025953000000000000e+06 2.000000000000000000e+00
5.026556000000000000e+06 5.026729000000000000e+06 2.000000000000000000e+00
5.026815000000000000e+06 5.026970000000000000e+06 2.000000000000000000e+00
5.028145000000000000e+06 5.028313000000000000e+06 2.000000000000000000e+00
5.034034000000000000e+06 5.034384000000000000e+06 2.000000000000000000e+00
5.034925000000000000e+06 5.035073000000000000e+06 2.000000000000000000e+00
5.035310000000000000e+06 5.035500000000000000e+06 1.000000000000000000e+00
5.036265000000000000e+06 5.036459000000000000e+06 1.000000000000000000e+00
5.037630000000000000e+06 5.037951000000000000e+06 2.000000000000000000e+00
5.038540000000000000e+06 5.038651000000000000e+06 2.000000000000000000e+00
5.040076000000000000e+06 5.040549000000000000e+06 1.000000000000000000e+00
5.042290000000000000e+06 5.042390000000000000e+06 2.000000000000000000e+00
5.042887000000000000e+06 5.043137000000000000e+06 2.000000000000000000e+00
5.043618000000000000e+06 5.043982000000000000e+06 2.000000000000000000e+00
5.044408000000000000e+06 5.044523000000000000e+06 1.000000000000000000e+00
5.050712000000000000e+06 5.050888000000000000e+06 2.000000000000000000e+00
5.052516000000000000e+06 5.052600000000000000e+06 1.000000000000000000e+00
5.054912000000000000e+06 5.055126000000000000e+06 1.000000000000000000e+00
5.058132000000000000e+06 5.058401000000000000e+06 2.000000000000000000e+00
5.058654000000000000e+06 5.058782000000000000e+06 2.000000000000000000e+00
5.059495000000000000e+06 5.059735000000000000e+06 2.000000000000000000e+00
5.060137000000000000e+06 5.060320000000000000e+06 2.000000000000000000e+00
5.061592000000000000e+06 5.061883000000000000e+06 2.000000000000000000e+00
5.065136000000000000e+06 5.065257000000000000e+06 1.000000000000000000e+00
5.065527000000000000e+06 5.065649000000000000e+06 1.000000000000000000e+00
5.067104000000000000e+06 5.067212000000000000e+06 1.000000000000000000e+00
5.068186000000000000e+06 5.068358000000000000e+06 2.000000000000000000e+00
5.068568000000000000e+06 5.068760000000000000e+06 2.000000000000000000e+00
5.070339000000000000e+06 5.070606000000000000e+06 2.000000000000000000e+00
5.074103000000000000e+06 5.074214000000000000e+06 2.000000000000000000e+00
5.074535000000000000e+06 5.074828000000000000e+06 2.000000000000000000e+00
5.075191000000000000e+06 5.075342000000000000e+06 2.000000000000000000e+00
5.075408000000000000e+06 5.075667000000000000e+06 2.000000000000000000e+00
5.076006000000000000e+06 5.076308000000000000e+06 2.000000000000000000e+00
5.077627000000000000e+06 5.077826000000000000e+06 2.000000000000000000e+00
5.078032000000000000e+06 5.078245000000000000e+06 2.000000000000000000e+00
5.079077000000000000e+06 5.079333000000000000e+06 2.000000000000000000e+00
5.079873000000000000e+06 5.079953000000000000e+06 1.000000000000000000e+00
5.082108000000000000e+06 5.082297000000000000e+06 2.000000000000000000e+00
5.082695000000000000e+06 5.082805000000000000e+06 2.000000000000000000e+00
5.083454000000000000e+06 5.083676000000000000e+06 2.000000000000000000e+00
5.084308000000000000e+06 5.084625000000000000e+06 2.000000000000000000e+00
5.086734000000000000e+06 5.086874000000000000e+06 2.000000000000000000e+00
5.096802000000000000e+06 5.096938000000000000e+06 1.000000000000000000e+00
5.101651000000000000e+06 5.101798000000000000e+06 1.000000000000000000e+00
5.102313000000000000e+06 5.102498000000000000e+06 2.000000000000000000e+00
5.103244000000000000e+06 5.103471000000000000e+06 2.000000000000000000e+00
5.105665000000000000e+06 5.105776000000000000e+06 1.000000000000000000e+00
5.114642000000000000e+06 5.114853000000000000e+06 2.000000000000000000e+00
5.116382000000000000e+06 5.116598000000000000e+06 2.000000000000000000e+00
5.117023000000000000e+06 5.117226000000000000e+06 2.000000000000000000e+00
5.118020000000000000e+06 5.118370000000000000e+06 2.000000000000000000e+00
5.119263000000000000e+06 5.119515000000000000e+06 2.000000000000000000e+00
5.120306000000000000e+06 5.120724000000000000e+06 2.000000000000000000e+00
5.121290000000000000e+06 5.121488000000000000e+06 2.000000000000000000e+00
5.123471000000000000e+06 5.123609000000000000e+06 2.000000000000000000e+00
5.124320000000000000e+06 5.124775000000000000e+06 1.000000000000000000e+00
5.127490000000000000e+06 5.127605000000000000e+06 1.000000000000000000e+00
5.129624000000000000e+06 5.129847000000000000e+06 2.000000000000000000e+00
5.135899000000000000e+06 5.136178000000000000e+06 2.000000000000000000e+00
5.137077000000000000e+06 5.137235000000000000e+06 1.000000000000000000e+00
5.139878000000000000e+06 5.140013000000000000e+06 1.000000000000000000e+00
5.141854000000000000e+06 5.142078000000000000e+06 2.000000000000000000e+00
5.142808000000000000e+06 5.143214000000000000e+06 2.000000000000000000e+00
5.143412000000000000e+06 5.143627000000000000e+06 2.000000000000000000e+00
5.147205000000000000e+06 5.147532000000000000e+06 2.000000000000000000e+00
5.148603000000000000e+06 5.148723000000000000e+06 1.000000000000000000e+00
5.150343000000000000e+06 5.150681000000000000e+06 2.000000000000000000e+00
5.152476000000000000e+06 5.152701000000000000e+06 1.000000000000000000e+00
5.153291000000000000e+06 5.153597000000000000e+06 2.000000000000000000e+00
5.155343000000000000e+06 5.155487000000000000e+06 2.000000000000000000e+00
5.156883000000000000e+06 5.157146000000000000e+06 2.000000000000000000e+00
5.157684000000000000e+06 5.158041000000000000e+06 2.000000000000000000e+00
5.158920000000000000e+06 5.159113000000000000e+06 2.000000000000000000e+00
5.159573000000000000e+06 5.159699000000000000e+06 2.000000000000000000e+00
5.159757000000000000e+06 5.160065000000000000e+06 2.000000000000000000e+00
5.165303000000000000e+06 5.165462000000000000e+06 2.000000000000000000e+00
5.170419000000000000e+06 5.170623000000000000e+06 1.000000000000000000e+00
5.175296000000000000e+06 5.175676000000000000e+06 2.000000000000000000e+00
5.176147000000000000e+06 5.176341000000000000e+06 2.000000000000000000e+00
5.177119000000000000e+06 5.177289000000000000e+06 2.000000000000000000e+00
5.177356000000000000e+06 5.177461000000000000e+06 2.000000000000000000e+00
5.178361000000000000e+06 5.178937000000000000e+06 2.000000000000000000e+00
5.179800000000000000e+06 5.180038000000000000e+06 2.000000000000000000e+00
5.180283000000000000e+06 5.180448000000000000e+06 2.000000000000000000e+00
5.188837000000000000e+06 5.189073000000000000e+06 2.000000000000000000e+00
5.189425000000000000e+06 5.189831000000000000e+06 2.000000000000000000e+00
5.192225000000000000e+06 5.192579000000000000e+06 2.000000000000000000e+00
5.195089000000000000e+06 5.195209000000000000e+06 1.000000000000000000e+00
5.199295000000000000e+06 5.199801000000000000e+06 2.000000000000000000e+00
5.204882000000000000e+06 5.205333000000000000e+06 2.000000000000000000e+00
5.206748000000000000e+06 5.206900000000000000e+06 1.000000000000000000e+00
5.211993000000000000e+06 5.212157000000000000e+06 1.000000000000000000e+00
5.213260000000000000e+06 5.213589000000000000e+06 1.000000000000000000e+00
5.220517000000000000e+06 5.220645000000000000e+06 2.000000000000000000e+00
5.222420000000000000e+06 5.222534000000000000e+06 2.000000000000000000e+00
5.224037000000000000e+06 5.224223000000000000e+06 2.000000000000000000e+00
5.224421000000000000e+06 5.224846000000000000e+06 2.000000000000000000e+00
5.226376000000000000e+06 5.226602000000000000e+06 2.000000000000000000e+00
5.227254000000000000e+06 5.227479000000000000e+06 1.000000000000000000e+00
5.227766000000000000e+06 5.227866000000000000e+06 1.000000000000000000e+00
5.228341000000000000e+06 5.228673000000000000e+06 2.000000000000000000e+00
5.232715000000000000e+06 5.233143000000000000e+06 2.000000000000000000e+00
5.233557000000000000e+06 5.233747000000000000e+06 2.000000000000000000e+00
5.234140000000000000e+06 5.234296000000000000e+06 2.000000000000000000e+00
5.234363000000000000e+06 5.234715000000000000e+06 2.000000000000000000e+00
5.239076000000000000e+06 5.239249000000000000e+06 2.000000000000000000e+00
5.243564000000000000e+06 5.243771000000000000e+06 2.000000000000000000e+00
5.247576000000000000e+06 5.247709000000000000e+06 1.000000000000000000e+00
5.249156000000000000e+06 5.249492000000000000e+06 2.000000000000000000e+00
5.250181000000000000e+06 5.250652000000000000e+06 2.000000000000000000e+00
5.257296000000000000e+06 5.257531000000000000e+06 2.000000000000000000e+00
5.262782000000000000e+06 5.263272000000000000e+06 2.000000000000000000e+00
5.263480000000000000e+06 5.263642000000000000e+06 1.000000000000000000e+00
5.264356000000000000e+06 5.264507000000000000e+06 2.000000000000000000e+00
5.266585000000000000e+06 5.266850000000000000e+06 2.000000000000000000e+00
5.275237000000000000e+06 5.275602000000000000e+06 2.000000000000000000e+00
5.277802000000000000e+06 5.277900000000000000e+06 1.000000000000000000e+00
5.280203000000000000e+06 5.280309000000000000e+06 1.000000000000000000e+00
5.287228000000000000e+06 5.287482000000000000e+06 2.000000000000000000e+00
5.289501000000000000e+06 5.289809000000000000e+06 1.000000000000000000e+00
5.291037000000000000e+06 5.291254000000000000e+06 2.000000000000000000e+00
5.292008000000000000e+06 5.292196000000000000e+06 2.000000000000000000e+00
5.292732000000000000e+06 5.293028000000000000e+06 2.000000000000000000e+00
5.298805000000000000e+06 5.298935000000000000e+06 2.000000000000000000e+00
5.300156000000000000e+06 5.300364000000000000e+06 2.000000000000000000e+00
5.300518000000000000e+06 5.300678000000000000e+06 2.000000000000000000e+00
5.302916000000000000e+06 5.303132000000000000e+06 2.000000000000000000e+00
5.303971000000000000e+06 5.304182000000000000e+06 2.000000000000000000e+00
5.308412000000000000e+06 5.308799000000000000e+06 2.000000000000000000e+00
5.309204000000000000e+06 5.309320000000000000e+06 2.000000000000000000e+00
5.312581000000000000e+06 5.312856000000000000e+06 2.000000000000000000e+00
5.315808000000000000e+06 5.315914000000000000e+06 1.000000000000000000e+00
5.316009000000000000e+06 5.316167000000000000e+06 2.000000000000000000e+00
5.316674000000000000e+06 5.317172000000000000e+06 2.000000000000000000e+00
5.327200000000000000e+06 5.327333000000000000e+06 1.000000000000000000e+00
5.327400000000000000e+06 5.327511000000000000e+06 1.000000000000000000e+00
5.328760000000000000e+06 5.328869000000000000e+06 1.000000000000000000e+00
5.331808000000000000e+06 5.332037000000000000e+06 2.000000000000000000e+00
5.335113000000000000e+06 5.335347000000000000e+06 2.000000000000000000e+00
5.336619000000000000e+06 5.336968000000000000e+06 2.000000000000000000e+00
5.349271000000000000e+06 5.349404000000000000e+06 2.000000000000000000e+00
5.362329000000000000e+06 5.362472000000000000e+06 2.000000000000000000e+00
5.363186000000000000e+06 5.363357000000000000e+06 2.000000000000000000e+00
5.364310000000000000e+06 5.364479000000000000e+06 2.000000000000000000e+00
5.369663000000000000e+06 5.370073000000000000e+06 2.000000000000000000e+00
5.371350000000000000e+06 5.371551000000000000e+06 2.000000000000000000e+00
5.374423000000000000e+06 5.374636000000000000e+06 2.000000000000000000e+00
5.379024000000000000e+06 5.379197000000000000e+06 1.000000000000000000e+00
5.380270000000000000e+06 5.380447000000000000e+06 1.000000000000000000e+00
5.385510000000000000e+06 5.385623000000000000e+06 2.000000000000000000e+00
5.385702000000000000e+06 5.385902000000000000e+06 2.000000000000000000e+00
5.395558000000000000e+06 5.395944000000000000e+06 2.000000000000000000e+00
5.399015000000000000e+06 5.399146000000000000e+06 1.000000000000000000e+00
5.400466000000000000e+06 5.400944000000000000e+06 2.000000000000000000e+00
5.410154000000000000e+06 5.410420000000000000e+06 2.000000000000000000e+00
5.412602000000000000e+06 5.412727000000000000e+06 2.000000000000000000e+00
5.416218000000000000e+06 5.416459000000000000e+06 2.000000000000000000e+00
5.420999000000000000e+06 5.421110000000000000e+06 1.000000000000000000e+00
