6.820050000000000000e+05 6.825440000000000000e+05
6.870870000000000000e+05 6.873460000000000000e+05
6.976410000000000000e+05 6.980960000000000000e+05
6.986610000000000000e+05 6.992520000000000000e+05
6.996970000000000000e+05 6.999060000000000000e+05
7.041640000000000000e+05 7.045620000000000000e+05
7.053000000000000000e+05 7.062260000000000000e+05
7.174460000000000000e+05 7.177070000000000000e+05
7.186930000000000000e+05 7.189650000000000000e+05
7.194310000000000000e+05 7.198760000000000000e+05
7.512770000000000000e+05 7.514340000000000000e+05
7.530980000000000000e+05 7.533490000000000000e+05
7.540760000000000000e+05 7.542090000000000000e+05
7.569270000000000000e+05 7.572250000000000000e+05
7.643370000000000000e+05 7.644940000000000000e+05
7.664060000000000000e+05 7.666510000000000000e+05
7.677390000000000000e+05 7.680800000000000000e+05
7.702970000000000000e+05 7.706690000000000000e+05
7.712500000000000000e+05 7.714900000000000000e+05
7.721580000000000000e+05 7.723610000000000000e+05
7.731170000000000000e+05 7.736500000000000000e+05
7.743670000000000000e+05 7.749220000000000000e+05
7.757640000000000000e+05 7.760040000000000000e+05
7.773620000000000000e+05 7.774910000000000000e+05
7.799280000000000000e+05 7.801840000000000000e+05
7.811570000000000000e+05 7.815340000000000000e+05
7.820460000000000000e+05 7.825800000000000000e+05
7.847980000000000000e+05 7.849810000000000000e+05
7.911220000000000000e+05 7.914970000000000000e+05
7.927320000000000000e+05 7.928940000000000000e+05
7.937480000000000000e+05 7.938540000000000000e+05
7.948020000000000000e+05 7.951440000000000000e+05
7.956300000000000000e+05 7.958430000000000000e+05
7.980010000000000000e+05 7.987230000000000000e+05
7.992880000000000000e+05 7.997010000000000000e+05
8.000200000000000000e+05 8.004910000000000000e+05
8.027350000000000000e+05 8.029550000000000000e+05
8.034670000000000000e+05 8.036710000000000000e+05
8.047120000000000000e+05 8.052510000000000000e+05
8.065770000000000000e+05 8.068650000000000000e+05
8.076390000000000000e+05 8.077490000000000000e+05
8.093630000000000000e+05 8.097510000000000000e+05
8.115600000000000000e+05 8.116710000000000000e+05
8.131840000000000000e+05 8.132990000000000000e+05
8.153860000000000000e+05 8.156690000000000000e+05
8.180590000000000000e+05 8.182980000000000000e+05
8.198590000000000000e+05 8.200930000000000000e+05
8.214600000000000000e+05 8.217420000000000000e+05
8.227370000000000000e+05 8.229760000000000000e+05
8.242040000000000000e+05 8.244040000000000000e+05
8.299260000000000000e+05 8.301040000000000000e+05
8.312140000000000000e+05 8.313800000000000000e+05
8.404400000000000000e+05 8.406350000000000000e+05
8.411020000000000000e+05 8.411810000000000000e+05
8.413170000000000000e+05 8.415990000000000000e+05
8.422680000000000000e+05 8.425270000000000000e+05
8.431030000000000000e+05 8.434870000000000000e+05
8.452310000000000000e+05 8.453790000000000000e+05
8.456100000000000000e+05 8.457400000000000000e+05
8.587550000000000000e+05 8.590000000000000000e+05
8.605820000000000000e+05 8.609960000000000000e+05
8.625280000000000000e+05 8.626710000000000000e+05
8.712850000000000000e+05 8.715070000000000000e+05
8.754880000000000000e+05 8.755770000000000000e+05
8.773040000000000000e+05 8.777740000000000000e+05
8.841040000000000000e+05 8.843810000000000000e+05
8.849270000000000000e+05 8.851350000000000000e+05
8.924400000000000000e+05 8.926850000000000000e+05
8.937880000000000000e+05 8.941490000000000000e+05
9.095790000000000000e+05 9.097360000000000000e+05
9.324750000000000000e+05 9.326690000000000000e+05
9.450750000000000000e+05 9.454960000000000000e+05
9.474070000000000000e+05 9.476190000000000000e+05
9.997250000000000000e+05 1.000622000000000000e+06
1.001548000000000000e+06 1.002001000000000000e+06
1.003997000000000000e+06 1.004431000000000000e+06
1.006194000000000000e+06 1.006617000000000000e+06
1.023890000000000000e+06 1.024021000000000000e+06
1.024863000000000000e+06 1.025235000000000000e+06
1.026061000000000000e+06 1.026553000000000000e+06
1.027306000000000000e+06 1.027840000000000000e+06
1.028321000000000000e+06 1.028760000000000000e+06
1.034870000000000000e+06 1.035006000000000000e+06
1.035111000000000000e+06 1.035325000000000000e+06
1.035838000000000000e+06 1.036173000000000000e+06
1.036858000000000000e+06 1.037052000000000000e+06
1.037182000000000000e+06 1.037428000000000000e+06
1.038950000000000000e+06 1.039107000000000000e+06
1.039202000000000000e+06 1.039259000000000000e+06
1.039557000000000000e+06 1.039730000000000000e+06
1.042063000000000000e+06 1.042345000000000000e+06
1.044906000000000000e+06 1.045126000000000000e+06
1.045926000000000000e+06 1.046203000000000000e+06
1.046640000000000000e+06 1.047010000000000000e+06
1.047376000000000000e+06 1.048102000000000000e+06
1.050187000000000000e+06 1.050767000000000000e+06
1.051233000000000000e+06 1.051787000000000000e+06
1.052488000000000000e+06 1.052698000000000000e+06
1.071213000000000000e+06 1.071370000000000000e+06
1.073018000000000000e+06 1.073216000000000000e+06
1.074210000000000000e+06 1.074467000000000000e+06
1.077269000000000000e+06 1.077519000000000000e+06
1.086896000000000000e+06 1.087089000000000000e+06
1.088010000000000000e+06 1.088135000000000000e+06
1.088742000000000000e+06 1.088883000000000000e+06
1.090107000000000000e+06 1.090170000000000000e+06
1.090735000000000000e+06 1.090814000000000000e+06
1.092954000000000000e+06 1.093084000000000000e+06
1.094679000000000000e+06 1.094773000000000000e+06
1.095520000000000000e+06 1.095632000000000000e+06
1.098065000000000000e+06 1.098148000000000000e+06
1.099863000000000000e+06 1.100240000000000000e+06
1.103876000000000000e+06 1.104069000000000000e+06
1.106760000000000000e+06 1.106950000000000000e+06
1.108785000000000000e+06 1.109125000000000000e+06
1.115551000000000000e+06 1.115677000000000000e+06
1.116154000000000000e+06 1.116385000000000000e+06
1.118376000000000000e+06 1.118834000000000000e+06
1.120024000000000000e+06 1.120186000000000000e+06
1.123523000000000000e+06 1.123748000000000000e+06
1.126719000000000000e+06 1.126850000000000000e+06
1.131012000000000000e+06 1.131174000000000000e+06
1.133528000000000000e+06 1.133700000000000000e+06
1.149237000000000000e+06 1.149473000000000000e+06
1.157372000000000000e+06 1.157543000000000000e+06
1.160389000000000000e+06 1.160452000000000000e+06
1.161968000000000000e+06 1.162241000000000000e+06
1.163760000000000000e+06 1.163980000000000000e+06
1.185006000000000000e+06 1.185399000000000000e+06
1.195128000000000000e+06 1.195447000000000000e+06
1.197482000000000000e+06 1.197655000000000000e+06
1.206200000000000000e+06 1.206408000000000000e+06
1.247691000000000000e+06 1.247821000000000000e+06
1.250321000000000000e+06 1.250494000000000000e+06
1.264770000000000000e+06 1.265011000000000000e+06
1.280964000000000000e+06 1.281027000000000000e+06
1.282476000000000000e+06 1.282811000000000000e+06
1.293807000000000000e+06 1.293958000000000000e+06
1.302909000000000000e+06 1.303050000000000000e+06
1.310755000000000000e+06 1.310970000000000000e+06
1.311875000000000000e+06 1.311964000000000000e+06
1.331627000000000000e+06 1.331842000000000000e+06
1.350824000000000000e+06 1.350972000000000000e+06
1.375787000000000000e+06 1.375960000000000000e+06
1.395022000000000000e+06 1.395273000000000000e+06
1.395718000000000000e+06 1.396016000000000000e+06
1.398958000000000000e+06 1.399309000000000000e+06
1.399795000000000000e+06 1.399999000000000000e+06
1.401914000000000000e+06 1.402107000000000000e+06
1.405909000000000000e+06 1.406032000000000000e+06
1.411523000000000000e+06 1.411821000000000000e+06
1.413216000000000000e+06 1.413325000000000000e+06
1.414098000000000000e+06 1.414226000000000000e+06
1.415250000000000000e+06 1.415611000000000000e+06
1.416255000000000000e+06 1.416532000000000000e+06
1.417458000000000000e+06 1.417693000000000000e+06
1.423191000000000000e+06 1.423437000000000000e+06
1.431520000000000000e+06 1.431693000000000000e+06
1.435630000000000000e+06 1.435970000000000000e+06
1.436431000000000000e+06 1.436692000000000000e+06
1.437461000000000000e+06 1.437681000000000000e+06
1.438487000000000000e+06 1.438889000000000000e+06
1.441204000000000000e+06 1.441409000000000000e+06
1.443137000000000000e+06 1.443461000000000000e+06
1.444011000000000000e+06 1.444188000000000000e+06
1.445240000000000000e+06 1.445339000000000000e+06
1.446375000000000000e+06 1.446469000000000000e+06
1.447688000000000000e+06 1.447855000000000000e+06
1.448703000000000000e+06 1.449111000000000000e+06
1.449289000000000000e+06 1.449493000000000000e+06
1.459772000000000000e+06 1.460038000000000000e+06
1.460614000000000000e+06 1.461017000000000000e+06
1.461399000000000000e+06 1.461723000000000000e+06
1.462272000000000000e+06 1.462377000000000000e+06
1.463010000000000000e+06 1.463423000000000000e+06
1.468298000000000000e+06 1.468554000000000000e+06
1.472837000000000000e+06 1.473032000000000000e+06
1.473598000000000000e+06 1.473776000000000000e+06
1.474356000000000000e+06 1.474560000000000000e+06
1.475815000000000000e+06 1.475943000000000000e+06
1.476522000000000000e+06 1.476956000000000000e+06
1.477348000000000000e+06 1.477834000000000000e+06
1.478222000000000000e+06 1.478441000000000000e+06
1.478865000000000000e+06 1.479247000000000000e+06
1.481329000000000000e+06 1.481773000000000000e+06
1.484410000000000000e+06 1.484577000000000000e+06
1.485038000000000000e+06 1.485294000000000000e+06
1.486942000000000000e+06 1.487240000000000000e+06
1.488150000000000000e+06 1.488595000000000000e+06
1.489479000000000000e+06 1.490049000000000000e+06
1.492398000000000000e+06 1.492586000000000000e+06
1.493104000000000000e+06 1.493397000000000000e+06
1.496337000000000000e+06 1.496426000000000000e+06
1.497017000000000000e+06 1.497231000000000000e+06
1.497538000000000000e+06 1.498051000000000000e+06
1.499203000000000000e+06 1.499517000000000000e+06
1.500396000000000000e+06 1.501060000000000000e+06
1.501417000000000000e+06 1.501773000000000000e+06
1.502096000000000000e+06 1.502473000000000000e+06
1.504476000000000000e+06 1.504753000000000000e+06
1.511648000000000000e+06 1.511915000000000000e+06
1.512029000000000000e+06 1.512214000000000000e+06
1.514559000000000000e+06 1.514826000000000000e+06
1.515543000000000000e+06 1.515754000000000000e+06
1.516555000000000000e+06 1.516643000000000000e+06
1.517159000000000000e+06 1.517441000000000000e+06
1.517865000000000000e+06 1.518257000000000000e+06
1.518529000000000000e+06 1.518995000000000000e+06
1.519701000000000000e+06 1.519916000000000000e+06
1.520593000000000000e+06 1.521017000000000000e+06
1.521451000000000000e+06 1.521613000000000000e+06
1.522209000000000000e+06 1.522424000000000000e+06
1.524012000000000000e+06 1.524367000000000000e+06
1.524859000000000000e+06 1.525084000000000000e+06
1.525664000000000000e+06 1.525774000000000000e+06
1.526517000000000000e+06 1.526627000000000000e+06
1.526963000000000000e+06 1.527073000000000000e+06
1.528089000000000000e+06 1.528345000000000000e+06
1.529261000000000000e+06 1.529538000000000000e+06
1.530736000000000000e+06 1.531008000000000000e+06
1.534147000000000000e+06 1.534492000000000000e+06
1.536038000000000000e+06 1.536584000000000000e+06
1.540340000000000000e+06 1.540602000000000000e+06
1.541376000000000000e+06 1.541482000000000000e+06
1.545909000000000000e+06 1.546115000000000000e+06
1.547692000000000000e+06 1.548001000000000000e+06
1.548728000000000000e+06 1.548922000000000000e+06
1.550943000000000000e+06 1.551154000000000000e+06
1.551465000000000000e+06 1.551654000000000000e+06
1.557632000000000000e+06 1.557743000000000000e+06
1.559632000000000000e+06 1.559759000000000000e+06
1.562023000000000000e+06 1.562284000000000000e+06
1.564591000000000000e+06 1.564999000000000000e+06
1.565912000000000000e+06 1.566242000000000000e+06
1.566791000000000000e+06 1.567021000000000000e+06
1.569406000000000000e+06 1.569830000000000000e+06
1.573785000000000000e+06 1.573989000000000000e+06
1.574219000000000000e+06 1.574575000000000000e+06
1.580069000000000000e+06 1.580365000000000000e+06
1.586256000000000000e+06 1.586506000000000000e+06
1.602372000000000000e+06 1.602467000000000000e+06
1.605575000000000000e+06 1.606088000000000000e+06
1.716903000000000000e+06 1.717102000000000000e+06
1.720675000000000000e+06 1.720858000000000000e+06
1.721543000000000000e+06 1.721643000000000000e+06
1.730007000000000000e+06 1.730488000000000000e+06
1.730748000000000000e+06 1.730909000000000000e+06
1.732916000000000000e+06 1.733188000000000000e+06
1.738963000000000000e+06 1.739418000000000000e+06
1.740202000000000000e+06 1.740752000000000000e+06
1.741301000000000000e+06 1.741850000000000000e+06
1.742174000000000000e+06 1.742452000000000000e+06
1.742622000000000000e+06 1.742793000000000000e+06
1.743451000000000000e+06 1.743770000000000000e+06
1.744659000000000000e+06 1.744921000000000000e+06
1.745844000000000000e+06 1.746153000000000000e+06
1.748844000000000000e+06 1.749043000000000000e+06
1.750377000000000000e+06 1.750722000000000000e+06
1.751714000000000000e+06 1.751992000000000000e+06
1.752990000000000000e+06 1.753351000000000000e+06
1.753518000000000000e+06 1.753680000000000000e+06
1.754266000000000000e+06 1.754669000000000000e+06
1.755406000000000000e+06 1.755794000000000000e+06
1.756500000000000000e+06 1.756704000000000000e+06
1.758948000000000000e+06 1.759455000000000000e+06
1.760151000000000000e+06 1.760763000000000000e+06
1.761498000000000000e+06 1.761848000000000000e+06
1.762620000000000000e+06 1.762915000000000000e+06
1.763643000000000000e+06 1.764009000000000000e+06
1.765351000000000000e+06 1.765675000000000000e+06
1.766243000000000000e+06 1.766415000000000000e+06
1.767121000000000000e+06 1.767528000000000000e+06
1.768722000000000000e+06 1.768967000000000000e+06
1.770080000000000000e+06 1.770529000000000000e+06
1.771226000000000000e+06 1.771343000000000000e+06
1.772640000000000000e+06 1.772899000000000000e+06
1.773704000000000000e+06 1.773912000000000000e+06
1.774546000000000000e+06 1.774736000000000000e+06
1.775881000000000000e+06 1.776214000000000000e+06
1.777241000000000000e+06 1.777750000000000000e+06
1.778854000000000000e+06 1.779556000000000000e+06
1.780262000000000000e+06 1.780774000000000000e+06
1.781432000000000000e+06 1.781955000000000000e+06
1.782278000000000000e+06 1.782744000000000000e+06
1.783267000000000000e+06 1.783555000000000000e+06
1.784355000000000000e+06 1.784596000000000000e+06
1.784760000000000000e+06 1.784959000000000000e+06
1.786213000000000000e+06 1.786578000000000000e+06
1.786876000000000000e+06 1.787037000000000000e+06
1.787640000000000000e+06 1.788367000000000000e+06
1.789936000000000000e+06 1.790339000000000000e+06
1.791281000000000000e+06 1.791605000000000000e+06
1.791783000000000000e+06 1.791898000000000000e+06
1.794184000000000000e+06 1.794587000000000000e+06
1.795236000000000000e+06 1.795471000000000000e+06
1.796329000000000000e+06 1.796747000000000000e+06
1.797945000000000000e+06 1.798243000000000000e+06
1.805970000000000000e+06 1.806205000000000000e+06
1.807115000000000000e+06 1.807241000000000000e+06
1.808130000000000000e+06 1.808533000000000000e+06
1.809799000000000000e+06 1.810411000000000000e+06
1.810798000000000000e+06 1.811174000000000000e+06
1.811797000000000000e+06 1.812189000000000000e+06
1.812367000000000000e+06 1.812482000000000000e+06
1.813403000000000000e+06 1.813753000000000000e+06
1.814381000000000000e+06 1.814925000000000000e+06
1.815528000000000000e+06 1.815982000000000000e+06
1.816426000000000000e+06 1.816842000000000000e+06
1.817444000000000000e+06 1.817781000000000000e+06
1.818778000000000000e+06 1.819111000000000000e+06
1.819893000000000000e+06 1.820388000000000000e+06
1.821208000000000000e+06 1.821726000000000000e+06
1.823363000000000000e+06 1.823724000000000000e+06
1.824467000000000000e+06 1.824676000000000000e+06
1.824854000000000000e+06 1.825408000000000000e+06
1.825774000000000000e+06 1.826449000000000000e+06
1.826666000000000000e+06 1.827095000000000000e+06
1.827550000000000000e+06 1.828068000000000000e+06
1.828654000000000000e+06 1.829245000000000000e+06
1.829491000000000000e+06 1.829653000000000000e+06
1.831018000000000000e+06 1.831840000000000000e+06
1.832185000000000000e+06 1.832399000000000000e+06
1.834079000000000000e+06 1.834361000000000000e+06
1.834827000000000000e+06 1.835072000000000000e+06
1.835718000000000000e+06 1.835964000000000000e+06
1.837288000000000000e+06 1.837586000000000000e+06
1.838711000000000000e+06 1.838873000000000000e+06
1.839427000000000000e+06 1.839662000000000000e+06
1.841365000000000000e+06 1.841693000000000000e+06
1.842279000000000000e+06 1.842723000000000000e+06
1.843626000000000000e+06 1.843987000000000000e+06
1.846361000000000000e+06 1.846898000000000000e+06
1.849092000000000000e+06 1.849693000000000000e+06
1.850436000000000000e+06 1.850572000000000000e+06
1.851325000000000000e+06 1.851769000000000000e+06
1.855123000000000000e+06 1.855547000000000000e+06
1.856386000000000000e+06 1.856626000000000000e+06
1.858301000000000000e+06 1.858648000000000000e+06
1.859146000000000000e+06 1.859554000000000000e+06
1.860370000000000000e+06 1.860835000000000000e+06
1.862565000000000000e+06 1.862682000000000000e+06
1.864110000000000000e+06 1.864549000000000000e+06
1.866192000000000000e+06 1.866626000000000000e+06
1.867175000000000000e+06 1.867275000000000000e+06
1.868049000000000000e+06 1.868399000000000000e+06
1.868760000000000000e+06 1.869137000000000000e+06
1.870230000000000000e+06 1.870717000000000000e+06
1.872694000000000000e+06 1.873107000000000000e+06
1.873923000000000000e+06 1.874070000000000000e+06
1.875885000000000000e+06 1.876215000000000000e+06
1.881189000000000000e+06 1.881346000000000000e+06
1.881869000000000000e+06 1.882037000000000000e+06
1.882774000000000000e+06 1.883371000000000000e+06
1.885714000000000000e+06 1.885882000000000000e+06
1.889297000000000000e+06 1.889684000000000000e+06
1.891432000000000000e+06 1.891814000000000000e+06
1.893817000000000000e+06 1.893916000000000000e+06
1.899218000000000000e+06 1.899575000000000000e+06
1.907292000000000000e+06 1.907606000000000000e+06
1.914121000000000000e+06 1.914348000000000000e+06
1.914848000000000000e+06 1.915084000000000000e+06
1.916337000000000000e+06 1.916687000000000000e+06
1.917357000000000000e+06 1.917498000000000000e+06
1.918957000000000000e+06 1.919062000000000000e+06
1.919711000000000000e+06 1.919951000000000000e+06
1.920682000000000000e+06 1.920770000000000000e+06
1.922176000000000000e+06 1.922343000000000000e+06
1.930715000000000000e+06 1.930946000000000000e+06
1.932705000000000000e+06 1.932882000000000000e+06
1.936989000000000000e+06 1.937245000000000000e+06
1.939032000000000000e+06 1.939230000000000000e+06
1.967973000000000000e+06 1.968052000000000000e+06
1.971209000000000000e+06 1.971311000000000000e+06
1.982054000000000000e+06 1.982187000000000000e+06
2.039488000000000000e+06 2.039776000000000000e+06
2.053743000000000000e+06 2.053882000000000000e+06
2.222676000000000000e+06 2.222809000000000000e+06
2.242714000000000000e+06 2.242850000000000000e+06
2.249608000000000000e+06 2.249798000000000000e+06
2.254761000000000000e+06 2.255033000000000000e+06
2.256644000000000000e+06 2.257052000000000000e+06
2.259440000000000000e+06 2.260403000000000000e+06
2.261054000000000000e+06 2.261248000000000000e+06
2.262278000000000000e+06 2.262503000000000000e+06
2.289017000000000000e+06 2.289409000000000000e+06
2.289702000000000000e+06 2.290073000000000000e+06
2.290539000000000000e+06 2.291025000000000000e+06
2.291353000000000000e+06 2.291756000000000000e+06
2.293283000000000000e+06 2.293649000000000000e+06
2.294329000000000000e+06 2.294852000000000000e+06
2.296130000000000000e+06 2.296412000000000000e+06
2.299088000000000000e+06 2.299389000000000000e+06
2.301213000000000000e+06 2.301542000000000000e+06
2.302207000000000000e+06 2.302322000000000000e+06
2.305000000000000000e+06 2.305188000000000000e+06
2.308332000000000000e+06 2.308474000000000000e+06
2.310467000000000000e+06 2.310885000000000000e+06
2.311633000000000000e+06 2.311827000000000000e+06
2.312491000000000000e+06 2.312742000000000000e+06
2.313328000000000000e+06 2.313621000000000000e+06
2.314128000000000000e+06 2.314411000000000000e+06
2.314765000000000000e+06 2.314948000000000000e+06
2.315232000000000000e+06 2.315473000000000000e+06
2.315949000000000000e+06 2.316278000000000000e+06
2.317209000000000000e+06 2.317654000000000000e+06
2.318130000000000000e+06 2.318397000000000000e+06
2.321696000000000000e+06 2.321969000000000000e+06
2.323833000000000000e+06 2.324124000000000000e+06
2.325559000000000000e+06 2.325854000000000000e+06
2.326232000000000000e+06 2.326583000000000000e+06
2.327002000000000000e+06 2.327337000000000000e+06
2.328467000000000000e+06 2.328953000000000000e+06
2.331493000000000000e+06 2.331644000000000000e+06
2.333677000000000000e+06 2.334029000000000000e+06
2.335282000000000000e+06 2.335791000000000000e+06
2.337198000000000000e+06 2.337443000000000000e+06
2.341481000000000000e+06 2.341838000000000000e+06
2.348016000000000000e+06 2.348289000000000000e+06
2.350084000000000000e+06 2.350319000000000000e+06
2.353931000000000000e+06 2.354193000000000000e+06
2.357187000000000000e+06 2.357337000000000000e+06
2.359105000000000000e+06 2.359304000000000000e+06
2.360198000000000000e+06 2.360486000000000000e+06
2.362395000000000000e+06 2.362698000000000000e+06
2.363980000000000000e+06 2.364393000000000000e+06
2.363993000000000000e+06 2.364370000000000000e+06
2.365654000000000000e+06 2.365816000000000000e+06
2.378587000000000000e+06 2.379015000000000000e+06
2.380639000000000000e+06 2.381004000000000000e+06
2.381959000000000000e+06 2.382288000000000000e+06
2.383521000000000000e+06 2.383698000000000000e+06
2.386143000000000000e+06 2.386387000000000000e+06
2.389558000000000000e+06 2.390196000000000000e+06
2.394205000000000000e+06 2.394399000000000000e+06
2.397293000000000000e+06 2.397454000000000000e+06
2.404243000000000000e+06 2.404460000000000000e+06
2.407691000000000000e+06 2.407947000000000000e+06
2.419398000000000000e+06 2.419665000000000000e+06
2.423347000000000000e+06 2.423546000000000000e+06
2.425079000000000000e+06 2.425293000000000000e+06
2.425544000000000000e+06 2.426062000000000000e+06
2.428024000000000000e+06 2.428249000000000000e+06
2.428542000000000000e+06 2.428803000000000000e+06
2.429002000000000000e+06 2.429201000000000000e+06
2.432454000000000000e+06 2.432737000000000000e+06
2.434515000000000000e+06 2.434809000000000000e+06
2.435320000000000000e+06 2.435543000000000000e+06
2.436209000000000000e+06 2.436437000000000000e+06
2.436834000000000000e+06 2.437208000000000000e+06
2.437472000000000000e+06 2.438055000000000000e+06
2.451876000000000000e+06 2.452209000000000000e+06
2.452970000000000000e+06 2.453290000000000000e+06
2.464037000000000000e+06 2.464343000000000000e+06
2.464565000000000000e+06 2.464765000000000000e+06
2.474193000000000000e+06 2.474360000000000000e+06
2.475903000000000000e+06 2.476599000000000000e+06
2.480823000000000000e+06 2.481080000000000000e+06
2.481906000000000000e+06 2.482157000000000000e+06
2.483365000000000000e+06 2.483554000000000000e+06
2.486776000000000000e+06 2.487331000000000000e+06
2.487482000000000000e+06 2.487650000000000000e+06
2.488187000000000000e+06 2.488298000000000000e+06
2.492431000000000000e+06 2.492645000000000000e+06
2.497587000000000000e+06 2.497759000000000000e+06
2.498037000000000000e+06 2.498176000000000000e+06
2.498770000000000000e+06 2.499038000000000000e+06
2.499604000000000000e+06 2.499893000000000000e+06
2.500670000000000000e+06 2.500880000000000000e+06
2.501387000000000000e+06 2.501604000000000000e+06
2.501870000000000000e+06 2.502054000000000000e+06
2.502194000000000000e+06 2.502440000000000000e+06
2.504808000000000000e+06 2.505331000000000000e+06
2.505974000000000000e+06 2.506356000000000000e+06
2.507687000000000000e+06 2.508048000000000000e+06
2.508613000000000000e+06 2.509063000000000000e+06
2.509824000000000000e+06 2.510027000000000000e+06
2.512086000000000000e+06 2.512322000000000000e+06
2.512746000000000000e+06 2.512908000000000000e+06
2.513126000000000000e+06 2.513343000000000000e+06
2.513719000000000000e+06 2.513918000000000000e+06
2.514630000000000000e+06 2.515120000000000000e+06
2.530081000000000000e+06 2.530876000000000000e+06
2.540099000000000000e+06 2.540233000000000000e+06
2.540774000000000000e+06 2.541061000000000000e+06
2.548185000000000000e+06 2.548380000000000000e+06
2.549129000000000000e+06 2.549286000000000000e+06
2.550783000000000000e+06 2.551222000000000000e+06
2.551876000000000000e+06 2.552065000000000000e+06
2.552462000000000000e+06 2.552917000000000000e+06
2.553535000000000000e+06 2.553875000000000000e+06
2.554434000000000000e+06 2.554565000000000000e+06
2.555719000000000000e+06 2.556103000000000000e+06
2.556807000000000000e+06 2.557063000000000000e+06
2.570359000000000000e+06 2.570720000000000000e+06
2.571602000000000000e+06 2.572088000000000000e+06
2.572276000000000000e+06 2.572448000000000000e+06
2.575876000000000000e+06 2.576076000000000000e+06
2.583244000000000000e+06 2.583422000000000000e+06
2.584672000000000000e+06 2.585007000000000000e+06
2.586058000000000000e+06 2.586477000000000000e+06
2.587115000000000000e+06 2.587382000000000000e+06
2.587633000000000000e+06 2.587816000000000000e+06
2.588120000000000000e+06 2.588575000000000000e+06
2.589509000000000000e+06 2.589826000000000000e+06
2.590375000000000000e+06 2.590912000000000000e+06
2.591443000000000000e+06 2.591737000000000000e+06
2.592399000000000000e+06 2.592806000000000000e+06
2.593633000000000000e+06 2.593842000000000000e+06
2.594313000000000000e+06 2.594522000000000000e+06
2.594825000000000000e+06 2.595288000000000000e+06
2.595937000000000000e+06 2.596476000000000000e+06
2.599923000000000000e+06 2.600399000000000000e+06
2.602198000000000000e+06 2.602359000000000000e+06
2.602816000000000000e+06 2.603250000000000000e+06
2.606175000000000000e+06 2.606481000000000000e+06
2.607487000000000000e+06 2.607829000000000000e+06
2.610380000000000000e+06 2.610626000000000000e+06
2.617826000000000000e+06 2.618009000000000000e+06
2.618918000000000000e+06 2.619090000000000000e+06
2.619974000000000000e+06 2.620288000000000000e+06
2.620916000000000000e+06 2.621448000000000000e+06
2.621682000000000000e+06 2.621954000000000000e+06
2.625710000000000000e+06 2.626123000000000000e+06
2.626768000000000000e+06 2.627323000000000000e+06
2.628106000000000000e+06 2.628242000000000000e+06
2.628613000000000000e+06 2.629162000000000000e+06
2.629717000000000000e+06 2.629931000000000000e+06
2.631274000000000000e+06 2.631607000000000000e+06
2.631834000000000000e+06 2.632130000000000000e+06
3.720359000000000000e+06 3.720637000000000000e+06
3.721808000000000000e+06 3.722178000000000000e+06
3.722726000000000000e+06 3.723048000000000000e+06
3.723440000000000000e+06 3.723746000000000000e+06
3.735572000000000000e+06 3.735901000000000000e+06
3.737608000000000000e+06 3.738130000000000000e+06
3.738469000000000000e+06 3.739306000000000000e+06
3.742701000000000000e+06 3.743284000000000000e+06
3.743973000000000000e+06 3.744306000000000000e+06
3.745162000000000000e+06 3.746120000000000000e+06
3.746792000000000000e+06 3.747153000000000000e+06
3.751902000000000000e+06 3.752316000000000000e+06
3.754162000000000000e+06 3.754539000000000000e+06
3.755156000000000000e+06 3.755763000000000000e+06
3.757638000000000000e+06 3.757748000000000000e+06
3.758043000000000000e+06 3.758756000000000000e+06
3.759893000000000000e+06 3.760714000000000000e+06
3.761368000000000000e+06 3.761509000000000000e+06
3.761724000000000000e+06 3.762200000000000000e+06
3.762624000000000000e+06 3.762875000000000000e+06
3.764397000000000000e+06 3.764690000000000000e+06
3.764860000000000000e+06 3.765006000000000000e+06
3.772447000000000000e+06 3.772908000000000000e+06
3.773671000000000000e+06 3.774126000000000000e+06
3.775633000000000000e+06 3.776036000000000000e+06
3.776823000000000000e+06 3.776975000000000000e+06
3.777153000000000000e+06 3.777362000000000000e+06
3.777670000000000000e+06 3.778226000000000000e+06
3.779517000000000000e+06 3.779705000000000000e+06
3.782686000000000000e+06 3.782992000000000000e+06
3.784804000000000000e+06 3.784926000000000000e+06
3.788316000000000000e+06 3.788399000000000000e+06
3.789399000000000000e+06 3.789817000000000000e+06
3.790513000000000000e+06 3.791282000000000000e+06
3.791813000000000000e+06 3.792205000000000000e+06
3.796259000000000000e+06 3.796547000000000000e+06
3.796683000000000000e+06 3.796850000000000000e+06
3.797975000000000000e+06 3.798231000000000000e+06
3.798801000000000000e+06 3.799377000000000000e+06
3.799628000000000000e+06 3.799811000000000000e+06
3.800293000000000000e+06 3.800548000000000000e+06
3.804174000000000000e+06 3.804582000000000000e+06
3.805158000000000000e+06 3.805523000000000000e+06
3.806465000000000000e+06 3.806721000000000000e+06
3.810896000000000000e+06 3.811434000000000000e+06
3.817715000000000000e+06 3.817954000000000000e+06
3.819064000000000000e+06 3.819346000000000000e+06
3.820110000000000000e+06 3.820586000000000000e+06
3.820795000000000000e+06 3.821120000000000000e+06
3.821959000000000000e+06 3.822378000000000000e+06
3.824520000000000000e+06 3.825100000000000000e+06
3.825718000000000000e+06 3.826382000000000000e+06
3.828145000000000000e+06 3.828276000000000000e+06
3.829207000000000000e+06 3.829390000000000000e+06
3.830028000000000000e+06 3.830316000000000000e+06
3.830964000000000000e+06 3.831294000000000000e+06
3.831843000000000000e+06 3.832079000000000000e+06
3.832895000000000000e+06 3.833203000000000000e+06
3.836046000000000000e+06 3.836272000000000000e+06
3.836936000000000000e+06 3.837140000000000000e+06
3.842261000000000000e+06 3.842520000000000000e+06
3.845728000000000000e+06 3.845955000000000000e+06
3.847481000000000000e+06 3.847986000000000000e+06
3.850793000000000000e+06 3.850944000000000000e+06
3.852278000000000000e+06 3.852760000000000000e+06
3.853455000000000000e+06 3.853654000000000000e+06
3.853984000000000000e+06 3.854104000000000000e+06
3.854282000000000000e+06 3.854475000000000000e+06
3.859633000000000000e+06 3.860062000000000000e+06
3.861689000000000000e+06 3.862128000000000000e+06
3.862667000000000000e+06 3.863190000000000000e+06
3.870937000000000000e+06 3.871293000000000000e+06
3.872046000000000000e+06 3.872282000000000000e+06
3.882786000000000000e+06 3.883256000000000000e+06
3.883706000000000000e+06 3.883926000000000000e+06
3.884312000000000000e+06 3.884488000000000000e+06
3.885082000000000000e+06 3.885333000000000000e+06
3.886369000000000000e+06 3.886929000000000000e+06
3.887310000000000000e+06 3.887598000000000000e+06
3.888278000000000000e+06 3.888655000000000000e+06
3.889806000000000000e+06 3.890156000000000000e+06
3.892610000000000000e+06 3.892861000000000000e+06
3.893352000000000000e+06 3.893734000000000000e+06
3.894263000000000000e+06 3.894498000000000000e+06
3.897739000000000000e+06 3.898037000000000000e+06
3.915179000000000000e+06 3.915457000000000000e+06
3.918584000000000000e+06 3.918797000000000000e+06
3.923696000000000000e+06 3.923973000000000000e+06
3.931454000000000000e+06 3.931750000000000000e+06
3.932617000000000000e+06 3.932802000000000000e+06
3.937410000000000000e+06 3.937710000000000000e+06
3.942773000000000000e+06 3.943066000000000000e+06
3.943965000000000000e+06 3.944216000000000000e+06
3.953055000000000000e+06 3.953245000000000000e+06
3.957332000000000000e+06 3.957498000000000000e+06
3.964086000000000000e+06 3.964243000000000000e+06
3.964777000000000000e+06 3.964960000000000000e+06
3.967392000000000000e+06 3.967466000000000000e+06
3.973657000000000000e+06 3.973768000000000000e+06
3.987038000000000000e+06 3.987221000000000000e+06
4.011901000000000000e+06 4.012032000000000000e+06
4.018162000000000000e+06 4.018413000000000000e+06
4.064933000000000000e+06 4.065053000000000000e+06
4.082928000000000000e+06 4.083032000000000000e+06
4.093871000000000000e+06 4.094002000000000000e+06
4.095770000000000000e+06 4.095906000000000000e+06
4.099798000000000000e+06 4.099937000000000000e+06
4.102912000000000000e+06 4.103134000000000000e+06
4.113367000000000000e+06 4.113624000000000000e+06
4.139397000000000000e+06 4.139569000000000000e+06
4.139663000000000000e+06 4.139885000000000000e+06
4.169057000000000000e+06 4.169308000000000000e+06
4.178013000000000000e+06 4.178245000000000000e+06
4.193256000000000000e+06 4.193483000000000000e+06
4.199486000000000000e+06 4.199606000000000000e+06
4.214358000000000000e+06 4.214567000000000000e+06
4.233498000000000000e+06 4.233728000000000000e+06
4.237003000000000000e+06 4.237259000000000000e+06
4.238614000000000000e+06 4.238907000000000000e+06
4.243632000000000000e+06 4.243798000000000000e+06
4.244671000000000000e+06 4.244823000000000000e+06
4.249217000000000000e+06 4.249411000000000000e+06
4.250206000000000000e+06 4.250698000000000000e+06
4.257822000000000000e+06 4.257901000000000000e+06
4.285364000000000000e+06 4.285458000000000000e+06
4.287388000000000000e+06 4.287461000000000000e+06
4.308017000000000000e+06 4.308252000000000000e+06
4.311937000000000000e+06 4.312076000000000000e+06
4.344584000000000000e+06 4.344752000000000000e+06
4.346828000000000000e+06 4.346970000000000000e+06
4.348419000000000000e+06 4.348717000000000000e+06
4.364237000000000000e+06 4.364462000000000000e+06
4.369625000000000000e+06 4.370091000000000000e+06
4.371142000000000000e+06 4.371284000000000000e+06
4.371723000000000000e+06 4.372246000000000000e+06
4.372712000000000000e+06 4.372989000000000000e+06
4.373614000000000000e+06 4.374121000000000000e+06
4.374566000000000000e+06 4.374786000000000000e+06
4.375413000000000000e+06 4.375748000000000000e+06
4.375973000000000000e+06 4.376193000000000000e+06
4.377732000000000000e+06 4.378278000000000000e+06
4.382520000000000000e+06 4.382996000000000000e+06
4.383968000000000000e+06 4.384315000000000000e+06
4.385908000000000000e+06 4.386283000000000000e+06
4.387141000000000000e+06 4.387523000000000000e+06
4.388912000000000000e+06 4.389085000000000000e+06
4.389388000000000000e+06 4.389911000000000000e+06
4.390188000000000000e+06 4.390664000000000000e+06
4.391151000000000000e+06 4.391433000000000000e+06
4.391927000000000000e+06 4.392325000000000000e+06
4.394671000000000000e+06 4.395017000000000000e+06
4.395692000000000000e+06 4.395922000000000000e+06
4.396691000000000000e+06 4.397072000000000000e+06
4.397692000000000000e+06 4.398132000000000000e+06
4.398686000000000000e+06 4.399361000000000000e+06
4.400198000000000000e+06 4.400716000000000000e+06
4.401935000000000000e+06 4.402369000000000000e+06
4.404871000000000000e+06 4.405287000000000000e+06
4.405958000000000000e+06 4.406258000000000000e+06
4.407231000000000000e+06 4.407603000000000000e+06
4.410464000000000000e+06 4.410710000000000000e+06
4.411280000000000000e+06 4.411599000000000000e+06
4.412185000000000000e+06 4.413540000000000000e+06
4.419269000000000000e+06 4.419445000000000000e+06
4.420225000000000000e+06 4.420570000000000000e+06
4.421254000000000000e+06 4.421526000000000000e+06
4.422270000000000000e+06 4.422898000000000000e+06
4.423348000000000000e+06 4.423850000000000000e+06
4.424666000000000000e+06 4.424944000000000000e+06
4.425378000000000000e+06 4.425639000000000000e+06
4.426277000000000000e+06 4.426706000000000000e+06
4.427217000000000000e+06 4.427494000000000000e+06
4.427944000000000000e+06 4.428336000000000000e+06
4.429000000000000000e+06 4.429534000000000000e+06
4.430360000000000000e+06 4.430596000000000000e+06
4.431223000000000000e+06 4.431673000000000000e+06
4.432123000000000000e+06 4.432552000000000000e+06
4.433750000000000000e+06 4.434257000000000000e+06
4.434749000000000000e+06 4.435293000000000000e+06
4.436130000000000000e+06 4.436292000000000000e+06
4.436818000000000000e+06 4.437200000000000000e+06
4.437890000000000000e+06 4.438685000000000000e+06
4.438837000000000000e+06 4.439004000000000000e+06
4.439784000000000000e+06 4.440232000000000000e+06
4.443733000000000000e+06 4.444079000000000000e+06
4.681510000000000000e+06 4.681798000000000000e+06
4.682410000000000000e+06 4.682902000000000000e+06
4.683399000000000000e+06 4.683624000000000000e+06
4.687034000000000000e+06 4.687358000000000000e+06
4.687845000000000000e+06 4.688007000000000000e+06
4.688854000000000000e+06 4.689095000000000000e+06
4.690450000000000000e+06 4.690806000000000000e+06
4.691619000000000000e+06 4.692153000000000000e+06
4.692875000000000000e+06 4.693256000000000000e+06
4.694062000000000000e+06 4.694444000000000000e+06
4.695187000000000000e+06 4.695393000000000000e+06
4.696578000000000000e+06 4.696766000000000000e+06
4.699283000000000000e+06 4.699738000000000000e+06
4.702060000000000000e+06 4.702453000000000000e+06
4.703494000000000000e+06 4.703839000000000000e+06
4.704200000000000000e+06 4.704702000000000000e+06
4.706297000000000000e+06 4.706705000000000000e+06
4.707605000000000000e+06 4.708312000000000000e+06
4.708638000000000000e+06 4.708994000000000000e+06
4.709250000000000000e+06 4.709407000000000000e+06
4.709881000000000000e+06 4.710445000000000000e+06
4.711555000000000000e+06 4.711898000000000000e+06
4.713940000000000000e+06 4.714296000000000000e+06
4.714589000000000000e+06 4.715012000000000000e+06
4.715321000000000000e+06 4.715614000000000000e+06
4.716069000000000000e+06 4.716718000000000000e+06
4.716984000000000000e+06 4.717487000000000000e+06
4.717900000000000000e+06 4.718067000000000000e+06
4.718907000000000000e+06 4.719205000000000000e+06
4.720893000000000000e+06 4.721124000000000000e+06
4.721936000000000000e+06 4.722269000000000000e+06
4.724433000000000000e+06 4.724737000000000000e+06
4.725699000000000000e+06 4.726306000000000000e+06
4.727529000000000000e+06 4.727844000000000000e+06
4.729010000000000000e+06 4.729393000000000000e+06
4.730358000000000000e+06 4.730973000000000000e+06
4.731413000000000000e+06 4.731662000000000000e+06
4.733046000000000000e+06 4.733679000000000000e+06
4.734454000000000000e+06 4.734866000000000000e+06
4.735245000000000000e+06 4.735930000000000000e+06
4.736501000000000000e+06 4.736723000000000000e+06
4.737662000000000000e+06 4.737963000000000000e+06
4.739070000000000000e+06 4.740263000000000000e+06
4.741973000000000000e+06 4.742104000000000000e+06
4.746984000000000000e+06 4.747298000000000000e+06
4.747680000000000000e+06 4.747925000000000000e+06
4.749422000000000000e+06 4.750034000000000000e+06
4.750782000000000000e+06 4.751462000000000000e+06
4.752273000000000000e+06 4.752608000000000000e+06
4.753879000000000000e+06 4.754125000000000000e+06
4.754645000000000000e+06 4.755053000000000000e+06
4.756115000000000000e+06 4.756387000000000000e+06
4.757970000000000000e+06 4.758237000000000000e+06
4.759073000000000000e+06 4.759848000000000000e+06
4.760444000000000000e+06 4.760779000000000000e+06
4.761192000000000000e+06 4.761307000000000000e+06
4.762515000000000000e+06 4.763101000000000000e+06
4.763682000000000000e+06 4.763970000000000000e+06
4.764467000000000000e+06 4.764843000000000000e+06
4.766229000000000000e+06 4.766329000000000000e+06
4.766546000000000000e+06 4.767231000000000000e+06
4.767608000000000000e+06 4.767744000000000000e+06
4.769449000000000000e+06 4.769862000000000000e+06
4.771015000000000000e+06 4.771182000000000000e+06
4.772164000000000000e+06 4.772520000000000000e+06
4.773744000000000000e+06 4.773927000000000000e+06
4.773765000000000000e+06 4.773915000000000000e+06
4.774204000000000000e+06 4.774528000000000000e+06
4.775386000000000000e+06 4.775595000000000000e+06
4.776482000000000000e+06 4.776906000000000000e+06
4.778062000000000000e+06 4.778412000000000000e+06
4.778844000000000000e+06 4.779288000000000000e+06
4.780126000000000000e+06 4.780518000000000000e+06
4.780879000000000000e+06 4.781152000000000000e+06
4.781739000000000000e+06 4.782372000000000000e+06
4.782875000000000000e+06 4.783267000000000000e+06
4.783654000000000000e+06 4.784025000000000000e+06
4.784742000000000000e+06 4.785056000000000000e+06
4.787575000000000000e+06 4.788001000000000000e+06
4.789314000000000000e+06 4.789800000000000000e+06
4.791799000000000000e+06 4.792500000000000000e+06
4.793316000000000000e+06 4.793959000000000000e+06
4.794739000000000000e+06 4.794990000000000000e+06
4.795604000000000000e+06 4.796054000000000000e+06
4.796672000000000000e+06 4.797246000000000000e+06
4.798251000000000000e+06 4.798895000000000000e+06
4.799915000000000000e+06 4.800070000000000000e+06
4.800732000000000000e+06 4.801125000000000000e+06
4.802082000000000000e+06 4.802298000000000000e+06
4.804174000000000000e+06 4.804328000000000000e+06
4.805760000000000000e+06 4.806252000000000000e+06
4.806624000000000000e+06 4.806833000000000000e+06
4.809427000000000000e+06 4.810076000000000000e+06
4.811028000000000000e+06 4.811640000000000000e+06
4.812257000000000000e+06 4.812482000000000000e+06
4.812937000000000000e+06 4.813131000000000000e+06
4.813392000000000000e+06 4.813649000000000000e+06
4.814603000000000000e+06 4.814955000000000000e+06
4.815498000000000000e+06 4.815671000000000000e+06
4.816183000000000000e+06 4.816492000000000000e+06
4.820525000000000000e+06 4.820975000000000000e+06
4.822052000000000000e+06 4.822539000000000000e+06
4.823214000000000000e+06 4.823637000000000000e+06
4.824658000000000000e+06 4.825250000000000000e+06
4.830365000000000000e+06 4.830682000000000000e+06
4.843715000000000000e+06 4.843887000000000000e+06
4.844698000000000000e+06 4.845006000000000000e+06
4.846032000000000000e+06 4.846319000000000000e+06
4.847381000000000000e+06 4.847747000000000000e+06
4.848615000000000000e+06 4.848882000000000000e+06
4.849198000000000000e+06 4.849526000000000000e+06
4.850395000000000000e+06 4.850668000000000000e+06
4.850870000000000000e+06 4.851080000000000000e+06
4.851593000000000000e+06 4.851854000000000000e+06
4.852376000000000000e+06 4.852604000000000000e+06
4.853151000000000000e+06 4.853611000000000000e+06
4.854134000000000000e+06 4.854464000000000000e+06
4.855055000000000000e+06 4.855578000000000000e+06
4.856038000000000000e+06 4.856603000000000000e+06
4.859099000000000000e+06 4.859339000000000000e+06
4.860746000000000000e+06 4.861158000000000000e+06
4.862898000000000000e+06 4.863154000000000000e+06
4.863528000000000000e+06 4.864046000000000000e+06
4.864477000000000000e+06 4.864861000000000000e+06
4.865496000000000000e+06 4.865784000000000000e+06
4.866330000000000000e+06 4.866709000000000000e+06
4.867417000000000000e+06 4.867810000000000000e+06
4.868321000000000000e+06 4.868603000000000000e+06
4.870245000000000000e+06 4.870690000000000000e+06
4.871323000000000000e+06 4.871476000000000000e+06
4.873662000000000000e+06 4.874080000000000000e+06
4.874917000000000000e+06 4.875126000000000000e+06
4.876126000000000000e+06 4.876523000000000000e+06
4.877078000000000000e+06 4.877747000000000000e+06
4.878080000000000000e+06 4.878741000000000000e+06
4.879143000000000000e+06 4.879426000000000000e+06
4.879982000000000000e+06 4.880376000000000000e+06
4.881117000000000000e+06 4.881787000000000000e+06
4.882132000000000000e+06 4.882393000000000000e+06
4.882837000000000000e+06 4.883132000000000000e+06
4.884176000000000000e+06 4.884380000000000000e+06
4.885735000000000000e+06 4.886065000000000000e+06
4.887644000000000000e+06 4.888173000000000000e+06
4.889109000000000000e+06 4.889449000000000000e+06
4.889800000000000000e+06 4.889967000000000000e+06
4.890820000000000000e+06 4.891097000000000000e+06
4.892112000000000000e+06 4.892258000000000000e+06
4.893451000000000000e+06 4.893707000000000000e+06
4.894591000000000000e+06 4.894863000000000000e+06
4.895093000000000000e+06 4.895412000000000000e+06
4.895627000000000000e+06 4.895910000000000000e+06
4.896417000000000000e+06 4.896584000000000000e+06
4.898650000000000000e+06 4.899189000000000000e+06
4.900073000000000000e+06 4.900774000000000000e+06
4.901690000000000000e+06 4.901941000000000000e+06
4.904263000000000000e+06 4.904619000000000000e+06
4.906502000000000000e+06 4.906800000000000000e+06
4.907182000000000000e+06 4.907695000000000000e+06
4.908348000000000000e+06 4.908637000000000000e+06
4.909655000000000000e+06 4.910215000000000000e+06
4.911362000000000000e+06 4.911626000000000000e+06
4.912875000000000000e+06 4.913407000000000000e+06
4.913548000000000000e+06 4.913695000000000000e+06
4.915170000000000000e+06 4.915426000000000000e+06
4.917048000000000000e+06 4.917278000000000000e+06
4.919282000000000000e+06 4.919632000000000000e+06
4.920323000000000000e+06 4.920689000000000000e+06
4.921306000000000000e+06 4.921500000000000000e+06
4.922609000000000000e+06 4.922797000000000000e+06
4.925067000000000000e+06 4.925297000000000000e+06
4.946426000000000000e+06 4.946609000000000000e+06
4.947446000000000000e+06 4.947770000000000000e+06
4.949386000000000000e+06 4.949580000000000000e+06
4.950061000000000000e+06 4.950270000000000000e+06
4.950699000000000000e+06 4.951264000000000000e+06
4.955659000000000000e+06 4.956140000000000000e+06
4.958078000000000000e+06 4.958392000000000000e+06
4.959909000000000000e+06 4.960202000000000000e+06
4.961488000000000000e+06 4.961907000000000000e+06
4.962728000000000000e+06 4.962984000000000000e+06
4.963769000000000000e+06 4.964067000000000000e+06
4.964714000000000000e+06 4.965246000000000000e+06
4.965417000000000000e+06 4.965713000000000000e+06
4.966060000000000000e+06 4.966329000000000000e+06
4.967376000000000000e+06 4.967640000000000000e+06
4.968472000000000000e+06 4.968770000000000000e+06
4.969722000000000000e+06 4.969984000000000000e+06
4.970428000000000000e+06 4.970752000000000000e+06
4.971516000000000000e+06 4.971809000000000000e+06
4.972736000000000000e+06 4.973143000000000000e+06
4.973821000000000000e+06 4.974191000000000000e+06
4.975419000000000000e+06 4.975706000000000000e+06
4.976862000000000000e+06 4.977265000000000000e+06
4.977806000000000000e+06 4.978176000000000000e+06
4.980937000000000000e+06 4.981413000000000000e+06
4.982072000000000000e+06 4.982444000000000000e+06
4.982696000000000000e+06 4.982987000000000000e+06
4.984194000000000000e+06 4.984458000000000000e+06
4.985598000000000000e+06 4.986676000000000000e+06
4.987623000000000000e+06 4.988041000000000000e+06
4.989306000000000000e+06 4.989552000000000000e+06
4.991536000000000000e+06 4.991818000000000000e+06
4.994030000000000000e+06 4.994520000000000000e+06
4.995035000000000000e+06 4.995333000000000000e+06
4.997106000000000000e+06 4.997446000000000000e+06
4.998194000000000000e+06 4.998529000000000000e+06
4.999454000000000000e+06 4.999698000000000000e+06
5.000705000000000000e+06 5.001029000000000000e+06
5.002028000000000000e+06 5.002555000000000000e+06
5.004422000000000000e+06 5.004602000000000000e+06
5.006754000000000000e+06 5.007048000000000000e+06
5.008282000000000000e+06 5.008576000000000000e+06
5.009130000000000000e+06 5.009255000000000000e+06
5.010043000000000000e+06 5.010325000000000000e+06
5.010864000000000000e+06 5.011345000000000000e+06
5.017149000000000000e+06 5.017463000000000000e+06
5.018387000000000000e+06 5.018759000000000000e+06
5.019158000000000000e+06 5.019367000000000000e+06
5.019739000000000000e+06 5.019896000000000000e+06
5.020188000000000000e+06 5.020330000000000000e+06
5.021148000000000000e+06 5.021527000000000000e+06
5.024554000000000000e+06 5.024732000000000000e+06
5.030170000000000000e+06 5.030326000000000000e+06
5.034182000000000000e+06 5.034359000000000000e+06
5.035726000000000000e+06 5.035920000000000000e+06
5.036603000000000000e+06 5.036913000000000000e+06
5.037848000000000000e+06 5.038082000000000000e+06
5.041389000000000000e+06 5.041671000000000000e+06
5.045640000000000000e+06 5.045996000000000000e+06
5.047259000000000000e+06 5.047417000000000000e+06
5.048696000000000000e+06 5.049020000000000000e+06
5.052966000000000000e+06 5.053149000000000000e+06
5.053453000000000000e+06 5.053793000000000000e+06
5.055310000000000000e+06 5.055556000000000000e+06
5.055712000000000000e+06 5.055838000000000000e+06
5.056874000000000000e+06 5.057057000000000000e+06
5.059819000000000000e+06 5.060054000000000000e+06
5.060975000000000000e+06 5.061289000000000000e+06
5.062282000000000000e+06 5.062435000000000000e+06
5.063393000000000000e+06 5.063498000000000000e+06
5.064394000000000000e+06 5.064602000000000000e+06
5.066844000000000000e+06 5.067140000000000000e+06
5.069970000000000000e+06 5.070137000000000000e+06
5.071209000000000000e+06 5.071372000000000000e+06
5.073445000000000000e+06 5.073658000000000000e+06
5.077455000000000000e+06 5.077628000000000000e+06
5.078350000000000000e+06 5.078470000000000000e+06
5.081232000000000000e+06 5.081478000000000000e+06
5.084555000000000000e+06 5.084874000000000000e+06
5.085909000000000000e+06 5.086196000000000000e+06
5.087352000000000000e+06 5.087640000000000000e+06
5.098505000000000000e+06 5.098719000000000000e+06
5.099258000000000000e+06 5.099603000000000000e+06
5.101759000000000000e+06 5.101863000000000000e+06
5.102237000000000000e+06 5.102476000000000000e+06
5.105739000000000000e+06 5.106032000000000000e+06
5.106644000000000000e+06 5.106995000000000000e+06
5.107293000000000000e+06 5.107649000000000000e+06
5.108130000000000000e+06 5.108512000000000000e+06
5.150439000000000000e+06 5.150735000000000000e+06
5.164003000000000000e+06 5.164243000000000000e+06
5.165876000000000000e+06 5.166153000000000000e+06
5.166775000000000000e+06 5.167037000000000000e+06
5.167559000000000000e+06 5.167759000000000000e+06
5.169056000000000000e+06 5.169404000000000000e+06
5.170693000000000000e+06 5.170954000000000000e+06
5.171612000000000000e+06 5.171834000000000000e+06
5.172478000000000000e+06 5.172612000000000000e+06
5.177671000000000000e+06 5.177881000000000000e+06
5.180834000000000000e+06 5.181027000000000000e+06
5.182948000000000000e+06 5.183337000000000000e+06
5.183993000000000000e+06 5.184248000000000000e+06
5.188393000000000000e+06 5.188882000000000000e+06
5.189865000000000000e+06 5.190268000000000000e+06
5.192865000000000000e+06 5.193315000000000000e+06
5.194743000000000000e+06 5.194987000000000000e+06
5.201300000000000000e+06 5.201985000000000000e+06
5.203361000000000000e+06 5.204046000000000000e+06
5.205519000000000000e+06 5.205658000000000000e+06
5.206149000000000000e+06 5.206526000000000000e+06
