6.820170000000000000e+05 6.821380000000000000e+05
6.822900000000000000e+05 6.825820000000000000e+05
6.823880000000000000e+05 6.825640000000000000e+05
6.974570000000000000e+05 6.981330000000000000e+05
6.976260000000000000e+05 6.978480000000000000e+05
6.986140000000000000e+05 6.991700000000000000e+05
6.986700000000000000e+05 6.989540000000000000e+05
6.996420000000000000e+05 7.000080000000000000e+05
7.043140000000000000e+05 7.046140000000000000e+05
7.043930000000000000e+05 7.045040000000000000e+05
7.174200000000000000e+05 7.177720000000000000e+05
7.186380000000000000e+05 7.190360000000000000e+05
7.188090000000000000e+05 7.188880000000000000e+05
7.191980000000000000e+05 7.198920000000000000e+05
7.192210000000000000e+05 7.194020000000000000e+05
7.512360000000000000e+05 7.514720000000000000e+05
7.530610000000000000e+05 7.534360000000000000e+05
7.568980000000000000e+05 7.572360000000000000e+05
7.569040000000000000e+05 7.570370000000000000e+05
7.664300000000000000e+05 7.668420000000000000e+05
7.675010000000000000e+05 7.680840000000000000e+05
7.677710000000000000e+05 7.680800000000000000e+05
7.712230000000000000e+05 7.715520000000000000e+05
7.731650000000000000e+05 7.735930000000000000e+05
7.743340000000000000e+05 7.749170000000000000e+05
7.757320000000000000e+05 7.759090000000000000e+05
7.799320000000000000e+05 7.802140000000000000e+05
7.811070000000000000e+05 7.814540000000000000e+05
7.811480000000000000e+05 7.813370000000000000e+05
7.821040000000000000e+05 7.824650000000000000e+05
7.947930000000000000e+05 7.949480000000000000e+05
7.980060000000000000e+05 7.987320000000000000e+05
7.980930000000000000e+05 7.983260000000000000e+05
7.991300000000000000e+05 7.995370000000000000e+05
8.000200000000000000e+05 8.001480000000000000e+05
8.027200000000000000e+05 8.029540000000000000e+05
8.035260000000000000e+05 8.036980000000000000e+05
8.046860000000000000e+05 8.052080000000000000e+05
8.064300000000000000e+05 8.068920000000000000e+05
8.065650000000000000e+05 8.068150000000000000e+05
8.076230000000000000e+05 8.080210000000000000e+05
8.153980000000000000e+05 8.156200000000000000e+05
8.214320000000000000e+05 8.216870000000000000e+05
8.412870000000000000e+05 8.414870000000000000e+05
8.423700000000000000e+05 8.424820000000000000e+05
8.605850000000000000e+05 8.609130000000000000e+05
8.606980000000000000e+05 8.608040000000000000e+05
8.754780000000000000e+05 8.756120000000000000e+05
8.773080000000000000e+05 8.777840000000000000e+05
8.773150000000000000e+05 8.774200000000000000e+05
8.840550000000000000e+05 8.843880000000000000e+05
9.096160000000000000e+05 9.098200000000000000e+05
9.324740000000000000e+05 9.328070000000000000e+05
1.003990000000000000e+06 1.004555000000000000e+06
1.004187000000000000e+06 1.004443000000000000e+06
1.004843000000000000e+06 1.005054000000000000e+06
1.006023000000000000e+06 1.006616000000000000e+06
1.023857000000000000e+06 1.024111000000000000e+06
1.024509000000000000e+06 1.025268000000000000e+06
1.024837000000000000e+06 1.025226000000000000e+06
1.026043000000000000e+06 1.026254000000000000e+06
1.027486000000000000e+06 1.027824000000000000e+06
1.027536000000000000e+06 1.027876000000000000e+06
1.028277000000000000e+06 1.028804000000000000e+06
1.035089000000000000e+06 1.035306000000000000e+06
1.035880000000000000e+06 1.036125000000000000e+06
1.036854000000000000e+06 1.037065000000000000e+06
1.036865000000000000e+06 1.037499000000000000e+06
1.038926000000000000e+06 1.039343000000000000e+06
1.038932000000000000e+06 1.039120000000000000e+06
1.039498000000000000e+06 1.039715000000000000e+06
1.042060000000000000e+06 1.042282000000000000e+06
1.045065000000000000e+06 1.045555000000000000e+06
1.045949000000000000e+06 1.046254000000000000e+06
1.047676000000000000e+06 1.048109000000000000e+06
1.050158000000000000e+06 1.050700000000000000e+06
1.050309000000000000e+06 1.050604000000000000e+06
1.051245000000000000e+06 1.051861000000000000e+06
1.051415000000000000e+06 1.051765000000000000e+06
1.052603000000000000e+06 1.052770000000000000e+06
1.074052000000000000e+06 1.074431000000000000e+06
1.086852000000000000e+06 1.087158000000000000e+06
1.086920000000000000e+06 1.087093000000000000e+06
1.088009000000000000e+06 1.088194000000000000e+06
1.088714000000000000e+06 1.088955000000000000e+06
1.090084000000000000e+06 1.090194000000000000e+06
1.090704000000000000e+06 1.090815000000000000e+06
1.094649000000000000e+06 1.094811000000000000e+06
1.099851000000000000e+06 1.100148000000000000e+06
1.099863000000000000e+06 1.100182000000000000e+06
1.103862000000000000e+06 1.104112000000000000e+06
1.108782000000000000e+06 1.109074000000000000e+06
1.108793000000000000e+06 1.108909000000000000e+06
1.115196000000000000e+06 1.116029000000000000e+06
1.118382000000000000e+06 1.118487000000000000e+06
1.119945000000000000e+06 1.120324000000000000e+06
1.121601000000000000e+06 1.121707000000000000e+06
1.123454000000000000e+06 1.123819000000000000e+06
1.126583000000000000e+06 1.127152000000000000e+06
1.130992000000000000e+06 1.131214000000000000e+06
1.133534000000000000e+06 1.133733000000000000e+06
1.163728000000000000e+06 1.164001000000000000e+06
1.184950000000000000e+06 1.185390000000000000e+06
1.194991000000000000e+06 1.195542000000000000e+06
1.197464000000000000e+06 1.197732000000000000e+06
1.280955000000000000e+06 1.281070000000000000e+06
1.282435000000000000e+06 1.282847000000000000e+06
1.302956000000000000e+06 1.303104000000000000e+06
1.310719000000000000e+06 1.311006000000000000e+06
1.311875000000000000e+06 1.312019000000000000e+06
1.331640000000000000e+06 1.331807000000000000e+06
1.375808000000000000e+06 1.375992000000000000e+06
1.394941000000000000e+06 1.395325000000000000e+06
1.395709000000000000e+06 1.396060000000000000e+06
1.395715000000000000e+06 1.395920000000000000e+06
1.398954000000000000e+06 1.399218000000000000e+06
1.399713000000000000e+06 1.400046000000000000e+06
1.401926000000000000e+06 1.402315000000000000e+06
1.411468000000000000e+06 1.411814000000000000e+06
1.411593000000000000e+06 1.411804000000000000e+06
1.413195000000000000e+06 1.413353000000000000e+06
1.415332000000000000e+06 1.415656000000000000e+06
1.416248000000000000e+06 1.416565000000000000e+06
1.417444000000000000e+06 1.417634000000000000e+06
1.435598000000000000e+06 1.435843000000000000e+06
1.436372000000000000e+06 1.436714000000000000e+06
1.437437000000000000e+06 1.437670000000000000e+06
1.438472000000000000e+06 1.438986000000000000e+06
1.438582000000000000e+06 1.438698000000000000e+06
1.438807000000000000e+06 1.438908000000000000e+06
1.443094000000000000e+06 1.443649000000000000e+06
1.443282000000000000e+06 1.443520000000000000e+06
1.443972000000000000e+06 1.444333000000000000e+06
1.443982000000000000e+06 1.444159000000000000e+06
1.445245000000000000e+06 1.445356000000000000e+06
1.446366000000000000e+06 1.446519000000000000e+06
1.447698000000000000e+06 1.447865000000000000e+06
1.448580000000000000e+06 1.449158000000000000e+06
1.449270000000000000e+06 1.449482000000000000e+06
1.459722000000000000e+06 1.460138000000000000e+06
1.459826000000000000e+06 1.460070000000000000e+06
1.460626000000000000e+06 1.460993000000000000e+06
1.461385000000000000e+06 1.461926000000000000e+06
1.461420000000000000e+06 1.461709000000000000e+06
1.461762000000000000e+06 1.461885000000000000e+06
1.462254000000000000e+06 1.462404000000000000e+06
1.462787000000000000e+06 1.463036000000000000e+06
1.463180000000000000e+06 1.463485000000000000e+06
1.463204000000000000e+06 1.463376000000000000e+06
1.474359000000000000e+06 1.474526000000000000e+06
1.476408000000000000e+06 1.476959000000000000e+06
1.476559000000000000e+06 1.476937000000000000e+06
1.477491000000000000e+06 1.477916000000000000e+06
1.477578000000000000e+06 1.477921000000000000e+06
1.478286000000000000e+06 1.478490000000000000e+06
1.478860000000000000e+06 1.479189000000000000e+06
1.478881000000000000e+06 1.479417000000000000e+06
1.479004000000000000e+06 1.479182000000000000e+06
1.481359000000000000e+06 1.481765000000000000e+06
1.484351000000000000e+06 1.484693000000000000e+06
1.484415000000000000e+06 1.484604000000000000e+06
1.484964000000000000e+06 1.485316000000000000e+06
1.485104000000000000e+06 1.485287000000000000e+06
1.486814000000000000e+06 1.487272000000000000e+06
1.486932000000000000e+06 1.487248000000000000e+06
1.488066000000000000e+06 1.488639000000000000e+06
1.488115000000000000e+06 1.488301000000000000e+06
1.489384000000000000e+06 1.490231000000000000e+06
1.489465000000000000e+06 1.489648000000000000e+06
1.489926000000000000e+06 1.490076000000000000e+06
1.492315000000000000e+06 1.492620000000000000e+06
1.493083000000000000e+06 1.493504000000000000e+06
1.496319000000000000e+06 1.496481000000000000e+06
1.496992000000000000e+06 1.497311000000000000e+06
1.497926000000000000e+06 1.498070000000000000e+06
1.499110000000000000e+06 1.499587000000000000e+06
1.500427000000000000e+06 1.501102000000000000e+06
1.500798000000000000e+06 1.501009000000000000e+06
1.502082000000000000e+06 1.502504000000000000e+06
1.504498000000000000e+06 1.504709000000000000e+06
1.511648000000000000e+06 1.511848000000000000e+06
1.514474000000000000e+06 1.514862000000000000e+06
1.517165000000000000e+06 1.517448000000000000e+06
1.517747000000000000e+06 1.518306000000000000e+06
1.517815000000000000e+06 1.518070000000000000e+06
1.518526000000000000e+06 1.518776000000000000e+06
1.518565000000000000e+06 1.519056000000000000e+06
1.519708000000000000e+06 1.519953000000000000e+06
1.520587000000000000e+06 1.520882000000000000e+06
1.520603000000000000e+06 1.521144000000000000e+06
1.521443000000000000e+06 1.521626000000000000e+06
1.522162000000000000e+06 1.522509000000000000e+06
1.523954000000000000e+06 1.524232000000000000e+06
1.524861000000000000e+06 1.525120000000000000e+06
1.525654000000000000e+06 1.525793000000000000e+06
1.526300000000000000e+06 1.526689000000000000e+06
1.526426000000000000e+06 1.526609000000000000e+06
1.528139000000000000e+06 1.528370000000000000e+06
1.529259000000000000e+06 1.529543000000000000e+06
1.530630000000000000e+06 1.531028000000000000e+06
1.530726000000000000e+06 1.530865000000000000e+06
1.534237000000000000e+06 1.534465000000000000e+06
1.536304000000000000e+06 1.536509000000000000e+06
1.540282000000000000e+06 1.540620000000000000e+06
1.547719000000000000e+06 1.548029000000000000e+06
1.547770000000000000e+06 1.547909000000000000e+06
1.548760000000000000e+06 1.548917000000000000e+06
1.562020000000000000e+06 1.562248000000000000e+06
1.564587000000000000e+06 1.564826000000000000e+06
1.564620000000000000e+06 1.565110000000000000e+06
1.564904000000000000e+06 1.565037000000000000e+06
1.565915000000000000e+06 1.566209000000000000e+06
1.566639000000000000e+06 1.566922000000000000e+06
1.569334000000000000e+06 1.569843000000000000e+06
1.573782000000000000e+06 1.574069000000000000e+06
1.574205000000000000e+06 1.574395000000000000e+06
1.602290000000000000e+06 1.602582000000000000e+06
1.729988000000000000e+06 1.730501000000000000e+06
1.730004000000000000e+06 1.730182000000000000e+06
1.732861000000000000e+06 1.733166000000000000e+06
1.732982000000000000e+06 1.733159000000000000e+06
1.739053000000000000e+06 1.739386000000000000e+06
1.739198000000000000e+06 1.739402000000000000e+06
1.740163000000000000e+06 1.740704000000000000e+06
1.740537000000000000e+06 1.740648000000000000e+06
1.741250000000000000e+06 1.741902000000000000e+06
1.741382000000000000e+06 1.741782000000000000e+06
1.742161000000000000e+06 1.742467000000000000e+06
1.742182000000000000e+06 1.742437000000000000e+06
1.743408000000000000e+06 1.743774000000000000e+06
1.743459000000000000e+06 1.743665000000000000e+06
1.748798000000000000e+06 1.749061000000000000e+06
1.750518000000000000e+06 1.750828000000000000e+06
1.750532000000000000e+06 1.750693000000000000e+06
1.753000000000000000e+06 1.753690000000000000e+06
1.753098000000000000e+06 1.753315000000000000e+06
1.754150000000000000e+06 1.754742000000000000e+06
1.755316000000000000e+06 1.755774000000000000e+06
1.755443000000000000e+06 1.755648000000000000e+06
1.756537000000000000e+06 1.756824000000000000e+06
1.756610000000000000e+06 1.756715000000000000e+06
1.759000000000000000e+06 1.759370000000000000e+06
1.760143000000000000e+06 1.760665000000000000e+06
1.765268000000000000e+06 1.765578000000000000e+06
1.767248000000000000e+06 1.767509000000000000e+06
1.770076000000000000e+06 1.770293000000000000e+06
1.778969000000000000e+06 1.779491000000000000e+06
1.780338000000000000e+06 1.780916000000000000e+06
1.780504000000000000e+06 1.780754000000000000e+06
1.781626000000000000e+06 1.781787000000000000e+06
1.782288000000000000e+06 1.782875000000000000e+06
1.782448000000000000e+06 1.782732000000000000e+06
1.783326000000000000e+06 1.783554000000000000e+06
1.784404000000000000e+06 1.784620000000000000e+06
1.787631000000000000e+06 1.788339000000000000e+06
1.787670000000000000e+06 1.787987000000000000e+06
1.789898000000000000e+06 1.790231000000000000e+06
1.791454000000000000e+06 1.791593000000000000e+06
1.791792000000000000e+06 1.791936000000000000e+06
1.794198000000000000e+06 1.794537000000000000e+06
1.795222000000000000e+06 1.795504000000000000e+06
1.795293000000000000e+06 1.795437000000000000e+06
1.796328000000000000e+06 1.796772000000000000e+06
1.796360000000000000e+06 1.796470000000000000e+06
1.797945000000000000e+06 1.798324000000000000e+06
1.798087000000000000e+06 1.798226000000000000e+06
1.806010000000000000e+06 1.806316000000000000e+06
1.807115000000000000e+06 1.807265000000000000e+06
1.808178000000000000e+06 1.808511000000000000e+06
1.809843000000000000e+06 1.810268000000000000e+06
1.810828000000000000e+06 1.811573000000000000e+06
1.810926000000000000e+06 1.811148000000000000e+06
1.811798000000000000e+06 1.812195000000000000e+06
1.811904000000000000e+06 1.812043000000000000e+06
1.813393000000000000e+06 1.813814000000000000e+06
1.813615000000000000e+06 1.813743000000000000e+06
1.814409000000000000e+06 1.814927000000000000e+06
1.814598000000000000e+06 1.814876000000000000e+06
1.816528000000000000e+06 1.816638000000000000e+06
1.817587000000000000e+06 1.817748000000000000e+06
1.821242000000000000e+06 1.821783000000000000e+06
1.821399000000000000e+06 1.821769000000000000e+06
1.823326000000000000e+06 1.823798000000000000e+06
1.824408000000000000e+06 1.824718000000000000e+06
1.825037000000000000e+06 1.825430000000000000e+06
1.826101000000000000e+06 1.826494000000000000e+06
1.826243000000000000e+06 1.826443000000000000e+06
1.826649000000000000e+06 1.826844000000000000e+06
1.827505000000000000e+06 1.828236000000000000e+06
1.828643000000000000e+06 1.829258000000000000e+06
1.829488000000000000e+06 1.829696000000000000e+06
1.831148000000000000e+06 1.831800000000000000e+06
1.834750000000000000e+06 1.835083000000000000e+06
1.837287000000000000e+06 1.837504000000000000e+06
1.842420000000000000e+06 1.842659000000000000e+06
1.846634000000000000e+06 1.846859000000000000e+06
1.849144000000000000e+06 1.849588000000000000e+06
1.850328000000000000e+06 1.850587000000000000e+06
1.851559000000000000e+06 1.851809000000000000e+06
1.858348000000000000e+06 1.858576000000000000e+06
1.859189000000000000e+06 1.859481000000000000e+06
1.860431000000000000e+06 1.860750000000000000e+06
1.864259000000000000e+06 1.864476000000000000e+06
1.866098000000000000e+06 1.866306000000000000e+06
1.868161000000000000e+06 1.868286000000000000e+06
1.868881000000000000e+06 1.869163000000000000e+06
1.868990000000000000e+06 1.869112000000000000e+06
1.870278000000000000e+06 1.870740000000000000e+06
1.870532000000000000e+06 1.870665000000000000e+06
1.872672000000000000e+06 1.872972000000000000e+06
1.873982000000000000e+06 1.874082000000000000e+06
1.875936000000000000e+06 1.876102000000000000e+06
1.881163000000000000e+06 1.881371000000000000e+06
1.881904000000000000e+06 1.882026000000000000e+06
1.882750000000000000e+06 1.883365000000000000e+06
1.882815000000000000e+06 1.883109000000000000e+06
1.885715000000000000e+06 1.885854000000000000e+06
1.889443000000000000e+06 1.889620000000000000e+06
1.891537000000000000e+06 1.891770000000000000e+06
1.899312000000000000e+06 1.899422000000000000e+06
1.907304000000000000e+06 1.907570000000000000e+06
1.916314000000000000e+06 1.916689000000000000e+06
1.916459000000000000e+06 1.916693000000000000e+06
1.917348000000000000e+06 1.917593000000000000e+06
1.919709000000000000e+06 1.919882000000000000e+06
1.930804000000000000e+06 1.930916000000000000e+06
1.932653000000000000e+06 1.932880000000000000e+06
1.936993000000000000e+06 1.937237000000000000e+06
1.939023000000000000e+06 1.939278000000000000e+06
2.039609000000000000e+06 2.039782000000000000e+06
2.254768000000000000e+06 2.255083000000000000e+06
2.254854000000000000e+06 2.254998000000000000e+06
2.259713000000000000e+06 2.259880000000000000e+06
2.289877000000000000e+06 2.290066000000000000e+06
2.290636000000000000e+06 2.291030000000000000e+06
2.291493000000000000e+06 2.291698000000000000e+06
2.293310000000000000e+06 2.293782000000000000e+06
2.293393000000000000e+06 2.293659000000000000e+06
2.294381000000000000e+06 2.294737000000000000e+06
2.301158000000000000e+06 2.301575000000000000e+06
2.302227000000000000e+06 2.302676000000000000e+06
2.302246000000000000e+06 2.302362000000000000e+06
2.305032000000000000e+06 2.305198000000000000e+06
2.308337000000000000e+06 2.308448000000000000e+06
2.310526000000000000e+06 2.310643000000000000e+06
2.311632000000000000e+06 2.311787000000000000e+06
2.311657000000000000e+06 2.311893000000000000e+06
2.312346000000000000e+06 2.312726000000000000e+06
2.313426000000000000e+06 2.313676000000000000e+06
2.314134000000000000e+06 2.314430000000000000e+06
2.315258000000000000e+06 2.315399000000000000e+06
2.315936000000000000e+06 2.316302000000000000e+06
2.316038000000000000e+06 2.316187000000000000e+06
2.317194000000000000e+06 2.317722000000000000e+06
2.317254000000000000e+06 2.317626000000000000e+06
2.318187000000000000e+06 2.318420000000000000e+06
2.326306000000000000e+06 2.326475000000000000e+06
2.326998000000000000e+06 2.327232000000000000e+06
2.328579000000000000e+06 2.328797000000000000e+06
2.359097000000000000e+06 2.359380000000000000e+06
2.360215000000000000e+06 2.360443000000000000e+06
2.380737000000000000e+06 2.380959000000000000e+06
2.389537000000000000e+06 2.389804000000000000e+06
2.423307000000000000e+06 2.423589000000000000e+06
2.423326000000000000e+06 2.423548000000000000e+06
2.425104000000000000e+06 2.425293000000000000e+06
2.425472000000000000e+06 2.425888000000000000e+06
2.425476000000000000e+06 2.425837000000000000e+06
2.425532000000000000e+06 2.425759000000000000e+06
2.428051000000000000e+06 2.428232000000000000e+06
2.428570000000000000e+06 2.428804000000000000e+06
2.436870000000000000e+06 2.436976000000000000e+06
2.437465000000000000e+06 2.437609000000000000e+06
2.475882000000000000e+06 2.476120000000000000e+06
2.475938000000000000e+06 2.476373000000000000e+06
2.480765000000000000e+06 2.481084000000000000e+06
2.481948000000000000e+06 2.482120000000000000e+06
2.486737000000000000e+06 2.487658000000000000e+06
2.486826000000000000e+06 2.487209000000000000e+06
2.498870000000000000e+06 2.499037000000000000e+06
2.504882000000000000e+06 2.505215000000000000e+06
2.506007000000000000e+06 2.506211000000000000e+06
2.507665000000000000e+06 2.507920000000000000e+06
2.508695000000000000e+06 2.509107000000000000e+06
2.508826000000000000e+06 2.509059000000000000e+06
2.512120000000000000e+06 2.512361000000000000e+06
2.512632000000000000e+06 2.512893000000000000e+06
2.514643000000000000e+06 2.514882000000000000e+06
2.514887000000000000e+06 2.515037000000000000e+06
2.530020000000000000e+06 2.530170000000000000e+06
2.530060000000000000e+06 2.530310000000000000e+06
2.530449000000000000e+06 2.530805000000000000e+06
2.530543000000000000e+06 2.530809000000000000e+06
2.550801000000000000e+06 2.551250000000000000e+06
2.550904000000000000e+06 2.551104000000000000e+06
2.551824000000000000e+06 2.552180000000000000e+06
2.552488000000000000e+06 2.552982000000000000e+06
2.553552000000000000e+06 2.553834000000000000e+06
2.556783000000000000e+06 2.557051000000000000e+06
2.583246000000000000e+06 2.583510000000000000e+06
2.584676000000000000e+06 2.585115000000000000e+06
2.584798000000000000e+06 2.585043000000000000e+06
2.586010000000000000e+06 2.586635000000000000e+06
2.586215000000000000e+06 2.586404000000000000e+06
2.587120000000000000e+06 2.587481000000000000e+06
2.587165000000000000e+06 2.587309000000000000e+06
2.588173000000000000e+06 2.588816000000000000e+06
2.590393000000000000e+06 2.590515000000000000e+06
2.592493000000000000e+06 2.592720000000000000e+06
2.593528000000000000e+06 2.593888000000000000e+06
2.593609000000000000e+06 2.593798000000000000e+06
2.594305000000000000e+06 2.594578000000000000e+06
2.595912000000000000e+06 2.596268000000000000e+06
2.599849000000000000e+06 2.600340000000000000e+06
2.599915000000000000e+06 2.600198000000000000e+06
2.602870000000000000e+06 2.603346000000000000e+06
2.603059000000000000e+06 2.603243000000000000e+06
2.610483000000000000e+06 2.610646000000000000e+06
2.620070000000000000e+06 2.620287000000000000e+06
2.621700000000000000e+06 2.622038000000000000e+06
2.625676000000000000e+06 2.625972000000000000e+06
2.626943000000000000e+06 2.627215000000000000e+06
2.628690000000000000e+06 2.629162000000000000e+06
2.629787000000000000e+06 2.630032000000000000e+06
3.737632000000000000e+06 3.737965000000000000e+06
3.738570000000000000e+06 3.739111000000000000e+06
3.742726000000000000e+06 3.743082000000000000e+06
3.745343000000000000e+06 3.745826000000000000e+06
3.746751000000000000e+06 3.747232000000000000e+06
3.754229000000000000e+06 3.754511000000000000e+06
3.755168000000000000e+06 3.755955000000000000e+06
3.755187000000000000e+06 3.755566000000000000e+06
3.755204000000000000e+06 3.755420000000000000e+06
3.755682000000000000e+06 3.755895000000000000e+06
3.758138000000000000e+06 3.758564000000000000e+06
3.758293000000000000e+06 3.758515000000000000e+06
3.759861000000000000e+06 3.760435000000000000e+06
3.760232000000000000e+06 3.760342000000000000e+06
3.761720000000000000e+06 3.761898000000000000e+06
3.761733000000000000e+06 3.762214000000000000e+06
3.761999000000000000e+06 3.762171000000000000e+06
3.762626000000000000e+06 3.762972000000000000e+06
3.764404000000000000e+06 3.764526000000000000e+06
3.764774000000000000e+06 3.765043000000000000e+06
3.764859000000000000e+06 3.764987000000000000e+06
3.772532000000000000e+06 3.772854000000000000e+06
3.773751000000000000e+06 3.774191000000000000e+06
3.773920000000000000e+06 3.774087000000000000e+06
3.775743000000000000e+06 3.775948000000000000e+06
3.776811000000000000e+06 3.777107000000000000e+06
3.782776000000000000e+06 3.782887000000000000e+06
3.788335000000000000e+06 3.788474000000000000e+06
3.788340000000000000e+06 3.788460000000000000e+06
3.789413000000000000e+06 3.789848000000000000e+06
3.790542000000000000e+06 3.791277000000000000e+06
3.790787000000000000e+06 3.791109000000000000e+06
3.791811000000000000e+06 3.792135000000000000e+06
3.791982000000000000e+06 3.792143000000000000e+06
3.796194000000000000e+06 3.796588000000000000e+06
3.796259000000000000e+06 3.796398000000000000e+06
3.798001000000000000e+06 3.798283000000000000e+06
3.798026000000000000e+06 3.798154000000000000e+06
3.799005000000000000e+06 3.799398000000000000e+06
3.800346000000000000e+06 3.800504000000000000e+06
3.804140000000000000e+06 3.804478000000000000e+06
3.810954000000000000e+06 3.811491000000000000e+06
3.818973000000000000e+06 3.819320000000000000e+06
3.820102000000000000e+06 3.820583000000000000e+06
3.820126000000000000e+06 3.820293000000000000e+06
3.820798000000000000e+06 3.821266000000000000e+06
3.821811000000000000e+06 3.822399000000000000e+06
3.822084000000000000e+06 3.822440000000000000e+06
3.824609000000000000e+06 3.824948000000000000e+06
3.825750000000000000e+06 3.826440000000000000e+06
3.828132000000000000e+06 3.828309000000000000e+06
3.829259000000000000e+06 3.829382000000000000e+06
3.829935000000000000e+06 3.830189000000000000e+06
3.830970000000000000e+06 3.831109000000000000e+06
3.831894000000000000e+06 3.832102000000000000e+06
3.832884000000000000e+06 3.833152000000000000e+06
3.832900000000000000e+06 3.833271000000000000e+06
3.849937000000000000e+06 3.850045000000000000e+06
3.850796000000000000e+06 3.851115000000000000e+06
3.852269000000000000e+06 3.852607000000000000e+06
3.853477000000000000e+06 3.853731000000000000e+06
3.854226000000000000e+06 3.854432000000000000e+06
3.859694000000000000e+06 3.860064000000000000e+06
3.859843000000000000e+06 3.860009000000000000e+06
3.861672000000000000e+06 3.861986000000000000e+06
3.862768000000000000e+06 3.863203000000000000e+06
3.870936000000000000e+06 3.871292000000000000e+06
3.872036000000000000e+06 3.872272000000000000e+06
3.882804000000000000e+06 3.883345000000000000e+06
3.883609000000000000e+06 3.883886000000000000e+06
3.885089000000000000e+06 3.885390000000000000e+06
3.886389000000000000e+06 3.886699000000000000e+06
3.886768000000000000e+06 3.886916000000000000e+06
3.887309000000000000e+06 3.887537000000000000e+06
3.888292000000000000e+06 3.888662000000000000e+06
3.889953000000000000e+06 3.890203000000000000e+06
3.892622000000000000e+06 3.892840000000000000e+06
3.893367000000000000e+06 3.893714000000000000e+06
3.893373000000000000e+06 3.893503000000000000e+06
3.894228000000000000e+06 3.894496000000000000e+06
3.923815000000000000e+06 3.923948000000000000e+06
3.942774000000000000e+06 3.942963000000000000e+06
3.944032000000000000e+06 3.944220000000000000e+06
3.987043000000000000e+06 3.987187000000000000e+06
4.011864000000000000e+06 4.012063000000000000e+06
4.018120000000000000e+06 4.018380000000000000e+06
4.064913000000000000e+06 4.065080000000000000e+06
4.095718000000000000e+06 4.095945000000000000e+06
4.102906000000000000e+06 4.103084000000000000e+06
4.113417000000000000e+06 4.113695000000000000e+06
4.169085000000000000e+06 4.169289000000000000e+06
4.199492000000000000e+06 4.199672000000000000e+06
4.214335000000000000e+06 4.214640000000000000e+06
4.233501000000000000e+06 4.233769000000000000e+06
4.236963000000000000e+06 4.237130000000000000e+06
4.238598000000000000e+06 4.238918000000000000e+06
4.243623000000000000e+06 4.243730000000000000e+06
4.249252000000000000e+06 4.249447000000000000e+06
4.250215000000000000e+06 4.250682000000000000e+06
4.285287000000000000e+06 4.285486000000000000e+06
4.287382000000000000e+06 4.287482000000000000e+06
4.287383000000000000e+06 4.287600000000000000e+06
4.308020000000000000e+06 4.308255000000000000e+06
4.344552000000000000e+06 4.344769000000000000e+06
4.348398000000000000e+06 4.348625000000000000e+06
4.369620000000000000e+06 4.370138000000000000e+06
4.369854000000000000e+06 4.370109000000000000e+06
4.371115000000000000e+06 4.371282000000000000e+06
4.371750000000000000e+06 4.372232000000000000e+06
4.372004000000000000e+06 4.372143000000000000e+06
4.372662000000000000e+06 4.373027000000000000e+06
4.373913000000000000e+06 4.374103000000000000e+06
4.373976000000000000e+06 4.374115000000000000e+06
4.374602000000000000e+06 4.374894000000000000e+06
4.375560000000000000e+06 4.375958000000000000e+06
4.383954000000000000e+06 4.384148000000000000e+06
4.387245000000000000e+06 4.387518000000000000e+06
4.387276000000000000e+06 4.387465000000000000e+06
4.388844000000000000e+06 4.389126000000000000e+06
4.388982000000000000e+06 4.389103000000000000e+06
4.389370000000000000e+06 4.389593000000000000e+06
4.389380000000000000e+06 4.389972000000000000e+06
4.390404000000000000e+06 4.390665000000000000e+06
4.390407000000000000e+06 4.390856000000000000e+06
4.391226000000000000e+06 4.391426000000000000e+06
4.394663000000000000e+06 4.394973000000000000e+06
4.394804000000000000e+06 4.394920000000000000e+06
4.395748000000000000e+06 4.395915000000000000e+06
4.396670000000000000e+06 4.397059000000000000e+06
4.396685000000000000e+06 4.397062000000000000e+06
4.397721000000000000e+06 4.397988000000000000e+06
4.398797000000000000e+06 4.399333000000000000e+06
4.398998000000000000e+06 4.399243000000000000e+06
4.400282000000000000e+06 4.400642000000000000e+06
4.400326000000000000e+06 4.400582000000000000e+06
4.402090000000000000e+06 4.402609000000000000e+06
4.404876000000000000e+06 4.405065000000000000e+06
4.410515000000000000e+06 4.410682000000000000e+06
4.412216000000000000e+06 4.412624000000000000e+06
4.412298000000000000e+06 4.412543000000000000e+06
4.412737000000000000e+06 4.413140000000000000e+06
4.412776000000000000e+06 4.413540000000000000e+06
4.413306000000000000e+06 4.413556000000000000e+06
4.420348000000000000e+06 4.420576000000000000e+06
4.422246000000000000e+06 4.422912000000000000e+06
4.422387000000000000e+06 4.422537000000000000e+06
4.423384000000000000e+06 4.423912000000000000e+06
4.423643000000000000e+06 4.423837000000000000e+06
4.424637000000000000e+06 4.424815000000000000e+06
4.424649000000000000e+06 4.425029000000000000e+06
4.425390000000000000e+06 4.425709000000000000e+06
4.426268000000000000e+06 4.426773000000000000e+06
4.426459000000000000e+06 4.426676000000000000e+06
4.427913000000000000e+06 4.427992000000000000e+06
4.428167000000000000e+06 4.428271000000000000e+06
4.428177000000000000e+06 4.428686000000000000e+06
4.429019000000000000e+06 4.429528000000000000e+06
4.429120000000000000e+06 4.429398000000000000e+06
4.430305000000000000e+06 4.430582000000000000e+06
4.431242000000000000e+06 4.431672000000000000e+06
4.432232000000000000e+06 4.432569000000000000e+06
4.432370000000000000e+06 4.432520000000000000e+06
4.433754000000000000e+06 4.434232000000000000e+06
4.436132000000000000e+06 4.436254000000000000e+06
4.436788000000000000e+06 4.437297000000000000e+06
4.436959000000000000e+06 4.437198000000000000e+06
4.437880000000000000e+06 4.438694000000000000e+06
4.437959000000000000e+06 4.438515000000000000e+06
4.438791000000000000e+06 4.439074000000000000e+06
4.443718000000000000e+06 4.444120000000000000e+06
4.443815000000000000e+06 4.443998000000000000e+06
4.681670000000000000e+06 4.681798000000000000e+06
4.682353000000000000e+06 4.682895000000000000e+06
4.682574000000000000e+06 4.682688000000000000e+06
4.683399000000000000e+06 4.683736000000000000e+06
4.687010000000000000e+06 4.687278000000000000e+06
4.687854000000000000e+06 4.688070000000000000e+06
4.688770000000000000e+06 4.689163000000000000e+06
4.690463000000000000e+06 4.690824000000000000e+06
4.691608000000000000e+06 4.692186000000000000e+06
4.691759000000000000e+06 4.692015000000000000e+06
4.692898000000000000e+06 4.693366000000000000e+06
4.694050000000000000e+06 4.694351000000000000e+06
4.696598000000000000e+06 4.696798000000000000e+06
4.696611000000000000e+06 4.696921000000000000e+06
4.699319000000000000e+06 4.699713000000000000e+06
4.699459000000000000e+06 4.699593000000000000e+06
4.702097000000000000e+06 4.702440000000000000e+06
4.703261000000000000e+06 4.703848000000000000e+06
4.703493000000000000e+06 4.703726000000000000e+06
4.704311000000000000e+06 4.704787000000000000e+06
4.706286000000000000e+06 4.706712000000000000e+06
4.706443000000000000e+06 4.706709000000000000e+06
4.707837000000000000e+06 4.708082000000000000e+06
4.708609000000000000e+06 4.709002000000000000e+06
4.708670000000000000e+06 4.708965000000000000e+06
4.709113000000000000e+06 4.709400000000000000e+06
4.710040000000000000e+06 4.710198000000000000e+06
4.713931000000000000e+06 4.714255000000000000e+06
4.714032000000000000e+06 4.714293000000000000e+06
4.714495000000000000e+06 4.714870000000000000e+06
4.715293000000000000e+06 4.715559000000000000e+06
4.715802000000000000e+06 4.716251000000000000e+06
4.716510000000000000e+06 4.716843000000000000e+06
4.717120000000000000e+06 4.717523000000000000e+06
4.718881000000000000e+06 4.719121000000000000e+06
4.725709000000000000e+06 4.726315000000000000e+06
4.729204000000000000e+06 4.729348000000000000e+06
4.730593000000000000e+06 4.730887000000000000e+06
4.733076000000000000e+06 4.733370000000000000e+06
4.734693000000000000e+06 4.734854000000000000e+06
4.735532000000000000e+06 4.735820000000000000e+06
4.739057000000000000e+06 4.739289000000000000e+06
4.739636000000000000e+06 4.740043000000000000e+06
4.746996000000000000e+06 4.747361000000000000e+06
4.749404000000000000e+06 4.750048000000000000e+06
4.750970000000000000e+06 4.751437000000000000e+06
4.752330000000000000e+06 4.752639000000000000e+06
4.753842000000000000e+06 4.754120000000000000e+06
4.754654000000000000e+06 4.755066000000000000e+06
4.756215000000000000e+06 4.756415000000000000e+06
4.759336000000000000e+06 4.759706000000000000e+06
4.760543000000000000e+06 4.760756000000000000e+06
4.761158000000000000e+06 4.761478000000000000e+06
4.762634000000000000e+06 4.763189000000000000e+06
4.762932000000000000e+06 4.763120000000000000e+06
4.763742000000000000e+06 4.764080000000000000e+06
4.764514000000000000e+06 4.764917000000000000e+06
4.764604000000000000e+06 4.764715000000000000e+06
4.766180000000000000e+06 4.766485000000000000e+06
4.766617000000000000e+06 4.766973000000000000e+06
4.769471000000000000e+06 4.769772000000000000e+06
4.776464000000000000e+06 4.776889000000000000e+06
4.777969000000000000e+06 4.778589000000000000e+06
4.780097000000000000e+06 4.780565000000000000e+06
4.780220000000000000e+06 4.780437000000000000e+06
4.781631000000000000e+06 4.782089000000000000e+06
4.781753000000000000e+06 4.781925000000000000e+06
4.782811000000000000e+06 4.783347000000000000e+06
4.782898000000000000e+06 4.783220000000000000e+06
4.783648000000000000e+06 4.783948000000000000e+06
4.787582000000000000e+06 4.787837000000000000e+06
4.789463000000000000e+06 4.789791000000000000e+06
4.789554000000000000e+06 4.789804000000000000e+06
4.791676000000000000e+06 4.792010000000000000e+06
4.792264000000000000e+06 4.792546000000000000e+06
4.792304000000000000e+06 4.792443000000000000e+06
4.793286000000000000e+06 4.793804000000000000e+06
4.793404000000000000e+06 4.793737000000000000e+06
4.794743000000000000e+06 4.794993000000000000e+06
4.796887000000000000e+06 4.797059000000000000e+06
4.798546000000000000e+06 4.798967000000000000e+06
4.806054000000000000e+06 4.806259000000000000e+06
4.806620000000000000e+06 4.806798000000000000e+06
4.809398000000000000e+06 4.809609000000000000e+06
4.809736000000000000e+06 4.810084000000000000e+06
4.811013000000000000e+06 4.811545000000000000e+06
4.811120000000000000e+06 4.811409000000000000e+06
4.812254000000000000e+06 4.812459000000000000e+06
4.812912000000000000e+06 4.813158000000000000e+06
4.813338000000000000e+06 4.813764000000000000e+06
4.813398000000000000e+06 4.813554000000000000e+06
4.815454000000000000e+06 4.815824000000000000e+06
4.816209000000000000e+06 4.816459000000000000e+06
4.820492000000000000e+06 4.820959000000000000e+06
4.820509000000000000e+06 4.820748000000000000e+06
4.822176000000000000e+06 4.822348000000000000e+06
4.823165000000000000e+06 4.823532000000000000e+06
4.824776000000000000e+06 4.825198000000000000e+06
4.844676000000000000e+06 4.844915000000000000e+06
4.846032000000000000e+06 4.846293000000000000e+06
4.847432000000000000e+06 4.847670000000000000e+06
4.850802000000000000e+06 4.851029000000000000e+06
4.853157000000000000e+06 4.853767000000000000e+06
4.853348000000000000e+06 4.853626000000000000e+06
4.854198000000000000e+06 4.854665000000000000e+06
4.855076000000000000e+06 4.855587000000000000e+06
4.856175000000000000e+06 4.856578000000000000e+06
4.856237000000000000e+06 4.856476000000000000e+06
4.860865000000000000e+06 4.861087000000000000e+06
4.864648000000000000e+06 4.864809000000000000e+06
4.865346000000000000e+06 4.865828000000000000e+06
4.865632000000000000e+06 4.865793000000000000e+06
4.867582000000000000e+06 4.867726000000000000e+06
4.871309000000000000e+06 4.871409000000000000e+06
4.873637000000000000e+06 4.874059000000000000e+06
4.874895000000000000e+06 4.875144000000000000e+06
4.876065000000000000e+06 4.876509000000000000e+06
4.876159000000000000e+06 4.876493000000000000e+06
4.877143000000000000e+06 4.877638000000000000e+06
4.877304000000000000e+06 4.877543000000000000e+06
4.878476000000000000e+06 4.878765000000000000e+06
4.881104000000000000e+06 4.881470000000000000e+06
4.884140000000000000e+06 4.884468000000000000e+06
4.885870000000000000e+06 4.886138000000000000e+06
4.887759000000000000e+06 4.888126000000000000e+06
4.888992000000000000e+06 4.889488000000000000e+06
4.890820000000000000e+06 4.891109000000000000e+06
4.891912000000000000e+06 4.892296000000000000e+06
4.892072000000000000e+06 4.892228000000000000e+06
4.893476000000000000e+06 4.893698000000000000e+06
4.894588000000000000e+06 4.894879000000000000e+06
4.895082000000000000e+06 4.895426000000000000e+06
4.895598000000000000e+06 4.895848000000000000e+06
4.898700000000000000e+06 4.899066000000000000e+06
4.898765000000000000e+06 4.898965000000000000e+06
4.900615000000000000e+06 4.900804000000000000e+06
4.901677000000000000e+06 4.901936000000000000e+06
4.901737000000000000e+06 4.901882000000000000e+06
4.904279000000000000e+06 4.904918000000000000e+06
4.904348000000000000e+06 4.904648000000000000e+06
4.906518000000000000e+06 4.906768000000000000e+06
4.906626000000000000e+06 4.906759000000000000e+06
4.907182000000000000e+06 4.907674000000000000e+06
4.907184000000000000e+06 4.907735000000000000e+06
4.907187000000000000e+06 4.907448000000000000e+06
4.909837000000000000e+06 4.910104000000000000e+06
4.913165000000000000e+06 4.913365000000000000e+06
4.915134000000000000e+06 4.915722000000000000e+06
4.917070000000000000e+06 4.917292000000000000e+06
4.920282000000000000e+06 4.920843000000000000e+06
4.921287000000000000e+06 4.921657000000000000e+06
4.922485000000000000e+06 4.922874000000000000e+06
4.925055000000000000e+06 4.925272000000000000e+06
4.946382000000000000e+06 4.946615000000000000e+06
4.947426000000000000e+06 4.947820000000000000e+06
4.949289000000000000e+06 4.949677000000000000e+06
4.950043000000000000e+06 4.950427000000000000e+06
4.950750000000000000e+06 4.951324000000000000e+06
4.950965000000000000e+06 4.951209000000000000e+06
4.955704000000000000e+06 4.956015000000000000e+06
4.958059000000000000e+06 4.958265000000000000e+06
4.958078000000000000e+06 4.958481000000000000e+06
4.959917000000000000e+06 4.960185000000000000e+06
4.961534000000000000e+06 4.962001000000000000e+06
4.962783000000000000e+06 4.963042000000000000e+06
4.962809000000000000e+06 4.962918000000000000e+06
4.963699000000000000e+06 4.964143000000000000e+06
4.963804000000000000e+06 4.963970000000000000e+06
4.966126000000000000e+06 4.966315000000000000e+06
4.968454000000000000e+06 4.968871000000000000e+06
4.969787000000000000e+06 4.969959000000000000e+06
4.970356000000000000e+06 4.970744000000000000e+06
4.970387000000000000e+06 4.970682000000000000e+06
4.971390000000000000e+06 4.971797000000000000e+06
4.975415000000000000e+06 4.975704000000000000e+06
4.980908000000000000e+06 4.981454000000000000e+06
4.982027000000000000e+06 4.982416000000000000e+06
4.985619000000000000e+06 4.986461000000000000e+06
4.985632000000000000e+06 4.985959000000000000e+06
4.986283000000000000e+06 4.986519000000000000e+06
4.986325000000000000e+06 4.986769000000000000e+06
4.987634000000000000e+06 4.987958000000000000e+06
4.987782000000000000e+06 4.987893000000000000e+06
4.995024000000000000e+06 4.995242000000000000e+06
4.997143000000000000e+06 4.997454000000000000e+06
4.998176000000000000e+06 4.998459000000000000e+06
5.002071000000000000e+06 5.002273000000000000e+06
5.010103000000000000e+06 5.010473000000000000e+06
5.010996000000000000e+06 5.011565000000000000e+06
5.011015000000000000e+06 5.011187000000000000e+06
5.017198000000000000e+06 5.017392000000000000e+06
5.019172000000000000e+06 5.019741000000000000e+06
5.020171000000000000e+06 5.020435000000000000e+06
5.021110000000000000e+06 5.021397000000000000e+06
5.045598000000000000e+06 5.045776000000000000e+06
5.048720000000000000e+06 5.048854000000000000e+06
5.052937000000000000e+06 5.053165000000000000e+06
5.053454000000000000e+06 5.053805000000000000e+06
5.055218000000000000e+06 5.055602000000000000e+06
5.056870000000000000e+06 5.057101000000000000e+06
5.059817000000000000e+06 5.060000000000000000e+06
5.060946000000000000e+06 5.061501000000000000e+06
5.069936000000000000e+06 5.070311000000000000e+06
5.071102000000000000e+06 5.071393000000000000e+06
5.071170000000000000e+06 5.071343000000000000e+06
5.077454000000000000e+06 5.077573000000000000e+06
5.078268000000000000e+06 5.078513000000000000e+06
5.081041000000000000e+06 5.081499000000000000e+06
5.082937000000000000e+06 5.083259000000000000e+06
5.085859000000000000e+06 5.086232000000000000e+06
5.087305000000000000e+06 5.087680000000000000e+06
5.098511000000000000e+06 5.098752000000000000e+06
5.099233000000000000e+06 5.099645000000000000e+06
5.101773000000000000e+06 5.102027000000000000e+06
5.105677000000000000e+06 5.106186000000000000e+06
5.106612000000000000e+06 5.107037000000000000e+06
5.107320000000000000e+06 5.107682000000000000e+06
5.108254000000000000e+06 5.108537000000000000e+06
5.150537000000000000e+06 5.150720000000000000e+06
5.163998000000000000e+06 5.164282000000000000e+06
5.165844000000000000e+06 5.166246000000000000e+06
5.166770000000000000e+06 5.166976000000000000e+06
5.166792000000000000e+06 5.167306000000000000e+06
5.177637000000000000e+06 5.177970000000000000e+06
5.189837000000000000e+06 5.190265000000000000e+06
5.192932000000000000e+06 5.193276000000000000e+06
5.201298000000000000e+06 5.202015000000000000e+06
5.203337000000000000e+06 5.203720000000000000e+06
5.203382000000000000e+06 5.203748000000000000e+06
5.203382000000000000e+06 5.203827000000000000e+06
5.203832000000000000e+06 5.204065000000000000e+06
5.205982000000000000e+06 5.206509000000000000e+06
5.206065000000000000e+06 5.206304000000000000e+06
