6.820170000000000000e+05 6.821380000000000000e+05 2.000000000000000000e+00
6.870870000000000000e+05 6.873460000000000000e+05 1.000000000000000000e+00
6.996420000000000000e+05 7.000080000000000000e+05 2.000000000000000000e+00
7.053000000000000000e+05 7.062260000000000000e+05 1.000000000000000000e+00
7.174200000000000000e+05 7.177720000000000000e+05 2.000000000000000000e+00
7.512360000000000000e+05 7.514720000000000000e+05 2.000000000000000000e+00
7.530610000000000000e+05 7.534360000000000000e+05 2.000000000000000000e+00
7.540760000000000000e+05 7.542090000000000000e+05 1.000000000000000000e+00
7.643370000000000000e+05 7.644940000000000000e+05 1.000000000000000000e+00
7.664300000000000000e+05 7.668420000000000000e+05 2.000000000000000000e+00
7.702970000000000000e+05 7.706690000000000000e+05 1.000000000000000000e+00
7.712230000000000000e+05 7.715520000000000000e+05 2.000000000000000000e+00
7.721580000000000000e+05 7.723610000000000000e+05 1.000000000000000000e+00
7.731650000000000000e+05 7.735930000000000000e+05 2.000000000000000000e+00
7.743340000000000000e+05 7.749170000000000000e+05 2.000000000000000000e+00
7.757320000000000000e+05 7.759090000000000000e+05 2.000000000000000000e+00
7.773620000000000000e+05 7.774910000000000000e+05 1.000000000000000000e+00
7.799320000000000000e+05 7.802140000000000000e+05 2.000000000000000000e+00
7.821040000000000000e+05 7.824650000000000000e+05 2.000000000000000000e+00
7.847980000000000000e+05 7.849810000000000000e+05 1.000000000000000000e+00
7.911220000000000000e+05 7.914970000000000000e+05 1.000000000000000000e+00
7.927320000000000000e+05 7.928940000000000000e+05 1.000000000000000000e+00
7.937480000000000000e+05 7.938540000000000000e+05 1.000000000000000000e+00
7.947930000000000000e+05 7.949480000000000000e+05 2.000000000000000000e+00
7.956300000000000000e+05 7.958430000000000000e+05 1.000000000000000000e+00
7.991300000000000000e+05 7.995370000000000000e+05 2.000000000000000000e+00
8.000200000000000000e+05 8.001480000000000000e+05 2.000000000000000000e+00
8.027200000000000000e+05 8.029540000000000000e+05 2.000000000000000000e+00
8.035260000000000000e+05 8.036980000000000000e+05 2.000000000000000000e+00
8.046860000000000000e+05 8.052080000000000000e+05 2.000000000000000000e+00
8.076230000000000000e+05 8.080210000000000000e+05 2.000000000000000000e+00
8.093630000000000000e+05 8.097510000000000000e+05 1.000000000000000000e+00
8.115600000000000000e+05 8.116710000000000000e+05 1.000000000000000000e+00
8.131840000000000000e+05 8.132990000000000000e+05 1.000000000000000000e+00
8.153980000000000000e+05 8.156200000000000000e+05 2.000000000000000000e+00
8.180590000000000000e+05 8.182980000000000000e+05 1.000000000000000000e+00
8.198590000000000000e+05 8.200930000000000000e+05 1.000000000000000000e+00
8.214320000000000000e+05 8.216870000000000000e+05 2.000000000000000000e+00
8.227370000000000000e+05 8.229760000000000000e+05 1.000000000000000000e+00
8.242040000000000000e+05 8.244040000000000000e+05 1.000000000000000000e+00
8.299260000000000000e+05 8.301040000000000000e+05 1.000000000000000000e+00
8.312140000000000000e+05 8.313800000000000000e+05 1.000000000000000000e+00
8.404400000000000000e+05 8.406350000000000000e+05 1.000000000000000000e+00
8.411020000000000000e+05 8.411810000000000000e+05 1.000000000000000000e+00
8.412870000000000000e+05 8.414870000000000000e+05 2.000000000000000000e+00
8.423700000000000000e+05 8.424820000000000000e+05 2.000000000000000000e+00
8.431030000000000000e+05 8.434870000000000000e+05 1.000000000000000000e+00
8.452310000000000000e+05 8.453790000000000000e+05 1.000000000000000000e+00
8.456100000000000000e+05 8.457400000000000000e+05 1.000000000000000000e+00
8.587550000000000000e+05 8.590000000000000000e+05 1.000000000000000000e+00
8.625280000000000000e+05 8.626710000000000000e+05 1.000000000000000000e+00
8.712850000000000000e+05 8.715070000000000000e+05 1.000000000000000000e+00
8.754780000000000000e+05 8.756120000000000000e+05 2.000000000000000000e+00
8.840550000000000000e+05 8.843880000000000000e+05 2.000000000000000000e+00
8.849270000000000000e+05 8.851350000000000000e+05 1.000000000000000000e+00
8.924400000000000000e+05 8.926850000000000000e+05 1.000000000000000000e+00
8.937880000000000000e+05 8.941490000000000000e+05 1.000000000000000000e+00
9.096160000000000000e+05 9.098200000000000000e+05 2.000000000000000000e+00
9.324740000000000000e+05 9.328070000000000000e+05 2.000000000000000000e+00
9.450750000000000000e+05 9.454960000000000000e+05 1.000000000000000000e+00
9.474070000000000000e+05 9.476190000000000000e+05 1.000000000000000000e+00
9.997250000000000000e+05 1.000622000000000000e+06 1.000000000000000000e+00
1.001548000000000000e+06 1.002001000000000000e+06 1.000000000000000000e+00
1.004843000000000000e+06 1.005054000000000000e+06 2.000000000000000000e+00
1.006023000000000000e+06 1.006616000000000000e+06 2.000000000000000000e+00
1.023857000000000000e+06 1.024111000000000000e+06 2.000000000000000000e+00
1.026043000000000000e+06 1.026254000000000000e+06 2.000000000000000000e+00
1.028277000000000000e+06 1.028804000000000000e+06 2.000000000000000000e+00
1.034870000000000000e+06 1.035006000000000000e+06 1.000000000000000000e+00
1.035089000000000000e+06 1.035306000000000000e+06 2.000000000000000000e+00
1.035880000000000000e+06 1.036125000000000000e+06 2.000000000000000000e+00
1.039498000000000000e+06 1.039715000000000000e+06 2.000000000000000000e+00
1.042060000000000000e+06 1.042282000000000000e+06 2.000000000000000000e+00
1.045065000000000000e+06 1.045555000000000000e+06 2.000000000000000000e+00
1.045949000000000000e+06 1.046254000000000000e+06 2.000000000000000000e+00
1.046640000000000000e+06 1.047010000000000000e+06 1.000000000000000000e+00
1.047676000000000000e+06 1.048109000000000000e+06 2.000000000000000000e+00
1.052603000000000000e+06 1.052770000000000000e+06 2.000000000000000000e+00
1.071213000000000000e+06 1.071370000000000000e+06 1.000000000000000000e+00
1.073018000000000000e+06 1.073216000000000000e+06 1.000000000000000000e+00
1.074052000000000000e+06 1.074431000000000000e+06 2.000000000000000000e+00
1.077269000000000000e+06 1.077519000000000000e+06 1.000000000000000000e+00
1.088009000000000000e+06 1.088194000000000000e+06 2.000000000000000000e+00
1.088714000000000000e+06 1.088955000000000000e+06 2.000000000000000000e+00
1.090084000000000000e+06 1.090194000000000000e+06 2.000000000000000000e+00
1.090704000000000000e+06 1.090815000000000000e+06 2.000000000000000000e+00
1.092954000000000000e+06 1.093084000000000000e+06 1.000000000000000000e+00
1.094649000000000000e+06 1.094811000000000000e+06 2.000000000000000000e+00
1.095520000000000000e+06 1.095632000000000000e+06 1.000000000000000000e+00
1.098065000000000000e+06 1.098148000000000000e+06 1.000000000000000000e+00
1.099863000000000000e+06 1.100182000000000000e+06 2.000000000000000000e+00
1.103862000000000000e+06 1.104112000000000000e+06 2.000000000000000000e+00
1.106760000000000000e+06 1.106950000000000000e+06 1.000000000000000000e+00
1.115196000000000000e+06 1.116029000000000000e+06 2.000000000000000000e+00
1.116154000000000000e+06 1.116385000000000000e+06 1.000000000000000000e+00
1.118382000000000000e+06 1.118487000000000000e+06 2.000000000000000000e+00
1.119945000000000000e+06 1.120324000000000000e+06 2.000000000000000000e+00
1.121601000000000000e+06 1.121707000000000000e+06 2.000000000000000000e+00
1.123454000000000000e+06 1.123819000000000000e+06 2.000000000000000000e+00
1.126583000000000000e+06 1.127152000000000000e+06 2.000000000000000000e+00
1.130992000000000000e+06 1.131214000000000000e+06 2.000000000000000000e+00
1.133534000000000000e+06 1.133733000000000000e+06 2.000000000000000000e+00
1.149237000000000000e+06 1.149473000000000000e+06 1.000000000000000000e+00
1.157372000000000000e+06 1.157543000000000000e+06 1.000000000000000000e+00
1.160389000000000000e+06 1.160452000000000000e+06 1.000000000000000000e+00
1.161968000000000000e+06 1.162241000000000000e+06 1.000000000000000000e+00
1.163728000000000000e+06 1.164001000000000000e+06 2.000000000000000000e+00
1.184950000000000000e+06 1.185390000000000000e+06 2.000000000000000000e+00
1.194991000000000000e+06 1.195542000000000000e+06 2.000000000000000000e+00
1.197464000000000000e+06 1.197732000000000000e+06 2.000000000000000000e+00
1.206200000000000000e+06 1.206408000000000000e+06 1.000000000000000000e+00
1.247691000000000000e+06 1.247821000000000000e+06 1.000000000000000000e+00
1.250321000000000000e+06 1.250494000000000000e+06 1.000000000000000000e+00
1.264770000000000000e+06 1.265011000000000000e+06 1.000000000000000000e+00
1.280955000000000000e+06 1.281070000000000000e+06 2.000000000000000000e+00
1.282435000000000000e+06 1.282847000000000000e+06 2.000000000000000000e+00
1.293807000000000000e+06 1.293958000000000000e+06 1.000000000000000000e+00
1.302956000000000000e+06 1.303104000000000000e+06 2.000000000000000000e+00
1.310719000000000000e+06 1.311006000000000000e+06 2.000000000000000000e+00
1.311875000000000000e+06 1.312019000000000000e+06 2.000000000000000000e+00
1.331640000000000000e+06 1.331807000000000000e+06 2.000000000000000000e+00
1.350824000000000000e+06 1.350972000000000000e+06 1.000000000000000000e+00
1.375808000000000000e+06 1.375992000000000000e+06 2.000000000000000000e+00
1.394941000000000000e+06 1.395325000000000000e+06 2.000000000000000000e+00
1.398954000000000000e+06 1.399218000000000000e+06 2.000000000000000000e+00
1.399713000000000000e+06 1.400046000000000000e+06 2.000000000000000000e+00
1.401926000000000000e+06 1.402315000000000000e+06 2.000000000000000000e+00
1.405909000000000000e+06 1.406032000000000000e+06 1.000000000000000000e+00
1.413195000000000000e+06 1.413353000000000000e+06 2.000000000000000000e+00
1.414098000000000000e+06 1.414226000000000000e+06 1.000000000000000000e+00
1.415332000000000000e+06 1.415656000000000000e+06 2.000000000000000000e+00
1.416248000000000000e+06 1.416565000000000000e+06 2.000000000000000000e+00
1.417444000000000000e+06 1.417634000000000000e+06 2.000000000000000000e+00
1.423191000000000000e+06 1.423437000000000000e+06 1.000000000000000000e+00
1.431520000000000000e+06 1.431693000000000000e+06 1.000000000000000000e+00
1.435598000000000000e+06 1.435843000000000000e+06 2.000000000000000000e+00
1.436372000000000000e+06 1.436714000000000000e+06 2.000000000000000000e+00
1.437437000000000000e+06 1.437670000000000000e+06 2.000000000000000000e+00
1.441204000000000000e+06 1.441409000000000000e+06 1.000000000000000000e+00
1.445245000000000000e+06 1.445356000000000000e+06 2.000000000000000000e+00
1.446366000000000000e+06 1.446519000000000000e+06 2.000000000000000000e+00
1.447698000000000000e+06 1.447865000000000000e+06 2.000000000000000000e+00
1.448580000000000000e+06 1.449158000000000000e+06 2.000000000000000000e+00
1.449270000000000000e+06 1.449482000000000000e+06 2.000000000000000000e+00
1.460626000000000000e+06 1.460993000000000000e+06 2.000000000000000000e+00
1.462254000000000000e+06 1.462404000000000000e+06 2.000000000000000000e+00
1.462787000000000000e+06 1.463036000000000000e+06 2.000000000000000000e+00
1.468298000000000000e+06 1.468554000000000000e+06 1.000000000000000000e+00
1.472837000000000000e+06 1.473032000000000000e+06 1.000000000000000000e+00
1.473598000000000000e+06 1.473776000000000000e+06 1.000000000000000000e+00
1.474359000000000000e+06 1.474526000000000000e+06 2.000000000000000000e+00
1.475815000000000000e+06 1.475943000000000000e+06 1.000000000000000000e+00
1.478286000000000000e+06 1.478490000000000000e+06 2.000000000000000000e+00
1.481359000000000000e+06 1.481765000000000000e+06 2.000000000000000000e+00
1.492315000000000000e+06 1.492620000000000000e+06 2.000000000000000000e+00
1.493083000000000000e+06 1.493504000000000000e+06 2.000000000000000000e+00
1.496319000000000000e+06 1.496481000000000000e+06 2.000000000000000000e+00
1.496992000000000000e+06 1.497311000000000000e+06 2.000000000000000000e+00
1.497926000000000000e+06 1.498070000000000000e+06 2.000000000000000000e+00
1.499110000000000000e+06 1.499587000000000000e+06 2.000000000000000000e+00
1.501417000000000000e+06 1.501773000000000000e+06 1.000000000000000000e+00
1.502082000000000000e+06 1.502504000000000000e+06 2.000000000000000000e+00
1.504498000000000000e+06 1.504709000000000000e+06 2.000000000000000000e+00
1.511648000000000000e+06 1.511848000000000000e+06 2.000000000000000000e+00
1.512029000000000000e+06 1.512214000000000000e+06 1.000000000000000000e+00
1.514474000000000000e+06 1.514862000000000000e+06 2.000000000000000000e+00
1.515543000000000000e+06 1.515754000000000000e+06 1.000000000000000000e+00
1.516555000000000000e+06 1.516643000000000000e+06 1.000000000000000000e+00
1.517165000000000000e+06 1.517448000000000000e+06 2.000000000000000000e+00
1.519708000000000000e+06 1.519953000000000000e+06 2.000000000000000000e+00
1.521443000000000000e+06 1.521626000000000000e+06 2.000000000000000000e+00
1.522162000000000000e+06 1.522509000000000000e+06 2.000000000000000000e+00
1.523954000000000000e+06 1.524232000000000000e+06 2.000000000000000000e+00
1.524861000000000000e+06 1.525120000000000000e+06 2.000000000000000000e+00
1.525654000000000000e+06 1.525793000000000000e+06 2.000000000000000000e+00
1.526963000000000000e+06 1.527073000000000000e+06 1.000000000000000000e+00
1.528139000000000000e+06 1.528370000000000000e+06 2.000000000000000000e+00
1.529259000000000000e+06 1.529543000000000000e+06 2.000000000000000000e+00
1.534237000000000000e+06 1.534465000000000000e+06 2.000000000000000000e+00
1.536304000000000000e+06 1.536509000000000000e+06 2.000000000000000000e+00
1.540282000000000000e+06 1.540620000000000000e+06 2.000000000000000000e+00
1.541376000000000000e+06 1.541482000000000000e+06 1.000000000000000000e+00
1.545909000000000000e+06 1.546115000000000000e+06 1.000000000000000000e+00
1.548760000000000000e+06 1.548917000000000000e+06 2.000000000000000000e+00
1.550943000000000000e+06 1.551154000000000000e+06 1.000000000000000000e+00
1.551465000000000000e+06 1.551654000000000000e+06 1.000000000000000000e+00
1.557632000000000000e+06 1.557743000000000000e+06 1.000000000000000000e+00
1.559632000000000000e+06 1.559759000000000000e+06 1.000000000000000000e+00
1.562020000000000000e+06 1.562248000000000000e+06 2.000000000000000000e+00
1.565915000000000000e+06 1.566209000000000000e+06 2.000000000000000000e+00
1.566639000000000000e+06 1.566922000000000000e+06 2.000000000000000000e+00
1.569334000000000000e+06 1.569843000000000000e+06 2.000000000000000000e+00
1.573782000000000000e+06 1.574069000000000000e+06 2.000000000000000000e+00
1.574205000000000000e+06 1.574395000000000000e+06 2.000000000000000000e+00
1.580069000000000000e+06 1.580365000000000000e+06 1.000000000000000000e+00
1.586256000000000000e+06 1.586506000000000000e+06 1.000000000000000000e+00
1.602290000000000000e+06 1.602582000000000000e+06 2.000000000000000000e+00
1.605575000000000000e+06 1.606088000000000000e+06 1.000000000000000000e+00
1.716903000000000000e+06 1.717102000000000000e+06 1.000000000000000000e+00
1.720675000000000000e+06 1.720858000000000000e+06 1.000000000000000000e+00
1.721543000000000000e+06 1.721643000000000000e+06 1.000000000000000000e+00
1.730748000000000000e+06 1.730909000000000000e+06 1.000000000000000000e+00
1.742182000000000000e+06 1.742437000000000000e+06 2.000000000000000000e+00
1.742622000000000000e+06 1.742793000000000000e+06 1.000000000000000000e+00
1.744659000000000000e+06 1.744921000000000000e+06 1.000000000000000000e+00
1.745844000000000000e+06 1.746153000000000000e+06 1.000000000000000000e+00
1.748798000000000000e+06 1.749061000000000000e+06 2.000000000000000000e+00
1.751714000000000000e+06 1.751992000000000000e+06 1.000000000000000000e+00
1.754150000000000000e+06 1.754742000000000000e+06 2.000000000000000000e+00
1.759000000000000000e+06 1.759370000000000000e+06 2.000000000000000000e+00
1.760143000000000000e+06 1.760665000000000000e+06 2.000000000000000000e+00
1.761498000000000000e+06 1.761848000000000000e+06 1.000000000000000000e+00
1.762620000000000000e+06 1.762915000000000000e+06 1.000000000000000000e+00
1.763643000000000000e+06 1.764009000000000000e+06 1.000000000000000000e+00
1.765268000000000000e+06 1.765578000000000000e+06 2.000000000000000000e+00
1.766243000000000000e+06 1.766415000000000000e+06 1.000000000000000000e+00
1.767248000000000000e+06 1.767509000000000000e+06 2.000000000000000000e+00
1.768722000000000000e+06 1.768967000000000000e+06 1.000000000000000000e+00
1.770076000000000000e+06 1.770293000000000000e+06 2.000000000000000000e+00
1.771226000000000000e+06 1.771343000000000000e+06 1.000000000000000000e+00
1.772640000000000000e+06 1.772899000000000000e+06 1.000000000000000000e+00
1.773704000000000000e+06 1.773912000000000000e+06 1.000000000000000000e+00
1.774546000000000000e+06 1.774736000000000000e+06 1.000000000000000000e+00
1.775881000000000000e+06 1.776214000000000000e+06 1.000000000000000000e+00
1.777241000000000000e+06 1.777750000000000000e+06 1.000000000000000000e+00
1.778969000000000000e+06 1.779491000000000000e+06 2.000000000000000000e+00
1.781626000000000000e+06 1.781787000000000000e+06 2.000000000000000000e+00
1.783326000000000000e+06 1.783554000000000000e+06 2.000000000000000000e+00
1.784404000000000000e+06 1.784620000000000000e+06 2.000000000000000000e+00
1.784760000000000000e+06 1.784959000000000000e+06 1.000000000000000000e+00
1.786213000000000000e+06 1.786578000000000000e+06 1.000000000000000000e+00
1.786876000000000000e+06 1.787037000000000000e+06 1.000000000000000000e+00
1.789898000000000000e+06 1.790231000000000000e+06 2.000000000000000000e+00
1.791454000000000000e+06 1.791593000000000000e+06 2.000000000000000000e+00
1.791792000000000000e+06 1.791936000000000000e+06 2.000000000000000000e+00
1.794198000000000000e+06 1.794537000000000000e+06 2.000000000000000000e+00
1.806010000000000000e+06 1.806316000000000000e+06 2.000000000000000000e+00
1.807115000000000000e+06 1.807265000000000000e+06 2.000000000000000000e+00
1.808178000000000000e+06 1.808511000000000000e+06 2.000000000000000000e+00
1.809843000000000000e+06 1.810268000000000000e+06 2.000000000000000000e+00
1.812367000000000000e+06 1.812482000000000000e+06 1.000000000000000000e+00
1.815528000000000000e+06 1.815982000000000000e+06 1.000000000000000000e+00
1.816528000000000000e+06 1.816638000000000000e+06 2.000000000000000000e+00
1.817587000000000000e+06 1.817748000000000000e+06 2.000000000000000000e+00
1.818778000000000000e+06 1.819111000000000000e+06 1.000000000000000000e+00
1.819893000000000000e+06 1.820388000000000000e+06 1.000000000000000000e+00
1.823326000000000000e+06 1.823798000000000000e+06 2.000000000000000000e+00
1.824408000000000000e+06 1.824718000000000000e+06 2.000000000000000000e+00
1.825037000000000000e+06 1.825430000000000000e+06 2.000000000000000000e+00
1.826649000000000000e+06 1.826844000000000000e+06 2.000000000000000000e+00
1.827505000000000000e+06 1.828236000000000000e+06 2.000000000000000000e+00
1.828643000000000000e+06 1.829258000000000000e+06 2.000000000000000000e+00
1.829488000000000000e+06 1.829696000000000000e+06 2.000000000000000000e+00
1.831148000000000000e+06 1.831800000000000000e+06 2.000000000000000000e+00
1.832185000000000000e+06 1.832399000000000000e+06 1.000000000000000000e+00
1.834079000000000000e+06 1.834361000000000000e+06 1.000000000000000000e+00
1.834750000000000000e+06 1.835083000000000000e+06 2.000000000000000000e+00
1.835718000000000000e+06 1.835964000000000000e+06 1.000000000000000000e+00
1.837287000000000000e+06 1.837504000000000000e+06 2.000000000000000000e+00
1.838711000000000000e+06 1.838873000000000000e+06 1.000000000000000000e+00
1.839427000000000000e+06 1.839662000000000000e+06 1.000000000000000000e+00
1.841365000000000000e+06 1.841693000000000000e+06 1.000000000000000000e+00
1.842420000000000000e+06 1.842659000000000000e+06 2.000000000000000000e+00
1.843626000000000000e+06 1.843987000000000000e+06 1.000000000000000000e+00
1.846634000000000000e+06 1.846859000000000000e+06 2.000000000000000000e+00
1.849144000000000000e+06 1.849588000000000000e+06 2.000000000000000000e+00
1.850328000000000000e+06 1.850587000000000000e+06 2.000000000000000000e+00
1.851559000000000000e+06 1.851809000000000000e+06 2.000000000000000000e+00
1.855123000000000000e+06 1.855547000000000000e+06 1.000000000000000000e+00
1.856386000000000000e+06 1.856626000000000000e+06 1.000000000000000000e+00
1.858348000000000000e+06 1.858576000000000000e+06 2.000000000000000000e+00
1.859189000000000000e+06 1.859481000000000000e+06 2.000000000000000000e+00
1.860431000000000000e+06 1.860750000000000000e+06 2.000000000000000000e+00
1.862565000000000000e+06 1.862682000000000000e+06 1.000000000000000000e+00
1.864259000000000000e+06 1.864476000000000000e+06 2.000000000000000000e+00
1.866098000000000000e+06 1.866306000000000000e+06 2.000000000000000000e+00
1.867175000000000000e+06 1.867275000000000000e+06 1.000000000000000000e+00
1.868161000000000000e+06 1.868286000000000000e+06 2.000000000000000000e+00
1.872672000000000000e+06 1.872972000000000000e+06 2.000000000000000000e+00
1.873982000000000000e+06 1.874082000000000000e+06 2.000000000000000000e+00
1.875936000000000000e+06 1.876102000000000000e+06 2.000000000000000000e+00
1.881163000000000000e+06 1.881371000000000000e+06 2.000000000000000000e+00
1.881904000000000000e+06 1.882026000000000000e+06 2.000000000000000000e+00
1.885715000000000000e+06 1.885854000000000000e+06 2.000000000000000000e+00
1.889443000000000000e+06 1.889620000000000000e+06 2.000000000000000000e+00
1.891537000000000000e+06 1.891770000000000000e+06 2.000000000000000000e+00
1.893817000000000000e+06 1.893916000000000000e+06 1.000000000000000000e+00
1.899312000000000000e+06 1.899422000000000000e+06 2.000000000000000000e+00
1.907304000000000000e+06 1.907570000000000000e+06 2.000000000000000000e+00
1.914121000000000000e+06 1.914348000000000000e+06 1.000000000000000000e+00
1.914848000000000000e+06 1.915084000000000000e+06 1.000000000000000000e+00
1.917348000000000000e+06 1.917593000000000000e+06 2.000000000000000000e+00
1.918957000000000000e+06 1.919062000000000000e+06 1.000000000000000000e+00
1.919709000000000000e+06 1.919882000000000000e+06 2.000000000000000000e+00
1.920682000000000000e+06 1.920770000000000000e+06 1.000000000000000000e+00
1.922176000000000000e+06 1.922343000000000000e+06 1.000000000000000000e+00
1.930804000000000000e+06 1.930916000000000000e+06 2.000000000000000000e+00
1.932653000000000000e+06 1.932880000000000000e+06 2.000000000000000000e+00
1.936993000000000000e+06 1.937237000000000000e+06 2.000000000000000000e+00
1.939023000000000000e+06 1.939278000000000000e+06 2.000000000000000000e+00
1.967973000000000000e+06 1.968052000000000000e+06 1.000000000000000000e+00
1.971209000000000000e+06 1.971311000000000000e+06 1.000000000000000000e+00
1.982054000000000000e+06 1.982187000000000000e+06 1.000000000000000000e+00
2.039609000000000000e+06 2.039782000000000000e+06 2.000000000000000000e+00
2.053743000000000000e+06 2.053882000000000000e+06 1.000000000000000000e+00
2.222676000000000000e+06 2.222809000000000000e+06 1.000000000000000000e+00
2.242714000000000000e+06 2.242850000000000000e+06 1.000000000000000000e+00
2.249608000000000000e+06 2.249798000000000000e+06 1.000000000000000000e+00
2.256644000000000000e+06 2.257052000000000000e+06 1.000000000000000000e+00
2.259713000000000000e+06 2.259880000000000000e+06 2.000000000000000000e+00
2.261054000000000000e+06 2.261248000000000000e+06 1.000000000000000000e+00
2.262278000000000000e+06 2.262503000000000000e+06 1.000000000000000000e+00
2.289017000000000000e+06 2.289409000000000000e+06 1.000000000000000000e+00
2.289877000000000000e+06 2.290066000000000000e+06 2.000000000000000000e+00
2.290636000000000000e+06 2.291030000000000000e+06 2.000000000000000000e+00
2.291493000000000000e+06 2.291698000000000000e+06 2.000000000000000000e+00
2.294381000000000000e+06 2.294737000000000000e+06 2.000000000000000000e+00
2.296130000000000000e+06 2.296412000000000000e+06 1.000000000000000000e+00
2.299088000000000000e+06 2.299389000000000000e+06 1.000000000000000000e+00
2.301158000000000000e+06 2.301575000000000000e+06 2.000000000000000000e+00
2.305032000000000000e+06 2.305198000000000000e+06 2.000000000000000000e+00
2.308337000000000000e+06 2.308448000000000000e+06 2.000000000000000000e+00
2.310526000000000000e+06 2.310643000000000000e+06 2.000000000000000000e+00
2.312346000000000000e+06 2.312726000000000000e+06 2.000000000000000000e+00
2.313426000000000000e+06 2.313676000000000000e+06 2.000000000000000000e+00
2.314134000000000000e+06 2.314430000000000000e+06 2.000000000000000000e+00
2.314765000000000000e+06 2.314948000000000000e+06 1.000000000000000000e+00
2.315258000000000000e+06 2.315399000000000000e+06 2.000000000000000000e+00
2.318187000000000000e+06 2.318420000000000000e+06 2.000000000000000000e+00
2.321696000000000000e+06 2.321969000000000000e+06 1.000000000000000000e+00
2.323833000000000000e+06 2.324124000000000000e+06 1.000000000000000000e+00
2.325559000000000000e+06 2.325854000000000000e+06 1.000000000000000000e+00
2.326306000000000000e+06 2.326475000000000000e+06 2.000000000000000000e+00
2.326998000000000000e+06 2.327232000000000000e+06 2.000000000000000000e+00
2.328579000000000000e+06 2.328797000000000000e+06 2.000000000000000000e+00
2.331493000000000000e+06 2.331644000000000000e+06 1.000000000000000000e+00
2.333677000000000000e+06 2.334029000000000000e+06 1.000000000000000000e+00
2.335282000000000000e+06 2.335791000000000000e+06 1.000000000000000000e+00
2.337198000000000000e+06 2.337443000000000000e+06 1.000000000000000000e+00
2.341481000000000000e+06 2.341838000000000000e+06 1.000000000000000000e+00
2.348016000000000000e+06 2.348289000000000000e+06 1.000000000000000000e+00
2.350084000000000000e+06 2.350319000000000000e+06 1.000000000000000000e+00
2.353931000000000000e+06 2.354193000000000000e+06 1.000000000000000000e+00
2.357187000000000000e+06 2.357337000000000000e+06 1.000000000000000000e+00
2.359097000000000000e+06 2.359380000000000000e+06 2.000000000000000000e+00
2.360215000000000000e+06 2.360443000000000000e+06 2.000000000000000000e+00
2.362395000000000000e+06 2.362698000000000000e+06 1.000000000000000000e+00
2.363993000000000000e+06 2.364370000000000000e+06 1.000000000000000000e+00
2.365654000000000000e+06 2.365816000000000000e+06 1.000000000000000000e+00
2.378587000000000000e+06 2.379015000000000000e+06 1.000000000000000000e+00
2.380737000000000000e+06 2.380959000000000000e+06 2.000000000000000000e+00
2.381959000000000000e+06 2.382288000000000000e+06 1.000000000000000000e+00
2.383521000000000000e+06 2.383698000000000000e+06 1.000000000000000000e+00
2.386143000000000000e+06 2.386387000000000000e+06 1.000000000000000000e+00
2.389537000000000000e+06 2.389804000000000000e+06 2.000000000000000000e+00
2.394205000000000000e+06 2.394399000000000000e+06 1.000000000000000000e+00
2.397293000000000000e+06 2.397454000000000000e+06 1.000000000000000000e+00
2.404243000000000000e+06 2.404460000000000000e+06 1.000000000000000000e+00
2.407691000000000000e+06 2.407947000000000000e+06 1.000000000000000000e+00
2.419398000000000000e+06 2.419665000000000000e+06 1.000000000000000000e+00
2.425104000000000000e+06 2.425293000000000000e+06 2.000000000000000000e+00
2.428051000000000000e+06 2.428232000000000000e+06 2.000000000000000000e+00
2.428570000000000000e+06 2.428804000000000000e+06 2.000000000000000000e+00
2.429002000000000000e+06 2.429201000000000000e+06 1.000000000000000000e+00
2.432454000000000000e+06 2.432737000000000000e+06 1.000000000000000000e+00
2.434515000000000000e+06 2.434809000000000000e+06 1.000000000000000000e+00
2.435320000000000000e+06 2.435543000000000000e+06 1.000000000000000000e+00
2.436209000000000000e+06 2.436437000000000000e+06 1.000000000000000000e+00
2.436870000000000000e+06 2.436976000000000000e+06 2.000000000000000000e+00
2.437465000000000000e+06 2.437609000000000000e+06 2.000000000000000000e+00
2.451876000000000000e+06 2.452209000000000000e+06 1.000000000000000000e+00
2.452970000000000000e+06 2.453290000000000000e+06 1.000000000000000000e+00
2.464037000000000000e+06 2.464343000000000000e+06 1.000000000000000000e+00
2.464565000000000000e+06 2.464765000000000000e+06 1.000000000000000000e+00
2.474193000000000000e+06 2.474360000000000000e+06 1.000000000000000000e+00
2.480765000000000000e+06 2.481084000000000000e+06 2.000000000000000000e+00
2.481948000000000000e+06 2.482120000000000000e+06 2.000000000000000000e+00
2.483365000000000000e+06 2.483554000000000000e+06 1.000000000000000000e+00
2.488187000000000000e+06 2.488298000000000000e+06 1.000000000000000000e+00
2.492431000000000000e+06 2.492645000000000000e+06 1.000000000000000000e+00
2.497587000000000000e+06 2.497759000000000000e+06 1.000000000000000000e+00
2.498037000000000000e+06 2.498176000000000000e+06 1.000000000000000000e+00
2.498870000000000000e+06 2.499037000000000000e+06 2.000000000000000000e+00
2.499604000000000000e+06 2.499893000000000000e+06 1.000000000000000000e+00
2.500670000000000000e+06 2.500880000000000000e+06 1.000000000000000000e+00
2.501387000000000000e+06 2.501604000000000000e+06 1.000000000000000000e+00
2.501870000000000000e+06 2.502054000000000000e+06 1.000000000000000000e+00
2.502194000000000000e+06 2.502440000000000000e+06 1.000000000000000000e+00
2.504882000000000000e+06 2.505215000000000000e+06 2.000000000000000000e+00
2.506007000000000000e+06 2.506211000000000000e+06 2.000000000000000000e+00
2.507665000000000000e+06 2.507920000000000000e+06 2.000000000000000000e+00
2.509824000000000000e+06 2.510027000000000000e+06 1.000000000000000000e+00
2.512120000000000000e+06 2.512361000000000000e+06 2.000000000000000000e+00
2.512632000000000000e+06 2.512893000000000000e+06 2.000000000000000000e+00
2.513126000000000000e+06 2.513343000000000000e+06 1.000000000000000000e+00
2.513719000000000000e+06 2.513918000000000000e+06 1.000000000000000000e+00
2.514643000000000000e+06 2.514882000000000000e+06 2.000000000000000000e+00
2.514887000000000000e+06 2.515037000000000000e+06 2.000000000000000000e+00
2.540099000000000000e+06 2.540233000000000000e+06 1.000000000000000000e+00
2.540774000000000000e+06 2.541061000000000000e+06 1.000000000000000000e+00
2.548185000000000000e+06 2.548380000000000000e+06 1.000000000000000000e+00
2.549129000000000000e+06 2.549286000000000000e+06 1.000000000000000000e+00
2.551824000000000000e+06 2.552180000000000000e+06 2.000000000000000000e+00
2.552488000000000000e+06 2.552982000000000000e+06 2.000000000000000000e+00
2.553552000000000000e+06 2.553834000000000000e+06 2.000000000000000000e+00
2.554434000000000000e+06 2.554565000000000000e+06 1.000000000000000000e+00
2.555719000000000000e+06 2.556103000000000000e+06 1.000000000000000000e+00
2.556783000000000000e+06 2.557051000000000000e+06 2.000000000000000000e+00
2.570359000000000000e+06 2.570720000000000000e+06 1.000000000000000000e+00
2.571602000000000000e+06 2.572088000000000000e+06 1.000000000000000000e+00
2.572276000000000000e+06 2.572448000000000000e+06 1.000000000000000000e+00
2.575876000000000000e+06 2.576076000000000000e+06 1.000000000000000000e+00
2.583246000000000000e+06 2.583510000000000000e+06 2.000000000000000000e+00
2.587633000000000000e+06 2.587816000000000000e+06 1.000000000000000000e+00
2.588173000000000000e+06 2.588816000000000000e+06 2.000000000000000000e+00
2.589509000000000000e+06 2.589826000000000000e+06 1.000000000000000000e+00
2.590393000000000000e+06 2.590515000000000000e+06 2.000000000000000000e+00
2.591443000000000000e+06 2.591737000000000000e+06 1.000000000000000000e+00
2.592493000000000000e+06 2.592720000000000000e+06 2.000000000000000000e+00
2.594305000000000000e+06 2.594578000000000000e+06 2.000000000000000000e+00
2.594825000000000000e+06 2.595288000000000000e+06 1.000000000000000000e+00
2.595912000000000000e+06 2.596268000000000000e+06 2.000000000000000000e+00
2.602198000000000000e+06 2.602359000000000000e+06 1.000000000000000000e+00
2.606175000000000000e+06 2.606481000000000000e+06 1.000000000000000000e+00
2.607487000000000000e+06 2.607829000000000000e+06 1.000000000000000000e+00
2.610483000000000000e+06 2.610646000000000000e+06 2.000000000000000000e+00
2.617826000000000000e+06 2.618009000000000000e+06 1.000000000000000000e+00
2.618918000000000000e+06 2.619090000000000000e+06 1.000000000000000000e+00
2.620070000000000000e+06 2.620287000000000000e+06 2.000000000000000000e+00
2.620916000000000000e+06 2.621448000000000000e+06 1.000000000000000000e+00
2.621700000000000000e+06 2.622038000000000000e+06 2.000000000000000000e+00
2.625676000000000000e+06 2.625972000000000000e+06 2.000000000000000000e+00
2.626943000000000000e+06 2.627215000000000000e+06 2.000000000000000000e+00
2.628106000000000000e+06 2.628242000000000000e+06 1.000000000000000000e+00
2.628690000000000000e+06 2.629162000000000000e+06 2.000000000000000000e+00
2.629787000000000000e+06 2.630032000000000000e+06 2.000000000000000000e+00
2.631274000000000000e+06 2.631607000000000000e+06 1.000000000000000000e+00
2.631834000000000000e+06 2.632130000000000000e+06 1.000000000000000000e+00
3.720359000000000000e+06 3.720637000000000000e+06 1.000000000000000000e+00
3.721808000000000000e+06 3.722178000000000000e+06 1.000000000000000000e+00
3.722726000000000000e+06 3.723048000000000000e+06 1.000000000000000000e+00
3.723440000000000000e+06 3.723746000000000000e+06 1.000000000000000000e+00
3.735572000000000000e+06 3.735901000000000000e+06 1.000000000000000000e+00
3.737632000000000000e+06 3.737965000000000000e+06 2.000000000000000000e+00
3.738570000000000000e+06 3.739111000000000000e+06 2.000000000000000000e+00
3.742726000000000000e+06 3.743082000000000000e+06 2.000000000000000000e+00
3.743973000000000000e+06 3.744306000000000000e+06 1.000000000000000000e+00
3.745343000000000000e+06 3.745826000000000000e+06 2.000000000000000000e+00
3.746751000000000000e+06 3.747232000000000000e+06 2.000000000000000000e+00
3.751902000000000000e+06 3.752316000000000000e+06 1.000000000000000000e+00
3.754229000000000000e+06 3.754511000000000000e+06 2.000000000000000000e+00
3.757638000000000000e+06 3.757748000000000000e+06 1.000000000000000000e+00
3.761368000000000000e+06 3.761509000000000000e+06 1.000000000000000000e+00
3.762626000000000000e+06 3.762972000000000000e+06 2.000000000000000000e+00
3.764404000000000000e+06 3.764526000000000000e+06 2.000000000000000000e+00
3.772532000000000000e+06 3.772854000000000000e+06 2.000000000000000000e+00
3.775743000000000000e+06 3.775948000000000000e+06 2.000000000000000000e+00
3.776811000000000000e+06 3.777107000000000000e+06 2.000000000000000000e+00
3.777153000000000000e+06 3.777362000000000000e+06 1.000000000000000000e+00
3.777670000000000000e+06 3.778226000000000000e+06 1.000000000000000000e+00
3.779517000000000000e+06 3.779705000000000000e+06 1.000000000000000000e+00
3.782776000000000000e+06 3.782887000000000000e+06 2.000000000000000000e+00
3.784804000000000000e+06 3.784926000000000000e+06 1.000000000000000000e+00
3.788340000000000000e+06 3.788460000000000000e+06 2.000000000000000000e+00
3.789413000000000000e+06 3.789848000000000000e+06 2.000000000000000000e+00
3.796683000000000000e+06 3.796850000000000000e+06 1.000000000000000000e+00
3.799005000000000000e+06 3.799398000000000000e+06 2.000000000000000000e+00
3.799628000000000000e+06 3.799811000000000000e+06 1.000000000000000000e+00
3.800346000000000000e+06 3.800504000000000000e+06 2.000000000000000000e+00
3.804140000000000000e+06 3.804478000000000000e+06 2.000000000000000000e+00
3.805158000000000000e+06 3.805523000000000000e+06 1.000000000000000000e+00
3.806465000000000000e+06 3.806721000000000000e+06 1.000000000000000000e+00
3.810954000000000000e+06 3.811491000000000000e+06 2.000000000000000000e+00
3.817715000000000000e+06 3.817954000000000000e+06 1.000000000000000000e+00
3.818973000000000000e+06 3.819320000000000000e+06 2.000000000000000000e+00
3.820798000000000000e+06 3.821266000000000000e+06 2.000000000000000000e+00
3.824609000000000000e+06 3.824948000000000000e+06 2.000000000000000000e+00
3.825750000000000000e+06 3.826440000000000000e+06 2.000000000000000000e+00
3.828132000000000000e+06 3.828309000000000000e+06 2.000000000000000000e+00
3.829259000000000000e+06 3.829382000000000000e+06 2.000000000000000000e+00
3.829935000000000000e+06 3.830189000000000000e+06 2.000000000000000000e+00
3.830970000000000000e+06 3.831109000000000000e+06 2.000000000000000000e+00
3.831894000000000000e+06 3.832102000000000000e+06 2.000000000000000000e+00
3.836046000000000000e+06 3.836272000000000000e+06 1.000000000000000000e+00
3.836936000000000000e+06 3.837140000000000000e+06 1.000000000000000000e+00
3.842261000000000000e+06 3.842520000000000000e+06 1.000000000000000000e+00
3.845728000000000000e+06 3.845955000000000000e+06 1.000000000000000000e+00
3.847481000000000000e+06 3.847986000000000000e+06 1.000000000000000000e+00
3.849937000000000000e+06 3.850045000000000000e+06 2.000000000000000000e+00
3.850796000000000000e+06 3.851115000000000000e+06 2.000000000000000000e+00
3.852269000000000000e+06 3.852607000000000000e+06 2.000000000000000000e+00
3.853477000000000000e+06 3.853731000000000000e+06 2.000000000000000000e+00
3.853984000000000000e+06 3.854104000000000000e+06 1.000000000000000000e+00
3.854226000000000000e+06 3.854432000000000000e+06 2.000000000000000000e+00
3.861672000000000000e+06 3.861986000000000000e+06 2.000000000000000000e+00
3.862768000000000000e+06 3.863203000000000000e+06 2.000000000000000000e+00
3.870936000000000000e+06 3.871292000000000000e+06 2.000000000000000000e+00
3.872036000000000000e+06 3.872272000000000000e+06 2.000000000000000000e+00
3.882804000000000000e+06 3.883345000000000000e+06 2.000000000000000000e+00
3.883609000000000000e+06 3.883886000000000000e+06 2.000000000000000000e+00
3.884312000000000000e+06 3.884488000000000000e+06 1.000000000000000000e+00
3.885089000000000000e+06 3.885390000000000000e+06 2.000000000000000000e+00
3.886389000000000000e+06 3.886699000000000000e+06 2.000000000000000000e+00
3.886768000000000000e+06 3.886916000000000000e+06 2.000000000000000000e+00
3.887309000000000000e+06 3.887537000000000000e+06 2.000000000000000000e+00
3.888292000000000000e+06 3.888662000000000000e+06 2.000000000000000000e+00
3.889953000000000000e+06 3.890203000000000000e+06 2.000000000000000000e+00
3.892622000000000000e+06 3.892840000000000000e+06 2.000000000000000000e+00
3.894228000000000000e+06 3.894496000000000000e+06 2.000000000000000000e+00
3.897739000000000000e+06 3.898037000000000000e+06 1.000000000000000000e+00
3.915179000000000000e+06 3.915457000000000000e+06 1.000000000000000000e+00
3.918584000000000000e+06 3.918797000000000000e+06 1.000000000000000000e+00
3.923815000000000000e+06 3.923948000000000000e+06 2.000000000000000000e+00
3.931454000000000000e+06 3.931750000000000000e+06 1.000000000000000000e+00
3.932617000000000000e+06 3.932802000000000000e+06 1.000000000000000000e+00
3.937410000000000000e+06 3.937710000000000000e+06 1.000000000000000000e+00
3.942774000000000000e+06 3.942963000000000000e+06 2.000000000000000000e+00
3.944032000000000000e+06 3.944220000000000000e+06 2.000000000000000000e+00
3.953055000000000000e+06 3.953245000000000000e+06 1.000000000000000000e+00
3.957332000000000000e+06 3.957498000000000000e+06 1.000000000000000000e+00
3.964086000000000000e+06 3.964243000000000000e+06 1.000000000000000000e+00
3.964777000000000000e+06 3.964960000000000000e+06 1.000000000000000000e+00
3.967392000000000000e+06 3.967466000000000000e+06 1.000000000000000000e+00
3.973657000000000000e+06 3.973768000000000000e+06 1.000000000000000000e+00
3.987043000000000000e+06 3.987187000000000000e+06 2.000000000000000000e+00
4.011864000000000000e+06 4.012063000000000000e+06 2.000000000000000000e+00
4.018120000000000000e+06 4.018380000000000000e+06 2.000000000000000000e+00
4.064913000000000000e+06 4.065080000000000000e+06 2.000000000000000000e+00
4.082928000000000000e+06 4.083032000000000000e+06 1.000000000000000000e+00
4.093871000000000000e+06 4.094002000000000000e+06 1.000000000000000000e+00
4.095718000000000000e+06 4.095945000000000000e+06 2.000000000000000000e+00
4.099798000000000000e+06 4.099937000000000000e+06 1.000000000000000000e+00
4.102906000000000000e+06 4.103084000000000000e+06 2.000000000000000000e+00
4.113417000000000000e+06 4.113695000000000000e+06 2.000000000000000000e+00
4.139397000000000000e+06 4.139569000000000000e+06 1.000000000000000000e+00
4.139663000000000000e+06 4.139885000000000000e+06 1.000000000000000000e+00
4.169085000000000000e+06 4.169289000000000000e+06 2.000000000000000000e+00
4.178013000000000000e+06 4.178245000000000000e+06 1.000000000000000000e+00
4.193256000000000000e+06 4.193483000000000000e+06 1.000000000000000000e+00
4.199492000000000000e+06 4.199672000000000000e+06 2.000000000000000000e+00
4.214335000000000000e+06 4.214640000000000000e+06 2.000000000000000000e+00
4.233501000000000000e+06 4.233769000000000000e+06 2.000000000000000000e+00
4.236963000000000000e+06 4.237130000000000000e+06 2.000000000000000000e+00
4.238598000000000000e+06 4.238918000000000000e+06 2.000000000000000000e+00
4.243623000000000000e+06 4.243730000000000000e+06 2.000000000000000000e+00
4.244671000000000000e+06 4.244823000000000000e+06 1.000000000000000000e+00
4.249252000000000000e+06 4.249447000000000000e+06 2.000000000000000000e+00
4.250215000000000000e+06 4.250682000000000000e+06 2.000000000000000000e+00
4.257822000000000000e+06 4.257901000000000000e+06 1.000000000000000000e+00
4.285287000000000000e+06 4.285486000000000000e+06 2.000000000000000000e+00
4.308020000000000000e+06 4.308255000000000000e+06 2.000000000000000000e+00
4.311937000000000000e+06 4.312076000000000000e+06 1.000000000000000000e+00
4.344552000000000000e+06 4.344769000000000000e+06 2.000000000000000000e+00
4.346828000000000000e+06 4.346970000000000000e+06 1.000000000000000000e+00
4.348398000000000000e+06 4.348625000000000000e+06 2.000000000000000000e+00
4.364237000000000000e+06 4.364462000000000000e+06 1.000000000000000000e+00
4.371115000000000000e+06 4.371282000000000000e+06 2.000000000000000000e+00
4.372662000000000000e+06 4.373027000000000000e+06 2.000000000000000000e+00
4.374602000000000000e+06 4.374894000000000000e+06 2.000000000000000000e+00
4.375560000000000000e+06 4.375958000000000000e+06 2.000000000000000000e+00
4.375973000000000000e+06 4.376193000000000000e+06 1.000000000000000000e+00
4.377732000000000000e+06 4.378278000000000000e+06 1.000000000000000000e+00
4.382520000000000000e+06 4.382996000000000000e+06 1.000000000000000000e+00
4.383954000000000000e+06 4.384148000000000000e+06 2.000000000000000000e+00
4.385908000000000000e+06 4.386283000000000000e+06 1.000000000000000000e+00
4.391226000000000000e+06 4.391426000000000000e+06 2.000000000000000000e+00
4.391927000000000000e+06 4.392325000000000000e+06 1.000000000000000000e+00
4.395748000000000000e+06 4.395915000000000000e+06 2.000000000000000000e+00
4.396685000000000000e+06 4.397062000000000000e+06 2.000000000000000000e+00
4.397721000000000000e+06 4.397988000000000000e+06 2.000000000000000000e+00
4.402090000000000000e+06 4.402609000000000000e+06 2.000000000000000000e+00
4.404876000000000000e+06 4.405065000000000000e+06 2.000000000000000000e+00
4.405958000000000000e+06 4.406258000000000000e+06 1.000000000000000000e+00
4.407231000000000000e+06 4.407603000000000000e+06 1.000000000000000000e+00
4.410515000000000000e+06 4.410682000000000000e+06 2.000000000000000000e+00
4.411280000000000000e+06 4.411599000000000000e+06 1.000000000000000000e+00
4.419269000000000000e+06 4.419445000000000000e+06 1.000000000000000000e+00
4.420348000000000000e+06 4.420576000000000000e+06 2.000000000000000000e+00
4.421254000000000000e+06 4.421526000000000000e+06 1.000000000000000000e+00
4.425390000000000000e+06 4.425709000000000000e+06 2.000000000000000000e+00
4.427217000000000000e+06 4.427494000000000000e+06 1.000000000000000000e+00
4.427913000000000000e+06 4.427992000000000000e+06 2.000000000000000000e+00
4.430305000000000000e+06 4.430582000000000000e+06 2.000000000000000000e+00
4.431242000000000000e+06 4.431672000000000000e+06 2.000000000000000000e+00
4.433754000000000000e+06 4.434232000000000000e+06 2.000000000000000000e+00
4.434749000000000000e+06 4.435293000000000000e+06 1.000000000000000000e+00
4.436132000000000000e+06 4.436254000000000000e+06 2.000000000000000000e+00
4.438791000000000000e+06 4.439074000000000000e+06 2.000000000000000000e+00
4.439784000000000000e+06 4.440232000000000000e+06 1.000000000000000000e+00
4.681670000000000000e+06 4.681798000000000000e+06 2.000000000000000000e+00
4.683399000000000000e+06 4.683736000000000000e+06 2.000000000000000000e+00
4.687010000000000000e+06 4.687278000000000000e+06 2.000000000000000000e+00
4.687854000000000000e+06 4.688070000000000000e+06 2.000000000000000000e+00
4.688770000000000000e+06 4.689163000000000000e+06 2.000000000000000000e+00
4.690463000000000000e+06 4.690824000000000000e+06 2.000000000000000000e+00
4.692898000000000000e+06 4.693366000000000000e+06 2.000000000000000000e+00
4.694050000000000000e+06 4.694351000000000000e+06 2.000000000000000000e+00
4.695187000000000000e+06 4.695393000000000000e+06 1.000000000000000000e+00
4.702097000000000000e+06 4.702440000000000000e+06 2.000000000000000000e+00
4.704311000000000000e+06 4.704787000000000000e+06 2.000000000000000000e+00
4.707837000000000000e+06 4.708082000000000000e+06 2.000000000000000000e+00
4.709113000000000000e+06 4.709400000000000000e+06 2.000000000000000000e+00
4.710040000000000000e+06 4.710198000000000000e+06 2.000000000000000000e+00
4.711555000000000000e+06 4.711898000000000000e+06 1.000000000000000000e+00
4.714495000000000000e+06 4.714870000000000000e+06 2.000000000000000000e+00
4.715293000000000000e+06 4.715559000000000000e+06 2.000000000000000000e+00
4.715802000000000000e+06 4.716251000000000000e+06 2.000000000000000000e+00
4.716510000000000000e+06 4.716843000000000000e+06 2.000000000000000000e+00
4.717120000000000000e+06 4.717523000000000000e+06 2.000000000000000000e+00
4.717900000000000000e+06 4.718067000000000000e+06 1.000000000000000000e+00
4.718881000000000000e+06 4.719121000000000000e+06 2.000000000000000000e+00
4.720893000000000000e+06 4.721124000000000000e+06 1.000000000000000000e+00
4.721936000000000000e+06 4.722269000000000000e+06 1.000000000000000000e+00
4.724433000000000000e+06 4.724737000000000000e+06 1.000000000000000000e+00
4.725709000000000000e+06 4.726315000000000000e+06 2.000000000000000000e+00
4.727529000000000000e+06 4.727844000000000000e+06 1.000000000000000000e+00
4.729204000000000000e+06 4.729348000000000000e+06 2.000000000000000000e+00
4.730593000000000000e+06 4.730887000000000000e+06 2.000000000000000000e+00
4.731413000000000000e+06 4.731662000000000000e+06 1.000000000000000000e+00
4.733076000000000000e+06 4.733370000000000000e+06 2.000000000000000000e+00
4.734693000000000000e+06 4.734854000000000000e+06 2.000000000000000000e+00
4.735532000000000000e+06 4.735820000000000000e+06 2.000000000000000000e+00
4.736501000000000000e+06 4.736723000000000000e+06 1.000000000000000000e+00
4.737662000000000000e+06 4.737963000000000000e+06 1.000000000000000000e+00
4.739057000000000000e+06 4.739289000000000000e+06 2.000000000000000000e+00
4.739636000000000000e+06 4.740043000000000000e+06 2.000000000000000000e+00
4.741973000000000000e+06 4.742104000000000000e+06 1.000000000000000000e+00
4.746996000000000000e+06 4.747361000000000000e+06 2.000000000000000000e+00
4.747680000000000000e+06 4.747925000000000000e+06 1.000000000000000000e+00
4.749404000000000000e+06 4.750048000000000000e+06 2.000000000000000000e+00
4.750970000000000000e+06 4.751437000000000000e+06 2.000000000000000000e+00
4.752330000000000000e+06 4.752639000000000000e+06 2.000000000000000000e+00
4.753842000000000000e+06 4.754120000000000000e+06 2.000000000000000000e+00
4.754654000000000000e+06 4.755066000000000000e+06 2.000000000000000000e+00
4.756215000000000000e+06 4.756415000000000000e+06 2.000000000000000000e+00
4.757970000000000000e+06 4.758237000000000000e+06 1.000000000000000000e+00
4.759336000000000000e+06 4.759706000000000000e+06 2.000000000000000000e+00
4.760543000000000000e+06 4.760756000000000000e+06 2.000000000000000000e+00
4.761158000000000000e+06 4.761478000000000000e+06 2.000000000000000000e+00
4.763742000000000000e+06 4.764080000000000000e+06 2.000000000000000000e+00
4.766180000000000000e+06 4.766485000000000000e+06 2.000000000000000000e+00
4.766617000000000000e+06 4.766973000000000000e+06 2.000000000000000000e+00
4.767608000000000000e+06 4.767744000000000000e+06 1.000000000000000000e+00
4.769471000000000000e+06 4.769772000000000000e+06 2.000000000000000000e+00
4.771015000000000000e+06 4.771182000000000000e+06 1.000000000000000000e+00
4.772164000000000000e+06 4.772520000000000000e+06 1.000000000000000000e+00
4.773765000000000000e+06 4.773915000000000000e+06 1.000000000000000000e+00
4.774204000000000000e+06 4.774528000000000000e+06 1.000000000000000000e+00
4.775386000000000000e+06 4.775595000000000000e+06 1.000000000000000000e+00
4.776464000000000000e+06 4.776889000000000000e+06 2.000000000000000000e+00
4.777969000000000000e+06 4.778589000000000000e+06 2.000000000000000000e+00
4.778844000000000000e+06 4.779288000000000000e+06 1.000000000000000000e+00
4.780879000000000000e+06 4.781152000000000000e+06 1.000000000000000000e+00
4.783648000000000000e+06 4.783948000000000000e+06 2.000000000000000000e+00
4.784742000000000000e+06 4.785056000000000000e+06 1.000000000000000000e+00
4.787582000000000000e+06 4.787837000000000000e+06 2.000000000000000000e+00
4.791676000000000000e+06 4.792010000000000000e+06 2.000000000000000000e+00
4.794743000000000000e+06 4.794993000000000000e+06 2.000000000000000000e+00
4.795604000000000000e+06 4.796054000000000000e+06 1.000000000000000000e+00
4.796887000000000000e+06 4.797059000000000000e+06 2.000000000000000000e+00
4.798546000000000000e+06 4.798967000000000000e+06 2.000000000000000000e+00
4.799915000000000000e+06 4.800070000000000000e+06 1.000000000000000000e+00
4.800732000000000000e+06 4.801125000000000000e+06 1.000000000000000000e+00
4.802082000000000000e+06 4.802298000000000000e+06 1.000000000000000000e+00
4.804174000000000000e+06 4.804328000000000000e+06 1.000000000000000000e+00
4.806054000000000000e+06 4.806259000000000000e+06 2.000000000000000000e+00
4.806620000000000000e+06 4.806798000000000000e+06 2.000000000000000000e+00
4.809398000000000000e+06 4.809609000000000000e+06 2.000000000000000000e+00
4.809736000000000000e+06 4.810084000000000000e+06 2.000000000000000000e+00
4.812254000000000000e+06 4.812459000000000000e+06 2.000000000000000000e+00
4.812912000000000000e+06 4.813158000000000000e+06 2.000000000000000000e+00
4.814603000000000000e+06 4.814955000000000000e+06 1.000000000000000000e+00
4.815454000000000000e+06 4.815824000000000000e+06 2.000000000000000000e+00
4.816209000000000000e+06 4.816459000000000000e+06 2.000000000000000000e+00
4.822176000000000000e+06 4.822348000000000000e+06 2.000000000000000000e+00
4.823165000000000000e+06 4.823532000000000000e+06 2.000000000000000000e+00
4.824776000000000000e+06 4.825198000000000000e+06 2.000000000000000000e+00
4.830365000000000000e+06 4.830682000000000000e+06 1.000000000000000000e+00
4.843715000000000000e+06 4.843887000000000000e+06 1.000000000000000000e+00
4.844676000000000000e+06 4.844915000000000000e+06 2.000000000000000000e+00
4.846032000000000000e+06 4.846293000000000000e+06 2.000000000000000000e+00
4.847432000000000000e+06 4.847670000000000000e+06 2.000000000000000000e+00
4.848615000000000000e+06 4.848882000000000000e+06 1.000000000000000000e+00
4.849198000000000000e+06 4.849526000000000000e+06 1.000000000000000000e+00
4.850395000000000000e+06 4.850668000000000000e+06 1.000000000000000000e+00
4.850802000000000000e+06 4.851029000000000000e+06 2.000000000000000000e+00
4.851593000000000000e+06 4.851854000000000000e+06 1.000000000000000000e+00
4.852376000000000000e+06 4.852604000000000000e+06 1.000000000000000000e+00
4.854198000000000000e+06 4.854665000000000000e+06 2.000000000000000000e+00
4.855076000000000000e+06 4.855587000000000000e+06 2.000000000000000000e+00
4.859099000000000000e+06 4.859339000000000000e+06 1.000000000000000000e+00
4.860865000000000000e+06 4.861087000000000000e+06 2.000000000000000000e+00
4.862898000000000000e+06 4.863154000000000000e+06 1.000000000000000000e+00
4.863528000000000000e+06 4.864046000000000000e+06 1.000000000000000000e+00
4.864648000000000000e+06 4.864809000000000000e+06 2.000000000000000000e+00
4.866330000000000000e+06 4.866709000000000000e+06 1.000000000000000000e+00
4.867582000000000000e+06 4.867726000000000000e+06 2.000000000000000000e+00
4.868321000000000000e+06 4.868603000000000000e+06 1.000000000000000000e+00
4.870245000000000000e+06 4.870690000000000000e+06 1.000000000000000000e+00
4.871309000000000000e+06 4.871409000000000000e+06 2.000000000000000000e+00
4.873637000000000000e+06 4.874059000000000000e+06 2.000000000000000000e+00
4.874895000000000000e+06 4.875144000000000000e+06 2.000000000000000000e+00
4.878476000000000000e+06 4.878765000000000000e+06 2.000000000000000000e+00
4.879143000000000000e+06 4.879426000000000000e+06 1.000000000000000000e+00
4.879982000000000000e+06 4.880376000000000000e+06 1.000000000000000000e+00
4.881104000000000000e+06 4.881470000000000000e+06 2.000000000000000000e+00
4.882132000000000000e+06 4.882393000000000000e+06 1.000000000000000000e+00
4.882837000000000000e+06 4.883132000000000000e+06 1.000000000000000000e+00
4.884140000000000000e+06 4.884468000000000000e+06 2.000000000000000000e+00
4.885870000000000000e+06 4.886138000000000000e+06 2.000000000000000000e+00
4.887759000000000000e+06 4.888126000000000000e+06 2.000000000000000000e+00
4.888992000000000000e+06 4.889488000000000000e+06 2.000000000000000000e+00
4.889800000000000000e+06 4.889967000000000000e+06 1.000000000000000000e+00
4.890820000000000000e+06 4.891109000000000000e+06 2.000000000000000000e+00
4.893476000000000000e+06 4.893698000000000000e+06 2.000000000000000000e+00
4.894588000000000000e+06 4.894879000000000000e+06 2.000000000000000000e+00
4.895082000000000000e+06 4.895426000000000000e+06 2.000000000000000000e+00
4.895598000000000000e+06 4.895848000000000000e+06 2.000000000000000000e+00
4.896417000000000000e+06 4.896584000000000000e+06 1.000000000000000000e+00
4.900615000000000000e+06 4.900804000000000000e+06 2.000000000000000000e+00
4.908348000000000000e+06 4.908637000000000000e+06 1.000000000000000000e+00
4.909837000000000000e+06 4.910104000000000000e+06 2.000000000000000000e+00
4.911362000000000000e+06 4.911626000000000000e+06 1.000000000000000000e+00
4.913165000000000000e+06 4.913365000000000000e+06 2.000000000000000000e+00
4.913548000000000000e+06 4.913695000000000000e+06 1.000000000000000000e+00
4.915134000000000000e+06 4.915722000000000000e+06 2.000000000000000000e+00
4.917070000000000000e+06 4.917292000000000000e+06 2.000000000000000000e+00
4.919282000000000000e+06 4.919632000000000000e+06 1.000000000000000000e+00
4.920282000000000000e+06 4.920843000000000000e+06 2.000000000000000000e+00
4.921287000000000000e+06 4.921657000000000000e+06 2.000000000000000000e+00
4.922485000000000000e+06 4.922874000000000000e+06 2.000000000000000000e+00
4.925055000000000000e+06 4.925272000000000000e+06 2.000000000000000000e+00
4.946382000000000000e+06 4.946615000000000000e+06 2.000000000000000000e+00
4.947426000000000000e+06 4.947820000000000000e+06 2.000000000000000000e+00
4.949289000000000000e+06 4.949677000000000000e+06 2.000000000000000000e+00
4.950043000000000000e+06 4.950427000000000000e+06 2.000000000000000000e+00
4.955704000000000000e+06 4.956015000000000000e+06 2.000000000000000000e+00
4.959917000000000000e+06 4.960185000000000000e+06 2.000000000000000000e+00
4.961534000000000000e+06 4.962001000000000000e+06 2.000000000000000000e+00
4.964714000000000000e+06 4.965246000000000000e+06 1.000000000000000000e+00
4.965417000000000000e+06 4.965713000000000000e+06 1.000000000000000000e+00
4.966126000000000000e+06 4.966315000000000000e+06 2.000000000000000000e+00
4.967376000000000000e+06 4.967640000000000000e+06 1.000000000000000000e+00
4.968454000000000000e+06 4.968871000000000000e+06 2.000000000000000000e+00
4.969787000000000000e+06 4.969959000000000000e+06 2.000000000000000000e+00
4.971390000000000000e+06 4.971797000000000000e+06 2.000000000000000000e+00
4.972736000000000000e+06 4.973143000000000000e+06 1.000000000000000000e+00
4.973821000000000000e+06 4.974191000000000000e+06 1.000000000000000000e+00
4.975415000000000000e+06 4.975704000000000000e+06 2.000000000000000000e+00
4.976862000000000000e+06 4.977265000000000000e+06 1.000000000000000000e+00
4.977806000000000000e+06 4.978176000000000000e+06 1.000000000000000000e+00
4.980908000000000000e+06 4.981454000000000000e+06 2.000000000000000000e+00
4.982027000000000000e+06 4.982416000000000000e+06 2.000000000000000000e+00
4.982696000000000000e+06 4.982987000000000000e+06 1.000000000000000000e+00
4.984194000000000000e+06 4.984458000000000000e+06 1.000000000000000000e+00
4.989306000000000000e+06 4.989552000000000000e+06 1.000000000000000000e+00
4.991536000000000000e+06 4.991818000000000000e+06 1.000000000000000000e+00
4.994030000000000000e+06 4.994520000000000000e+06 1.000000000000000000e+00
4.995024000000000000e+06 4.995242000000000000e+06 2.000000000000000000e+00
4.997143000000000000e+06 4.997454000000000000e+06 2.000000000000000000e+00
4.998176000000000000e+06 4.998459000000000000e+06 2.000000000000000000e+00
4.999454000000000000e+06 4.999698000000000000e+06 1.000000000000000000e+00
5.000705000000000000e+06 5.001029000000000000e+06 1.000000000000000000e+00
5.002071000000000000e+06 5.002273000000000000e+06 2.000000000000000000e+00
5.004422000000000000e+06 5.004602000000000000e+06 1.000000000000000000e+00
5.006754000000000000e+06 5.007048000000000000e+06 1.000000000000000000e+00
5.008282000000000000e+06 5.008576000000000000e+06 1.000000000000000000e+00
5.009130000000000000e+06 5.009255000000000000e+06 1.000000000000000000e+00
5.010103000000000000e+06 5.010473000000000000e+06 2.000000000000000000e+00
5.017198000000000000e+06 5.017392000000000000e+06 2.000000000000000000e+00
5.018387000000000000e+06 5.018759000000000000e+06 1.000000000000000000e+00
5.019172000000000000e+06 5.019741000000000000e+06 2.000000000000000000e+00
5.020171000000000000e+06 5.020435000000000000e+06 2.000000000000000000e+00
5.021110000000000000e+06 5.021397000000000000e+06 2.000000000000000000e+00
5.024554000000000000e+06 5.024732000000000000e+06 1.000000000000000000e+00
5.030170000000000000e+06 5.030326000000000000e+06 1.000000000000000000e+00
5.034182000000000000e+06 5.034359000000000000e+06 1.000000000000000000e+00
5.035726000000000000e+06 5.035920000000000000e+06 1.000000000000000000e+00
5.036603000000000000e+06 5.036913000000000000e+06 1.000000000000000000e+00
5.037848000000000000e+06 5.038082000000000000e+06 1.000000000000000000e+00
5.041389000000000000e+06 5.041671000000000000e+06 1.000000000000000000e+00
5.045598000000000000e+06 5.045776000000000000e+06 2.000000000000000000e+00
5.047259000000000000e+06 5.047417000000000000e+06 1.000000000000000000e+00
5.048720000000000000e+06 5.048854000000000000e+06 2.000000000000000000e+00
5.052937000000000000e+06 5.053165000000000000e+06 2.000000000000000000e+00
5.053454000000000000e+06 5.053805000000000000e+06 2.000000000000000000e+00
5.055218000000000000e+06 5.055602000000000000e+06 2.000000000000000000e+00
5.055712000000000000e+06 5.055838000000000000e+06 1.000000000000000000e+00
5.056870000000000000e+06 5.057101000000000000e+06 2.000000000000000000e+00
5.059817000000000000e+06 5.060000000000000000e+06 2.000000000000000000e+00
5.060946000000000000e+06 5.061501000000000000e+06 2.000000000000000000e+00
5.062282000000000000e+06 5.062435000000000000e+06 1.000000000000000000e+00
5.063393000000000000e+06 5.063498000000000000e+06 1.000000000000000000e+00
5.064394000000000000e+06 5.064602000000000000e+06 1.000000000000000000e+00
5.066844000000000000e+06 5.067140000000000000e+06 1.000000000000000000e+00
5.069936000000000000e+06 5.070311000000000000e+06 2.000000000000000000e+00
5.073445000000000000e+06 5.073658000000000000e+06 1.000000000000000000e+00
5.077454000000000000e+06 5.077573000000000000e+06 2.000000000000000000e+00
5.078268000000000000e+06 5.078513000000000000e+06 2.000000000000000000e+00
5.081041000000000000e+06 5.081499000000000000e+06 2.000000000000000000e+00
5.082937000000000000e+06 5.083259000000000000e+06 2.000000000000000000e+00
5.084555000000000000e+06 5.084874000000000000e+06 1.000000000000000000e+00
5.085859000000000000e+06 5.086232000000000000e+06 2.000000000000000000e+00
5.087305000000000000e+06 5.087680000000000000e+06 2.000000000000000000e+00
5.098511000000000000e+06 5.098752000000000000e+06 2.000000000000000000e+00
5.099233000000000000e+06 5.099645000000000000e+06 2.000000000000000000e+00
5.101773000000000000e+06 5.102027000000000000e+06 2.000000000000000000e+00
5.102237000000000000e+06 5.102476000000000000e+06 1.000000000000000000e+00
5.105677000000000000e+06 5.106186000000000000e+06 2.000000000000000000e+00
5.106612000000000000e+06 5.107037000000000000e+06 2.000000000000000000e+00
5.107320000000000000e+06 5.107682000000000000e+06 2.000000000000000000e+00
5.108254000000000000e+06 5.108537000000000000e+06 2.000000000000000000e+00
5.150537000000000000e+06 5.150720000000000000e+06 2.000000000000000000e+00
5.163998000000000000e+06 5.164282000000000000e+06 2.000000000000000000e+00
5.165844000000000000e+06 5.166246000000000000e+06 2.000000000000000000e+00
5.167559000000000000e+06 5.167759000000000000e+06 1.000000000000000000e+00
5.169056000000000000e+06 5.169404000000000000e+06 1.000000000000000000e+00
5.170693000000000000e+06 5.170954000000000000e+06 1.000000000000000000e+00
5.171612000000000000e+06 5.171834000000000000e+06 1.000000000000000000e+00
5.172478000000000000e+06 5.172612000000000000e+06 1.000000000000000000e+00
5.177637000000000000e+06 5.177970000000000000e+06 2.000000000000000000e+00
5.180834000000000000e+06 5.181027000000000000e+06 1.000000000000000000e+00
5.182948000000000000e+06 5.183337000000000000e+06 1.000000000000000000e+00
5.183993000000000000e+06 5.184248000000000000e+06 1.000000000000000000e+00
5.188393000000000000e+06 5.188882000000000000e+06 1.000000000000000000e+00
5.189837000000000000e+06 5.190265000000000000e+06 2.000000000000000000e+00
5.192932000000000000e+06 5.193276000000000000e+06 2.000000000000000000e+00
5.194743000000000000e+06 5.194987000000000000e+06 1.000000000000000000e+00
5.201298000000000000e+06 5.202015000000000000e+06 2.000000000000000000e+00
5.203832000000000000e+06 5.204065000000000000e+06 2.000000000000000000e+00
5.205519000000000000e+06 5.205658000000000000e+06 1.000000000000000000e+00
