5.040000000000000000e+02 8.480000000000000000e+02
2.037000000000000000e+03 2.248000000000000000e+03
3.341000000000000000e+03 3.661000000000000000e+03
6.282000000000000000e+03 6.404000000000000000e+03
6.976000000000000000e+03 7.359000000000000000e+03
7.827000000000000000e+03 7.994000000000000000e+03
8.568000000000000000e+03 8.744000000000000000e+03
1.138100000000000000e+04 1.148000000000000000e+04
1.192200000000000000e+04 1.219400000000000000e+04
1.530900000000000000e+04 1.557300000000000000e+04
1.780200000000000000e+04 1.790200000000000000e+04
1.938700000000000000e+04 1.950900000000000000e+04
2.034400000000000000e+04 2.073200000000000000e+04
2.296400000000000000e+04 2.309400000000000000e+04
2.391700000000000000e+04 2.424200000000000000e+04
2.576900000000000000e+04 2.622900000000000000e+04
2.641500000000000000e+04 2.702700000000000000e+04
2.761000000000000000e+04 2.777100000000000000e+04
2.790400000000000000e+04 2.810900000000000000e+04
2.906200000000000000e+04 2.918800000000000000e+04
2.933700000000000000e+04 2.943200000000000000e+04
3.107000000000000000e+04 3.144300000000000000e+04
3.215400000000000000e+04 3.249800000000000000e+04
3.346500000000000000e+04 3.364300000000000000e+04
3.397600000000000000e+04 3.413200000000000000e+04
3.607600000000000000e+04 3.617600000000000000e+04
3.649300000000000000e+04 3.678700000000000000e+04
3.808200000000000000e+04 3.833200000000000000e+04
3.906700000000000000e+04 3.921300000000000000e+04
4.075900000000000000e+04 4.087400000000000000e+04
4.187000000000000000e+04 4.203700000000000000e+04
4.243200000000000000e+04 4.266900000000000000e+04
4.342600000000000000e+04 4.376500000000000000e+04
4.428700000000000000e+04 4.450900000000000000e+04
4.568200000000000000e+04 4.617600000000000000e+04
4.742600000000000000e+04 4.763200000000000000e+04
4.820200000000000000e+04 4.838300000000000000e+04
4.911500000000000000e+04 4.928300000000000000e+04
5.089100000000000000e+04 5.118400000000000000e+04
5.190100000000000000e+04 5.225100000000000000e+04
5.261200000000000000e+04 5.270100000000000000e+04
5.360900000000000000e+04 5.411100000000000000e+04
5.463900000000000000e+04 5.480100000000000000e+04
5.549400000000000000e+04 5.585000000000000000e+04
5.682600000000000000e+04 5.698200000000000000e+04
5.742500000000000000e+04 5.788000000000000000e+04
5.849300000000000000e+04 5.860900000000000000e+04
5.954500000000000000e+04 6.013800000000000000e+04
6.049300000000000000e+04 6.070200000000000000e+04
6.118300000000000000e+04 6.163300000000000000e+04
6.253800000000000000e+04 6.287300000000000000e+04
6.453600000000000000e+04 6.469800000000000000e+04
6.646100000000000000e+04 6.666000000000000000e+04
6.787400000000000000e+04 6.843300000000000000e+04
6.919200000000000000e+04 6.939600000000000000e+04
7.118500000000000000e+04 7.142600000000000000e+04
7.515500000000000000e+04 7.565200000000000000e+04
7.643200000000000000e+04 7.690200000000000000e+04
7.743600000000000000e+04 7.786500000000000000e+04
7.827800000000000000e+04 7.862900000000000000e+04
7.957600000000000000e+04 7.975900000000000000e+04
8.026500000000000000e+04 8.058200000000000000e+04
8.126800000000000000e+04 8.154500000000000000e+04
8.215700000000000000e+04 8.262300000000000000e+04
8.380200000000000000e+04 8.405800000000000000e+04
8.418900000000000000e+04 8.472800000000000000e+04
8.503200000000000000e+04 8.531400000000000000e+04
8.652600000000000000e+04 8.694800000000000000e+04
8.750600000000000000e+04 8.788200000000000000e+04
8.839300000000000000e+04 8.865400000000000000e+04
8.950400000000000000e+04 8.977600000000000000e+04
9.053700000000000000e+04 9.078700000000000000e+04
9.143200000000000000e+04 9.163700000000000000e+04
9.753100000000000000e+04 9.766500000000000000e+04
3.539540000000000000e+05 3.541840000000000000e+05
3.549690000000000000e+05 3.552460000000000000e+05
3.555600000000000000e+05 3.560780000000000000e+05
3.566840000000000000e+05 3.567790000000000000e+05
3.631290000000000000e+05 3.632970000000000000e+05
3.638720000000000000e+05 3.643380000000000000e+05
3.667540000000000000e+05 3.680520000000000000e+05
3.690300000000000000e+05 3.696940000000000000e+05
3.701130000000000000e+05 3.703320000000000000e+05
3.706980000000000000e+05 3.710120000000000000e+05
3.745880000000000000e+05 3.750320000000000000e+05
3.758430000000000000e+05 3.763240000000000000e+05
3.773320000000000000e+05 3.774940000000000000e+05
3.783360000000000000e+05 3.790260000000000000e+05
3.800830000000000000e+05 3.807050000000000000e+05
3.809330000000000000e+05 3.814300000000000000e+05
3.817800000000000000e+05 3.819950000000000000e+05
3.822040000000000000e+05 3.825860000000000000e+05
3.828110000000000000e+05 3.833080000000000000e+05
3.835170000000000000e+05 3.838050000000000000e+05
3.845010000000000000e+05 3.849660000000000000e+05
3.855570000000000000e+05 3.858610000000000000e+05
3.860020000000000000e+05 3.864460000000000000e+05
3.867600000000000000e+05 3.870950000000000000e+05
3.887660000000000000e+05 3.894620000000000000e+05
3.899950000000000000e+05 3.901490000000000000e+05
3.909270000000000000e+05 3.917320000000000000e+05
3.919360000000000000e+05 3.921560000000000000e+05
3.926740000000000000e+05 3.929100000000000000e+05
3.948190000000000000e+05 3.952420000000000000e+05
3.959120000000000000e+05 3.961160000000000000e+05
3.963200000000000000e+05 3.967440000000000000e+05
3.977010000000000000e+05 3.980620000000000000e+05
4.013270000000000000e+05 4.016930000000000000e+05
4.029900000000000000e+05 4.035550000000000000e+05
4.039470000000000000e+05 4.042820000000000000e+05
4.051220000000000000e+05 4.056110000000000000e+05
4.065260000000000000e+05 4.066980000000000000e+05
4.088820000000000000e+05 4.092040000000000000e+05
4.108430000000000000e+05 4.110760000000000000e+05
4.137180000000000000e+05 4.140950000000000000e+05
4.153400000000000000e+05 4.157220000000000000e+05
4.162450000000000000e+05 4.164960000000000000e+05
4.185310000000000000e+05 4.188610000000000000e+05
4.198320000000000000e+05 4.203540000000000000e+05
4.216700000000000000e+05 4.218370000000000000e+05
4.227760000000000000e+05 4.234930000000000000e+05
4.239900000000000000e+05 4.242510000000000000e+05
4.252400000000000000e+05 4.253340000000000000e+05
4.262180000000000000e+05 4.263440000000000000e+05
4.273790000000000000e+05 4.278240000000000000e+05
4.281800000000000000e+05 4.285140000000000000e+05
4.289120000000000000e+05 4.293570000000000000e+05
4.308160000000000000e+05 4.309000000000000000e+05
4.312080000000000000e+05 4.317110000000000000e+05
4.345200000000000000e+05 4.351680000000000000e+05
4.357390000000000000e+05 4.358850000000000000e+05
4.369890000000000000e+05 4.372400000000000000e+05
4.375280000000000000e+05 4.378880000000000000e+05
4.384590000000000000e+05 4.385900000000000000e+05
4.390660000000000000e+05 4.394580000000000000e+05
4.399890000000000000e+05 4.406470000000000000e+05
4.433030000000000000e+05 4.435120000000000000e+05
4.442550000000000000e+05 4.446520000000000000e+05
4.449650000000000000e+05 4.451820000000000000e+05
4.468910000000000000e+05 4.471630000000000000e+05
4.474880000000000000e+05 4.477280000000000000e+05
4.481600000000000000e+05 4.485250000000000000e+05
4.494540000000000000e+05 4.497040000000000000e+05
4.500000000000000000e+05 4.504070000000000000e+05
4.528470000000000000e+05 4.532780000000000000e+05
4.538640000000000000e+05 4.540260000000000000e+05
4.548650000000000000e+05 4.549820000000000000e+05
4.563200000000000000e+05 4.565040000000000000e+05
4.576840000000000000e+05 4.583460000000000000e+05
4.591320000000000000e+05 4.595590000000000000e+05
4.597910000000000000e+05 4.599430000000000000e+05
4.610700000000000000e+05 4.614320000000000000e+05
4.621550000000000000e+05 4.624330000000000000e+05
4.634980000000000000e+05 4.638320000000000000e+05
4.651090000000000000e+05 4.652930000000000000e+05
4.656890000000000000e+05 4.663220000000000000e+05
4.678390000000000000e+05 4.680800000000000000e+05
4.708490000000000000e+05 4.718750000000000000e+05
4.724970000000000000e+05 4.726590000000000000e+05
4.735980000000000000e+05 4.739750000000000000e+05
4.748170000000000000e+05 4.749370000000000000e+05
4.752770000000000000e+05 4.759520000000000000e+05
4.767370000000000000e+05 4.768520000000000000e+05
4.776440000000000000e+05 4.780160000000000000e+05
4.786330000000000000e+05 4.789570000000000000e+05
4.797130000000000000e+05 4.805920000000000000e+05
4.810790000000000000e+05 4.815340000000000000e+05
4.820460000000000000e+05 4.825540000000000000e+05
4.834250000000000000e+05 4.838900000000000000e+05
4.865870000000000000e+05 4.870150000000000000e+05
4.927950000000000000e+05 4.930690000000000000e+05
4.941850000000000000e+05 4.943940000000000000e+05
4.947710000000000000e+05 4.953880000000000000e+05
4.961480000000000000e+05 4.962760000000000000e+05
4.969930000000000000e+05 4.974590000000000000e+05
4.979760000000000000e+05 4.981540000000000000e+05
4.993130000000000000e+05 4.994450000000000000e+05
5.003040000000000000e+05 5.005650000000000000e+05
5.007980000000000000e+05 5.010700000000000000e+05
5.015130000000000000e+05 5.016840000000000000e+05
5.019430000000000000e+05 5.022250000000000000e+05
5.023650000000000000e+05 5.026590000000000000e+05
5.034540000000000000e+05 5.038050000000000000e+05
5.043180000000000000e+05 5.046730000000000000e+05
5.050480000000000000e+05 5.051870000000000000e+05
5.057660000000000000e+05 5.060800000000000000e+05
5.069070000000000000e+05 5.072630000000000000e+05
5.078120000000000000e+05 5.081730000000000000e+05
5.088950000000000000e+05 5.094490000000000000e+05
5.102600000000000000e+05 5.105530000000000000e+05
5.111230000000000000e+05 5.116100000000000000e+05
5.123930000000000000e+05 5.127320000000000000e+05
5.133360000000000000e+05 5.135970000000000000e+05
5.149470000000000000e+05 5.154700000000000000e+05
5.159930000000000000e+05 5.161930000000000000e+05
5.193200000000000000e+05 5.196860000000000000e+05
5.214180000000000000e+05 5.218100000000000000e+05
5.259010000000000000e+05 5.262880000000000000e+05
5.290420000000000000e+05 5.294870000000000000e+05
5.302400000000000000e+05 5.305690000000000000e+05
5.327040000000000000e+05 5.330070000000000000e+05
5.332060000000000000e+05 5.335930000000000000e+05
5.338760000000000000e+05 5.342360000000000000e+05
5.345610000000000000e+05 5.348800000000000000e+05
5.351320000000000000e+05 5.352870000000000000e+05
5.389360000000000000e+05 5.391770000000000000e+05
5.440200000000000000e+05 5.442370000000000000e+05
5.456710000000000000e+05 5.459900000000000000e+05
5.472720000000000000e+05 5.475230000000000000e+05
5.493650000000000000e+05 5.495320000000000000e+05
5.515820000000000000e+05 5.521260000000000000e+05
5.529900000000000000e+05 5.534810000000000000e+05
5.549320000000000000e+05 5.551430000000000000e+05
5.577130000000000000e+05 5.580740000000000000e+05
5.585190000000000000e+05 5.586970000000000000e+05
5.599000000000000000e+05 5.602970000000000000e+05
5.613280000000000000e+05 5.614900000000000000e+05
5.628660000000000000e+05 5.632840000000000000e+05
5.646130000000000000e+05 5.648220000000000000e+05
5.653980000000000000e+05 5.655700000000000000e+05
5.656930000000000000e+05 5.658650000000000000e+05
5.663810000000000000e+05 5.668570000000000000e+05
5.679150000000000000e+05 5.682650000000000000e+05
5.695650000000000000e+05 5.699480000000000000e+05
5.715700000000000000e+05 5.718700000000000000e+05
5.731540000000000000e+05 5.733980000000000000e+05
5.741650000000000000e+05 5.744480000000000000e+05
5.754930000000000000e+05 5.758040000000000000e+05
5.769590000000000000e+05 5.772760000000000000e+05
5.785880000000000000e+05 5.789960000000000000e+05
5.831230000000000000e+05 5.833640000000000000e+05
5.839230000000000000e+05 5.843100000000000000e+05
5.848700000000000000e+05 5.851890000000000000e+05
5.858700000000000000e+05 5.862040000000000000e+05
5.870930000000000000e+05 5.875010000000000000e+05
5.879900000000000000e+05 5.882630000000000000e+05
5.891000000000000000e+05 5.892620000000000000e+05
5.900860000000000000e+05 5.907390000000000000e+05
5.924600000000000000e+05 5.927900000000000000e+05
5.932560000000000000e+05 5.937110000000000000e+05
5.943020000000000000e+05 5.946470000000000000e+05
5.960180000000000000e+05 5.961480000000000000e+05
5.970820000000000000e+05 5.972700000000000000e+05
5.981000000000000000e+05 5.985020000000000000e+05
5.997650000000000000e+05 6.000820000000000000e+05
6.020570000000000000e+05 6.024180000000000000e+05
6.033760000000000000e+05 6.035260000000000000e+05
6.042700000000000000e+05 6.045620000000000000e+05
6.077470000000000000e+05 6.079580000000000000e+05
6.132700000000000000e+05 6.134870000000000000e+05
6.146590000000000000e+05 6.147870000000000000e+05
6.155260000000000000e+05 6.156870000000000000e+05
6.169420000000000000e+05 6.171300000000000000e+05
6.173200000000000000e+05 6.175260000000000000e+05
6.187820000000000000e+05 6.191480000000000000e+05
6.231420000000000000e+05 6.232670000000000000e+05
6.249870000000000000e+05 6.252540000000000000e+05
6.259090000000000000e+05 6.264150000000000000e+05
6.273200000000000000e+05 6.276550000000000000e+05
6.280150000000000000e+05 6.281870000000000000e+05
6.288580000000000000e+05 6.292030000000000000e+05
6.295930000000000000e+05 6.298600000000000000e+05
6.317980000000000000e+05 6.322760000000000000e+05
6.333800000000000000e+05 6.336160000000000000e+05
6.350860000000000000e+05 6.355560000000000000e+05
6.359850000000000000e+05 6.362050000000000000e+05
6.414360000000000000e+05 6.420900000000000000e+05
6.434820000000000000e+05 6.436650000000000000e+05
6.446190000000000000e+05 6.451420000000000000e+05
6.454930000000000000e+05 6.457430000000000000e+05
6.464980000000000000e+05 6.466590000000000000e+05
6.468160000000000000e+05 6.469210000000000000e+05
6.475930000000000000e+05 6.480850000000000000e+05
6.488850000000000000e+05 6.491620000000000000e+05
6.499680000000000000e+05 6.501400000000000000e+05
6.506200000000000000e+05 6.508090000000000000e+05
6.520760000000000000e+05 6.522640000000000000e+05
6.540170000000000000e+05 6.542890000000000000e+05
6.550320000000000000e+05 6.552820000000000000e+05
6.565200000000000000e+05 6.567150000000000000e+05
6.576990000000000000e+05 6.583480000000000000e+05
6.588970000000000000e+05 6.592420000000000000e+05
6.598430000000000000e+05 6.599430000000000000e+05
6.610320000000000000e+05 6.613150000000000000e+05
6.624700000000000000e+05 6.627700000000000000e+05
6.635530000000000000e+05 6.639660000000000000e+05
6.681300000000000000e+05 6.685800000000000000e+05
6.708190000000000000e+05 6.712740000000000000e+05
6.721000000000000000e+05 6.722210000000000000e+05
6.734400000000000000e+05 6.738320000000000000e+05
6.767870000000000000e+05 6.769700000000000000e+05
6.796930000000000000e+05 6.799030000000000000e+05
6.807090000000000000e+05 6.809200000000000000e+05
6.817520000000000000e+05 6.820710000000000000e+05
6.852980000000000000e+05 6.855550000000000000e+05
6.862030000000000000e+05 6.866430000000000000e+05
6.877940000000000000e+05 6.879710000000000000e+05
6.892040000000000000e+05 6.894540000000000000e+05
6.915090000000000000e+05 6.917540000000000000e+05
6.936840000000000000e+05 6.938880000000000000e+05
6.948280000000000000e+05 6.949290000000000000e+05
6.954570000000000000e+05 6.957390000000000000e+05
6.969370000000000000e+05 6.972560000000000000e+05
6.980100000000000000e+05 6.981930000000000000e+05
6.994480000000000000e+05 6.997410000000000000e+05
7.005540000000000000e+05 7.006820000000000000e+05
7.008040000000000000e+05 7.009200000000000000e+05
7.016450000000000000e+05 7.019220000000000000e+05
7.020480000000000000e+05 7.023620000000000000e+05
7.029700000000000000e+05 7.031090000000000000e+05
7.057880000000000000e+05 7.061750000000000000e+05
7.071690000000000000e+05 7.075720000000000000e+05
7.085400000000000000e+05 7.087390000000000000e+05
7.097270000000000000e+05 7.101880000000000000e+05
7.122960000000000000e+05 7.125890000000000000e+05
7.134360000000000000e+05 7.138600000000000000e+05
7.156090000000000000e+05 7.157540000000000000e+05
7.159870000000000000e+05 7.161650000000000000e+05
7.184700000000000000e+05 7.186090000000000000e+05
7.219820000000000000e+05 7.223650000000000000e+05
7.229490000000000000e+05 7.234460000000000000e+05
7.252450000000000000e+05 7.256690000000000000e+05
7.258000000000000000e+05 7.259460000000000000e+05
7.279910000000000000e+05 7.283310000000000000e+05
7.285140000000000000e+05 7.285930000000000000e+05
7.297540000000000000e+05 7.299820000000000000e+05
7.307800000000000000e+05 7.312970000000000000e+05
7.315120000000000000e+05 7.318780000000000000e+05
7.324150000000000000e+05 7.326040000000000000e+05
7.336200000000000000e+05 7.339540000000000000e+05
7.347500000000000000e+05 7.350430000000000000e+05
7.378810000000000000e+05 7.380800000000000000e+05
7.396700000000000000e+05 7.398370000000000000e+05
7.412390000000000000e+05 7.416840000000000000e+05
7.451880000000000000e+05 7.453660000000000000e+05
7.456320000000000000e+05 7.458260000000000000e+05
7.485310000000000000e+05 7.488190000000000000e+05
7.508590000000000000e+05 7.511430000000000000e+05
7.558130000000000000e+05 7.561260000000000000e+05
7.565090000000000000e+05 7.566200000000000000e+05
7.590060000000000000e+05 7.594250000000000000e+05
7.603040000000000000e+05 7.604600000000000000e+05
7.610570000000000000e+05 7.612290000000000000e+05
7.632800000000000000e+05 7.633580000000000000e+05
7.640860000000000000e+05 7.644880000000000000e+05
7.667480000000000000e+05 7.670200000000000000e+05
7.689370000000000000e+05 7.690520000000000000e+05
7.701770000000000000e+05 7.703290000000000000e+05
7.722280000000000000e+05 7.723110000000000000e+05
7.738540000000000000e+05 7.741210000000000000e+05
7.804320000000000000e+05 7.805370000000000000e+05
7.813430000000000000e+05 7.815370000000000000e+05
7.838760000000000000e+05 7.840040000000000000e+05
7.859040000000000000e+05 7.860480000000000000e+05
7.867430000000000000e+05 7.869150000000000000e+05
7.901960000000000000e+05 7.903580000000000000e+05
7.926540000000000000e+05 7.928870000000000000e+05
7.946160000000000000e+05 7.949670000000000000e+05
7.956470000000000000e+05 7.962020000000000000e+05
7.966300000000000000e+05 7.968400000000000000e+05
7.973100000000000000e+05 7.975040000000000000e+05
7.979170000000000000e+05 7.982310000000000000e+05
7.999840000000000000e+05 8.001350000000000000e+05
8.033150000000000000e+05 8.034370000000000000e+05
8.048960000000000000e+05 8.051620000000000000e+05
8.057060000000000000e+05 8.059310000000000000e+05
8.104930000000000000e+05 8.106260000000000000e+05
8.142280000000000000e+05 8.143270000000000000e+05
8.160930000000000000e+05 8.163260000000000000e+05
8.173610000000000000e+05 8.176070000000000000e+05
8.203430000000000000e+05 8.206300000000000000e+05
8.231730000000000000e+05 8.233560000000000000e+05
8.239470000000000000e+05 8.241090000000000000e+05
8.279930000000000000e+05 8.280930000000000000e+05
8.316700000000000000e+05 8.319200000000000000e+05
8.330280000000000000e+05 8.332220000000000000e+05
8.380820000000000000e+05 8.382260000000000000e+05
8.395870000000000000e+05 8.399090000000000000e+05
8.418430000000000000e+05 8.421430000000000000e+05
8.462840000000000000e+05 8.463830000000000000e+05
8.473200000000000000e+05 8.474650000000000000e+05
8.485280000000000000e+05 8.487160000000000000e+05
8.507260000000000000e+05 8.508260000000000000e+05
8.557570000000000000e+05 8.559450000000000000e+05
8.585150000000000000e+05 8.586980000000000000e+05
8.606590000000000000e+05 8.608090000000000000e+05
8.691260000000000000e+05 8.692820000000000000e+05
8.736730000000000000e+05 8.737880000000000000e+05
8.905540000000000000e+05 8.909540000000000000e+05
8.917150000000000000e+05 8.920980000000000000e+05
8.925150000000000000e+05 8.927510000000000000e+05
8.930540000000000000e+05 8.931590000000000000e+05
8.937080000000000000e+05 8.943780000000000000e+05
8.956260000000000000e+05 8.958260000000000000e+05
8.962920000000000000e+05 8.967050000000000000e+05
8.973590000000000000e+05 8.976040000000000000e+05
8.980260000000000000e+05 8.982200000000000000e+05
8.989650000000000000e+05 8.992900000000000000e+05
9.000270000000000000e+05 9.005080000000000000e+05
9.009650000000000000e+05 9.013650000000000000e+05
9.028860000000000000e+05 9.033620000000000000e+05
9.039580000000000000e+05 9.046850000000000000e+05
9.053340000000000000e+05 9.057790000000000000e+05
9.066160000000000000e+05 9.068040000000000000e+05
9.092050000000000000e+05 9.095920000000000000e+05
9.097860000000000000e+05 9.099160000000000000e+05
9.232320000000000000e+05 9.234150000000000000e+05
9.276600000000000000e+05 9.278800000000000000e+05
9.288060000000000000e+05 9.290570000000000000e+05
9.294860000000000000e+05 9.297940000000000000e+05
9.319760000000000000e+05 9.323590000000000000e+05
9.332630000000000000e+05 9.335710000000000000e+05
9.344810000000000000e+05 9.346800000000000000e+05
9.433060000000000000e+05 9.435570000000000000e+05
9.443520000000000000e+05 9.446770000000000000e+05
9.474180000000000000e+05 9.476220000000000000e+05
9.495620000000000000e+05 9.498240000000000000e+05
9.512780000000000000e+05 9.514670000000000000e+05
9.519220000000000000e+05 9.522150000000000000e+05
9.529730000000000000e+05 9.531040000000000000e+05
9.536740000000000000e+05 9.537630000000000000e+05
9.549980000000000000e+05 9.555420000000000000e+05
9.565430000000000000e+05 9.566930000000000000e+05
9.577860000000000000e+05 9.583510000000000000e+05
9.588740000000000000e+05 9.593440000000000000e+05
9.595650000000000000e+05 9.597200000000000000e+05
9.602950000000000000e+05 9.609380000000000000e+05
9.615560000000000000e+05 9.619190000000000000e+05
9.624150000000000000e+05 9.626040000000000000e+05
9.628020000000000000e+05 9.631320000000000000e+05
9.639690000000000000e+05 9.644810000000000000e+05
9.653240000000000000e+05 9.657210000000000000e+05
9.664220000000000000e+05 9.668350000000000000e+05
9.670390000000000000e+05 9.672750000000000000e+05
9.682010000000000000e+05 9.688600000000000000e+05
9.695350000000000000e+05 9.700580000000000000e+05
9.710410000000000000e+05 9.716270000000000000e+05
9.721760000000000000e+05 9.725580000000000000e+05
9.734630000000000000e+05 9.742790000000000000e+05
9.747290000000000000e+05 9.750430000000000000e+05
9.755240000000000000e+05 9.760680000000000000e+05
9.774910000000000000e+05 9.777320000000000000e+05
9.785590000000000000e+05 9.788260000000000000e+05
9.793170000000000000e+05 9.797610000000000000e+05
9.804260000000000000e+05 9.805140000000000000e+05
9.826910000000000000e+05 9.831880000000000000e+05
9.853790000000000000e+05 9.857870000000000000e+05
9.862270000000000000e+05 9.865140000000000000e+05
9.872680000000000000e+05 9.873930000000000000e+05
9.874980000000000000e+05 9.877070000000000000e+05
9.887320000000000000e+05 9.889780000000000000e+05
9.905560000000000000e+05 9.909160000000000000e+05
9.913240000000000000e+05 9.919890000000000000e+05
9.938590000000000000e+05 9.941540000000000000e+05
9.989960000000000000e+05 9.999640000000000000e+05
1.001448000000000000e+06 1.001604000000000000e+06
1.002540000000000000e+06 1.002828000000000000e+06
1.003746000000000000e+06 1.003955000000000000e+06
1.004713000000000000e+06 1.005226000000000000e+06
1.006178000000000000e+06 1.006607000000000000e+06
1.007245000000000000e+06 1.007554000000000000e+06
1.009562000000000000e+06 1.009840000000000000e+06
1.010614000000000000e+06 1.011142000000000000e+06
1.012905000000000000e+06 1.013674000000000000e+06
1.014137000000000000e+06 1.014443000000000000e+06
1.014887000000000000e+06 1.015059000000000000e+06
1.016265000000000000e+06 1.016409000000000000e+06
1.016865000000000000e+06 1.017440000000000000e+06
1.017854000000000000e+06 1.018236000000000000e+06
1.018900000000000000e+06 1.019501000000000000e+06
1.020422000000000000e+06 1.021024000000000000e+06
1.022488000000000000e+06 1.023095000000000000e+06
1.023893000000000000e+06 1.024426000000000000e+06
1.025350000000000000e+06 1.025606000000000000e+06
1.026804000000000000e+06 1.027426000000000000e+06
1.028332000000000000e+06 1.028604000000000000e+06
1.030020000000000000e+06 1.030359000000000000e+06
1.030832000000000000e+06 1.031159000000000000e+06
1.031582000000000000e+06 1.032184000000000000e+06
1.032812000000000000e+06 1.033141000000000000e+06
1.038713000000000000e+06 1.039107000000000000e+06
1.039782000000000000e+06 1.040087000000000000e+06
1.041432000000000000e+06 1.041726000000000000e+06
1.042493000000000000e+06 1.043054000000000000e+06
1.047265000000000000e+06 1.047569000000000000e+06
1.048855000000000000e+06 1.049075000000000000e+06
1.051068000000000000e+06 1.051874000000000000e+06
1.068432000000000000e+06 1.068670000000000000e+06
1.075795000000000000e+06 1.076114000000000000e+06
1.078309000000000000e+06 1.078904000000000000e+06
1.079393000000000000e+06 1.079515000000000000e+06
1.539773000000000000e+06 1.540089000000000000e+06
1.545053000000000000e+06 1.545388000000000000e+06
1.547693000000000000e+06 1.547932000000000000e+06
1.549426000000000000e+06 1.549620000000000000e+06
1.552403000000000000e+06 1.552534000000000000e+06
1.556661000000000000e+06 1.556949000000000000e+06
1.557629000000000000e+06 1.557948000000000000e+06
1.558806000000000000e+06 1.558973000000000000e+06
1.559109000000000000e+06 1.559397000000000000e+06
1.560365000000000000e+06 1.560490000000000000e+06
1.570770000000000000e+06 1.570970000000000000e+06
1.578048000000000000e+06 1.578309000000000000e+06
1.578593000000000000e+06 1.578987000000000000e+06
1.579670000000000000e+06 1.579882000000000000e+06
1.580337000000000000e+06 1.580687000000000000e+06
1.581664000000000000e+06 1.582033000000000000e+06
1.582848000000000000e+06 1.583215000000000000e+06
1.584689000000000000e+06 1.584872000000000000e+06
1.585923000000000000e+06 1.586541000000000000e+06
1.588404000000000000e+06 1.588515000000000000e+06
1.590276000000000000e+06 1.590731000000000000e+06
1.591191000000000000e+06 1.591264000000000000e+06
1.592771000000000000e+06 1.593058000000000000e+06
1.593532000000000000e+06 1.593609000000000000e+06
1.594932000000000000e+06 1.595148000000000000e+06
1.596668000000000000e+06 1.597160000000000000e+06
1.597751000000000000e+06 1.598133000000000000e+06
1.599198000000000000e+06 1.599604000000000000e+06
1.600220000000000000e+06 1.600351000000000000e+06
1.600454000000000000e+06 1.600748000000000000e+06
1.601378000000000000e+06 1.601656000000000000e+06
1.601943000000000000e+06 1.602115000000000000e+06
1.602488000000000000e+06 1.602733000000000000e+06
1.603068000000000000e+06 1.603283000000000000e+06
1.603947000000000000e+06 1.604067000000000000e+06
1.604397000000000000e+06 1.604700000000000000e+06
1.605270000000000000e+06 1.605710000000000000e+06
1.606043000000000000e+06 1.606198000000000000e+06
1.609020000000000000e+06 1.609165000000000000e+06
1.609254000000000000e+06 1.609543000000000000e+06
1.610015000000000000e+06 1.610256000000000000e+06
1.611704000000000000e+06 1.612087000000000000e+06
1.614904000000000000e+06 1.615004000000000000e+06
1.617762000000000000e+06 1.618149000000000000e+06
1.618808000000000000e+06 1.618986000000000000e+06
1.620210000000000000e+06 1.620420000000000000e+06
1.620920000000000000e+06 1.621159000000000000e+06
1.623898000000000000e+06 1.624087000000000000e+06
1.625120000000000000e+06 1.625426000000000000e+06
1.626354000000000000e+06 1.626537000000000000e+06
1.627670000000000000e+06 1.627921000000000000e+06
1.629326000000000000e+06 1.629459000000000000e+06
1.631038000000000000e+06 1.631494000000000000e+06
1.631745000000000000e+06 1.631928000000000000e+06
1.632603000000000000e+06 1.632833000000000000e+06
1.635348000000000000e+06 1.635615000000000000e+06
1.636270000000000000e+06 1.636520000000000000e+06
1.637304000000000000e+06 1.637632000000000000e+06
1.638182000000000000e+06 1.638298000000000000e+06
1.639549000000000000e+06 1.639659000000000000e+06
1.642854000000000000e+06 1.642976000000000000e+06
1.645832000000000000e+06 1.646043000000000000e+06
1.646665000000000000e+06 1.647009000000000000e+06
1.648070000000000000e+06 1.648376000000000000e+06
1.649398000000000000e+06 1.649570000000000000e+06
1.650420000000000000e+06 1.650550000000000000e+06
1.652412000000000000e+06 1.652705000000000000e+06
1.653626000000000000e+06 1.653762000000000000e+06
1.653854000000000000e+06 1.654026000000000000e+06
1.654981000000000000e+06 1.655106000000000000e+06
1.655437000000000000e+06 1.655854000000000000e+06
1.657544000000000000e+06 1.657999000000000000e+06
1.658709000000000000e+06 1.659009000000000000e+06
1.661287000000000000e+06 1.661407000000000000e+06
1.662193000000000000e+06 1.662498000000000000e+06
1.666882000000000000e+06 1.667026000000000000e+06
1.667659000000000000e+06 1.667726000000000000e+06
1.670028000000000000e+06 1.670216000000000000e+06
1.671189000000000000e+06 1.671545000000000000e+06
1.675766000000000000e+06 1.675908000000000000e+06
1.676096000000000000e+06 1.676248000000000000e+06
1.679279000000000000e+06 1.679541000000000000e+06
1.679802000000000000e+06 1.680179000000000000e+06
1.681848000000000000e+06 1.681987000000000000e+06
1.682115000000000000e+06 1.682276000000000000e+06
1.684803000000000000e+06 1.685096000000000000e+06
1.690583000000000000e+06 1.690855000000000000e+06
1.691164000000000000e+06 1.691316000000000000e+06
1.693455000000000000e+06 1.693596000000000000e+06
1.694350000000000000e+06 1.694569000000000000e+06
1.694611000000000000e+06 1.694658000000000000e+06
1.695443000000000000e+06 1.695794000000000000e+06
1.696374000000000000e+06 1.696594000000000000e+06
1.697698000000000000e+06 1.697771000000000000e+06
1.700677000000000000e+06 1.701006000000000000e+06
1.701597000000000000e+06 1.701775000000000000e+06
1.702727000000000000e+06 1.702984000000000000e+06
1.705657000000000000e+06 1.705960000000000000e+06
1.707943000000000000e+06 1.708109000000000000e+06
1.709295000000000000e+06 1.709745000000000000e+06
1.709849000000000000e+06 1.709970000000000000e+06
1.710565000000000000e+06 1.710793000000000000e+06
1.711670000000000000e+06 1.711926000000000000e+06
1.715237000000000000e+06 1.715499000000000000e+06
1.716315000000000000e+06 1.716448000000000000e+06
1.717315000000000000e+06 1.717598000000000000e+06
1.719532000000000000e+06 1.719647000000000000e+06
1.720442000000000000e+06 1.720552000000000000e+06
1.721216000000000000e+06 1.721426000000000000e+06
1.722015000000000000e+06 1.722159000000000000e+06
1.723178000000000000e+06 1.723392000000000000e+06
1.723832000000000000e+06 1.724224000000000000e+06
1.724576000000000000e+06 1.724698000000000000e+06
1.725856000000000000e+06 1.725945000000000000e+06
1.726599000000000000e+06 1.726944000000000000e+06
1.728826000000000000e+06 1.728948000000000000e+06
1.730226000000000000e+06 1.730354000000000000e+06
1.731365000000000000e+06 1.731474000000000000e+06
1.732521000000000000e+06 1.732845000000000000e+06
1.733693000000000000e+06 1.733843000000000000e+06
1.734655000000000000e+06 1.734901000000000000e+06
1.736245000000000000e+06 1.736548000000000000e+06
1.738415000000000000e+06 1.738587000000000000e+06
1.739615000000000000e+06 1.739704000000000000e+06
1.739787000000000000e+06 1.739893000000000000e+06
1.740540000000000000e+06 1.740728000000000000e+06
1.741011000000000000e+06 1.741225000000000000e+06
1.742556000000000000e+06 1.742844000000000000e+06
1.743440000000000000e+06 1.743592000000000000e+06
1.743720000000000000e+06 1.743887000000000000e+06
1.744000000000000000e+06 1.744246000000000000e+06
1.745521000000000000e+06 1.745666000000000000e+06
1.748242000000000000e+06 1.748494000000000000e+06
1.751454000000000000e+06 1.751616000000000000e+06
1.753343000000000000e+06 1.753646000000000000e+06
1.754080000000000000e+06 1.754295000000000000e+06
1.755298000000000000e+06 1.755443000000000000e+06
1.756209000000000000e+06 1.756392000000000000e+06
1.758626000000000000e+06 1.758726000000000000e+06
1.759537000000000000e+06 1.759687000000000000e+06
1.761367000000000000e+06 1.761540000000000000e+06
1.762534000000000000e+06 1.762921000000000000e+06
1.764859000000000000e+06 1.764998000000000000e+06
1.767514000000000000e+06 1.767969000000000000e+06
1.770061000000000000e+06 1.770255000000000000e+06
1.773236000000000000e+06 1.773503000000000000e+06
1.774000000000000000e+06 1.774136000000000000e+06
1.775177000000000000e+06 1.775460000000000000e+06
1.776737000000000000e+06 1.776854000000000000e+06
1.779132000000000000e+06 1.779357000000000000e+06
1.781493000000000000e+06 1.781604000000000000e+06
1.781920000000000000e+06 1.782176000000000000e+06
1.787083000000000000e+06 1.787266000000000000e+06
1.788032000000000000e+06 1.788176000000000000e+06
1.789102000000000000e+06 1.789353000000000000e+06
1.790020000000000000e+06 1.790182000000000000e+06
1.792319000000000000e+06 1.792649000000000000e+06
1.793320000000000000e+06 1.793420000000000000e+06
1.794511000000000000e+06 1.794731000000000000e+06
1.795487000000000000e+06 1.795765000000000000e+06
1.799671000000000000e+06 1.799959000000000000e+06
1.802266000000000000e+06 1.802616000000000000e+06
1.804359000000000000e+06 1.804670000000000000e+06
1.805274000000000000e+06 1.805457000000000000e+06
1.806670000000000000e+06 1.806776000000000000e+06
1.809387000000000000e+06 1.809593000000000000e+06
1.811462000000000000e+06 1.811776000000000000e+06
1.812341000000000000e+06 1.812488000000000000e+06
1.814985000000000000e+06 1.815210000000000000e+06
1.816583000000000000e+06 1.816740000000000000e+06
1.824520000000000000e+06 1.824720000000000000e+06
1.825043000000000000e+06 1.825165000000000000e+06
1.825959000000000000e+06 1.826093000000000000e+06
1.826709000000000000e+06 1.826837000000000000e+06
1.826915000000000000e+06 1.827043000000000000e+06
1.828315000000000000e+06 1.828404000000000000e+06
1.829635000000000000e+06 1.829792000000000000e+06
1.830404000000000000e+06 1.830537000000000000e+06
1.831432000000000000e+06 1.831620000000000000e+06
1.834587000000000000e+06 1.834759000000000000e+06
1.836737000000000000e+06 1.837004000000000000e+06
1.856882000000000000e+06 1.856965000000000000e+06
1.857569000000000000e+06 1.857668000000000000e+06
1.859593000000000000e+06 1.859985000000000000e+06
1.861706000000000000e+06 1.861952000000000000e+06
1.863291000000000000e+06 1.863631000000000000e+06
1.873593000000000000e+06 1.873754000000000000e+06
1.923476000000000000e+06 1.923815000000000000e+06
1.925290000000000000e+06 1.925399000000000000e+06
1.930870000000000000e+06 1.931137000000000000e+06
1.935426000000000000e+06 1.935554000000000000e+06
1.938048000000000000e+06 1.938382000000000000e+06
1.939432000000000000e+06 1.939893000000000000e+06
1.941359000000000000e+06 1.941582000000000000e+06
1.961101000000000000e+06 1.961290000000000000e+06
1.962231000000000000e+06 1.962461000000000000e+06
1.964924000000000000e+06 1.965063000000000000e+06
1.965529000000000000e+06 1.965707000000000000e+06
1.967813000000000000e+06 1.967933000000000000e+06
1.969508000000000000e+06 1.970004000000000000e+06
