5.040000000000000000e+02 8.480000000000000000e+02 1.000000000000000000e+00
2.037000000000000000e+03 2.248000000000000000e+03 1.000000000000000000e+00
3.532000000000000000e+03 3.676000000000000000e+03 2.000000000000000000e+00
6.282000000000000000e+03 6.404000000000000000e+03 1.000000000000000000e+00
6.976000000000000000e+03 7.359000000000000000e+03 1.000000000000000000e+00
7.827000000000000000e+03 7.994000000000000000e+03 1.000000000000000000e+00
8.639000000000000000e+03 8.869000000000000000e+03 2.000000000000000000e+00
1.138100000000000000e+04 1.148000000000000000e+04 1.000000000000000000e+00
1.192200000000000000e+04 1.219400000000000000e+04 1.000000000000000000e+00
1.533100000000000000e+04 1.558300000000000000e+04 2.000000000000000000e+00
1.780200000000000000e+04 1.790200000000000000e+04 1.000000000000000000e+00
1.938700000000000000e+04 1.950900000000000000e+04 1.000000000000000000e+00
2.044800000000000000e+04 2.069300000000000000e+04 2.000000000000000000e+00
2.296400000000000000e+04 2.309400000000000000e+04 1.000000000000000000e+00
2.587600000000000000e+04 2.615400000000000000e+04 2.000000000000000000e+00
2.639700000000000000e+04 2.656800000000000000e+04 2.000000000000000000e+00
2.666500000000000000e+04 2.699300000000000000e+04 2.000000000000000000e+00
2.761000000000000000e+04 2.777100000000000000e+04 1.000000000000000000e+00
2.790400000000000000e+04 2.810900000000000000e+04 1.000000000000000000e+00
2.901200000000000000e+04 2.917100000000000000e+04 2.000000000000000000e+00
2.933700000000000000e+04 2.943200000000000000e+04 1.000000000000000000e+00
3.107000000000000000e+04 3.144300000000000000e+04 1.000000000000000000e+00
3.215400000000000000e+04 3.249800000000000000e+04 1.000000000000000000e+00
3.346500000000000000e+04 3.364300000000000000e+04 1.000000000000000000e+00
3.397600000000000000e+04 3.413200000000000000e+04 1.000000000000000000e+00
3.607600000000000000e+04 3.617600000000000000e+04 1.000000000000000000e+00
3.649300000000000000e+04 3.678700000000000000e+04 1.000000000000000000e+00
3.808200000000000000e+04 3.833200000000000000e+04 1.000000000000000000e+00
3.906700000000000000e+04 3.921300000000000000e+04 1.000000000000000000e+00
4.075900000000000000e+04 4.087400000000000000e+04 1.000000000000000000e+00
4.187000000000000000e+04 4.203700000000000000e+04 1.000000000000000000e+00
4.243200000000000000e+04 4.266900000000000000e+04 1.000000000000000000e+00
4.342600000000000000e+04 4.376500000000000000e+04 1.000000000000000000e+00
4.428700000000000000e+04 4.450900000000000000e+04 1.000000000000000000e+00
4.568200000000000000e+04 4.617600000000000000e+04 1.000000000000000000e+00
4.742600000000000000e+04 4.763200000000000000e+04 1.000000000000000000e+00
4.820200000000000000e+04 4.838300000000000000e+04 1.000000000000000000e+00
4.910900000000000000e+04 4.920900000000000000e+04 2.000000000000000000e+00
5.099300000000000000e+04 5.121500000000000000e+04 2.000000000000000000e+00
5.190900000000000000e+04 5.222000000000000000e+04 2.000000000000000000e+00
5.258700000000000000e+04 5.272100000000000000e+04 2.000000000000000000e+00
5.372600000000000000e+04 5.403200000000000000e+04 2.000000000000000000e+00
5.464800000000000000e+04 5.478200000000000000e+04 2.000000000000000000e+00
5.550400000000000000e+04 5.572600000000000000e+04 2.000000000000000000e+00
5.682600000000000000e+04 5.698200000000000000e+04 1.000000000000000000e+00
5.744300000000000000e+04 5.785400000000000000e+04 2.000000000000000000e+00
5.849300000000000000e+04 5.860900000000000000e+04 1.000000000000000000e+00
6.055400000000000000e+04 6.070900000000000000e+04 2.000000000000000000e+00
6.126500000000000000e+04 6.162000000000000000e+04 2.000000000000000000e+00
6.253300000000000000e+04 6.268900000000000000e+04 2.000000000000000000e+00
6.451300000000000000e+04 6.476700000000000000e+04 2.000000000000000000e+00
6.648700000000000000e+04 6.660400000000000000e+04 2.000000000000000000e+00
6.805400000000000000e+04 6.842000000000000000e+04 2.000000000000000000e+00
6.919300000000000000e+04 6.941500000000000000e+04 2.000000000000000000e+00
7.509800000000000000e+04 7.544300000000000000e+04 2.000000000000000000e+00
7.642600000000000000e+04 7.672000000000000000e+04 2.000000000000000000e+00
7.749300000000000000e+04 7.785900000000000000e+04 2.000000000000000000e+00
7.832600000000000000e+04 7.858200000000000000e+04 2.000000000000000000e+00
7.957600000000000000e+04 7.975900000000000000e+04 1.000000000000000000e+00
8.026500000000000000e+04 8.058200000000000000e+04 1.000000000000000000e+00
8.147600000000000000e+04 8.154800000000000000e+04 2.000000000000000000e+00
8.219800000000000000e+04 8.255400000000000000e+04 2.000000000000000000e+00
8.419800000000000000e+04 8.464300000000000000e+04 2.000000000000000000e+00
8.503200000000000000e+04 8.534300000000000000e+04 2.000000000000000000e+00
8.652600000000000000e+04 8.694800000000000000e+04 1.000000000000000000e+00
8.752000000000000000e+04 8.782000000000000000e+04 2.000000000000000000e+00
8.839300000000000000e+04 8.865400000000000000e+04 1.000000000000000000e+00
8.950400000000000000e+04 8.977600000000000000e+04 1.000000000000000000e+00
9.053700000000000000e+04 9.078700000000000000e+04 1.000000000000000000e+00
9.143200000000000000e+04 9.163700000000000000e+04 1.000000000000000000e+00
9.753100000000000000e+04 9.766500000000000000e+04 1.000000000000000000e+00
3.539750000000000000e+05 3.541250000000000000e+05 2.000000000000000000e+00
3.549820000000000000e+05 3.552090000000000000e+05 2.000000000000000000e+00
3.556590000000000000e+05 3.559820000000000000e+05 2.000000000000000000e+00
3.566840000000000000e+05 3.567790000000000000e+05 1.000000000000000000e+00
3.639320000000000000e+05 3.641930000000000000e+05 2.000000000000000000e+00
3.669290000000000000e+05 3.672120000000000000e+05 2.000000000000000000e+00
3.700590000000000000e+05 3.703460000000000000e+05 2.000000000000000000e+00
3.706560000000000000e+05 3.710500000000000000e+05 2.000000000000000000e+00
3.745870000000000000e+05 3.749320000000000000e+05 2.000000000000000000e+00
3.758590000000000000e+05 3.763040000000000000e+05 2.000000000000000000e+00
3.773320000000000000e+05 3.774940000000000000e+05 1.000000000000000000e+00
3.783370000000000000e+05 3.789590000000000000e+05 2.000000000000000000e+00
3.800870000000000000e+05 3.807150000000000000e+05 2.000000000000000000e+00
3.817350000000000000e+05 3.819710000000000000e+05 2.000000000000000000e+00
3.821380000000000000e+05 3.825030000000000000e+05 2.000000000000000000e+00
3.830320000000000000e+05 3.833040000000000000e+05 2.000000000000000000e+00
3.835760000000000000e+05 3.838090000000000000e+05 2.000000000000000000e+00
3.856370000000000000e+05 3.858480000000000000e+05 2.000000000000000000e+00
3.860030000000000000e+05 3.863090000000000000e+05 2.000000000000000000e+00
3.867700000000000000e+05 3.870700000000000000e+05 2.000000000000000000e+00
3.887870000000000000e+05 3.894090000000000000e+05 2.000000000000000000e+00
3.899950000000000000e+05 3.901490000000000000e+05 1.000000000000000000e+00
3.910320000000000000e+05 3.912540000000000000e+05 2.000000000000000000e+00
3.915480000000000000e+05 3.917150000000000000e+05 2.000000000000000000e+00
3.919620000000000000e+05 3.921190000000000000e+05 2.000000000000000000e+00
3.926820000000000000e+05 3.928430000000000000e+05 2.000000000000000000e+00
3.950000000000000000e+05 3.951940000000000000e+05 2.000000000000000000e+00
3.959770000000000000e+05 3.962060000000000000e+05 2.000000000000000000e+00
3.962680000000000000e+05 3.963980000000000000e+05 2.000000000000000000e+00
3.965450000000000000e+05 3.967260000000000000e+05 2.000000000000000000e+00
3.976700000000000000e+05 3.978920000000000000e+05 2.000000000000000000e+00
4.013480000000000000e+05 4.015760000000000000e+05 2.000000000000000000e+00
4.029760000000000000e+05 4.035260000000000000e+05 2.000000000000000000e+00
4.040220000000000000e+05 4.042670000000000000e+05 2.000000000000000000e+00
4.051220000000000000e+05 4.056110000000000000e+05 1.000000000000000000e+00
4.065260000000000000e+05 4.066980000000000000e+05 1.000000000000000000e+00
4.088820000000000000e+05 4.092040000000000000e+05 1.000000000000000000e+00
4.108430000000000000e+05 4.110760000000000000e+05 1.000000000000000000e+00
4.137430000000000000e+05 4.140700000000000000e+05 2.000000000000000000e+00
4.154080000000000000e+05 4.155930000000000000e+05 2.000000000000000000e+00
4.162370000000000000e+05 4.164870000000000000e+05 2.000000000000000000e+00
4.185200000000000000e+05 4.188590000000000000e+05 2.000000000000000000e+00
4.198320000000000000e+05 4.203540000000000000e+05 1.000000000000000000e+00
4.216840000000000000e+05 4.218760000000000000e+05 2.000000000000000000e+00
4.230040000000000000e+05 4.234200000000000000e+05 2.000000000000000000e+00
4.240130000000000000e+05 4.242860000000000000e+05 2.000000000000000000e+00
4.262180000000000000e+05 4.263440000000000000e+05 1.000000000000000000e+00
4.275280000000000000e+05 4.278000000000000000e+05 2.000000000000000000e+00
4.282430000000000000e+05 4.284870000000000000e+05 2.000000000000000000e+00
4.289980000000000000e+05 4.292370000000000000e+05 2.000000000000000000e+00
4.308160000000000000e+05 4.309000000000000000e+05 1.000000000000000000e+00
4.313460000000000000e+05 4.316140000000000000e+05 2.000000000000000000e+00
4.347370000000000000e+05 4.351150000000000000e+05 2.000000000000000000e+00
4.357670000000000000e+05 4.359710000000000000e+05 2.000000000000000000e+00
4.369930000000000000e+05 4.372320000000000000e+05 2.000000000000000000e+00
4.384940000000000000e+05 4.385870000000000000e+05 2.000000000000000000e+00
4.390660000000000000e+05 4.394580000000000000e+05 1.000000000000000000e+00
4.400000000000000000e+05 4.403980000000000000e+05 2.000000000000000000e+00
4.433030000000000000e+05 4.435120000000000000e+05 1.000000000000000000e+00
4.442550000000000000e+05 4.446520000000000000e+05 1.000000000000000000e+00
4.449650000000000000e+05 4.451820000000000000e+05 1.000000000000000000e+00
4.468980000000000000e+05 4.471180000000000000e+05 2.000000000000000000e+00
4.474930000000000000e+05 4.476590000000000000e+05 2.000000000000000000e+00
4.481600000000000000e+05 4.485250000000000000e+05 1.000000000000000000e+00
4.494540000000000000e+05 4.497040000000000000e+05 1.000000000000000000e+00
4.500000000000000000e+05 4.504070000000000000e+05 1.000000000000000000e+00
4.528470000000000000e+05 4.532780000000000000e+05 1.000000000000000000e+00
4.538640000000000000e+05 4.540260000000000000e+05 1.000000000000000000e+00
4.548650000000000000e+05 4.549820000000000000e+05 1.000000000000000000e+00
4.563200000000000000e+05 4.565040000000000000e+05 1.000000000000000000e+00
4.577200000000000000e+05 4.581650000000000000e+05 2.000000000000000000e+00
4.591320000000000000e+05 4.595590000000000000e+05 1.000000000000000000e+00
4.597910000000000000e+05 4.599430000000000000e+05 1.000000000000000000e+00
4.610700000000000000e+05 4.614320000000000000e+05 1.000000000000000000e+00
4.621550000000000000e+05 4.624330000000000000e+05 1.000000000000000000e+00
4.634980000000000000e+05 4.638320000000000000e+05 1.000000000000000000e+00
4.651090000000000000e+05 4.652930000000000000e+05 1.000000000000000000e+00
4.678760000000000000e+05 4.680150000000000000e+05 2.000000000000000000e+00
4.710700000000000000e+05 4.714200000000000000e+05 2.000000000000000000e+00
4.715150000000000000e+05 4.717260000000000000e+05 2.000000000000000000e+00
4.724970000000000000e+05 4.726590000000000000e+05 1.000000000000000000e+00
4.735650000000000000e+05 4.739540000000000000e+05 2.000000000000000000e+00
4.747180000000000000e+05 4.749110000000000000e+05 2.000000000000000000e+00
4.753480000000000000e+05 4.759700000000000000e+05 2.000000000000000000e+00
4.767370000000000000e+05 4.768520000000000000e+05 1.000000000000000000e+00
4.776750000000000000e+05 4.778300000000000000e+05 2.000000000000000000e+00
4.786380000000000000e+05 4.788580000000000000e+05 2.000000000000000000e+00
4.797480000000000000e+05 4.802320000000000000e+05 2.000000000000000000e+00
4.803500000000000000e+05 4.806330000000000000e+05 2.000000000000000000e+00
4.810770000000000000e+05 4.813830000000000000e+05 2.000000000000000000e+00
4.820700000000000000e+05 4.823980000000000000e+05 2.000000000000000000e+00
4.835190000000000000e+05 4.837510000000000000e+05 2.000000000000000000e+00
4.865870000000000000e+05 4.870150000000000000e+05 1.000000000000000000e+00
4.927950000000000000e+05 4.930690000000000000e+05 1.000000000000000000e+00
4.941430000000000000e+05 4.944200000000000000e+05 2.000000000000000000e+00
4.948260000000000000e+05 4.952650000000000000e+05 2.000000000000000000e+00
4.961480000000000000e+05 4.962760000000000000e+05 1.000000000000000000e+00
4.969930000000000000e+05 4.974590000000000000e+05 1.000000000000000000e+00
4.979760000000000000e+05 4.981540000000000000e+05 1.000000000000000000e+00
4.993130000000000000e+05 4.994450000000000000e+05 1.000000000000000000e+00
5.003040000000000000e+05 5.005650000000000000e+05 1.000000000000000000e+00
5.007980000000000000e+05 5.010700000000000000e+05 1.000000000000000000e+00
5.015130000000000000e+05 5.016840000000000000e+05 1.000000000000000000e+00
5.019430000000000000e+05 5.022250000000000000e+05 1.000000000000000000e+00
5.023650000000000000e+05 5.026590000000000000e+05 1.000000000000000000e+00
5.034200000000000000e+05 5.038260000000000000e+05 2.000000000000000000e+00
5.043150000000000000e+05 5.046370000000000000e+05 2.000000000000000000e+00
5.050480000000000000e+05 5.051870000000000000e+05 1.000000000000000000e+00
5.057660000000000000e+05 5.060800000000000000e+05 1.000000000000000000e+00
5.068870000000000000e+05 5.070870000000000000e+05 2.000000000000000000e+00
5.077930000000000000e+05 5.080820000000000000e+05 2.000000000000000000e+00
5.089090000000000000e+05 5.091540000000000000e+05 2.000000000000000000e+00
5.092760000000000000e+05 5.094980000000000000e+05 2.000000000000000000e+00
5.101150000000000000e+05 5.105700000000000000e+05 2.000000000000000000e+00
5.112370000000000000e+05 5.116260000000000000e+05 2.000000000000000000e+00
5.123930000000000000e+05 5.127320000000000000e+05 1.000000000000000000e+00
5.133480000000000000e+05 5.135370000000000000e+05 2.000000000000000000e+00
5.150480000000000000e+05 5.154370000000000000e+05 2.000000000000000000e+00
5.159930000000000000e+05 5.161930000000000000e+05 1.000000000000000000e+00
5.193260000000000000e+05 5.196370000000000000e+05 2.000000000000000000e+00
5.214540000000000000e+05 5.217930000000000000e+05 2.000000000000000000e+00
5.259010000000000000e+05 5.262880000000000000e+05 1.000000000000000000e+00
5.291280000000000000e+05 5.293460000000000000e+05 2.000000000000000000e+00
5.302480000000000000e+05 5.305700000000000000e+05 2.000000000000000000e+00
5.327650000000000000e+05 5.329540000000000000e+05 2.000000000000000000e+00
5.331040000000000000e+05 5.335930000000000000e+05 2.000000000000000000e+00
5.339080000000000000e+05 5.341730000000000000e+05 2.000000000000000000e+00
5.346150000000000000e+05 5.348200000000000000e+05 2.000000000000000000e+00
5.351320000000000000e+05 5.352870000000000000e+05 1.000000000000000000e+00
5.373590000000000000e+05 5.376200000000000000e+05 2.000000000000000000e+00
5.390430000000000000e+05 5.391980000000000000e+05 2.000000000000000000e+00
5.440200000000000000e+05 5.442370000000000000e+05 1.000000000000000000e+00
5.472980000000000000e+05 5.475040000000000000e+05 2.000000000000000000e+00
5.493650000000000000e+05 5.495320000000000000e+05 1.000000000000000000e+00
5.515590000000000000e+05 5.520320000000000000e+05 2.000000000000000000e+00
5.531480000000000000e+05 5.534320000000000000e+05 2.000000000000000000e+00
5.549320000000000000e+05 5.551430000000000000e+05 1.000000000000000000e+00
5.576820000000000000e+05 5.579200000000000000e+05 2.000000000000000000e+00
5.585660000000000000e+05 5.587010000000000000e+05 2.000000000000000000e+00
5.598820000000000000e+05 5.602320000000000000e+05 2.000000000000000000e+00
5.613280000000000000e+05 5.614900000000000000e+05 1.000000000000000000e+00
5.631370000000000000e+05 5.632820000000000000e+05 2.000000000000000000e+00
5.645980000000000000e+05 5.648090000000000000e+05 2.000000000000000000e+00
5.653980000000000000e+05 5.655700000000000000e+05 1.000000000000000000e+00
5.656930000000000000e+05 5.658650000000000000e+05 1.000000000000000000e+00
5.663480000000000000e+05 5.665820000000000000e+05 2.000000000000000000e+00
5.679150000000000000e+05 5.682650000000000000e+05 1.000000000000000000e+00
5.695650000000000000e+05 5.699480000000000000e+05 1.000000000000000000e+00
5.715700000000000000e+05 5.718700000000000000e+05 1.000000000000000000e+00
5.731540000000000000e+05 5.733980000000000000e+05 1.000000000000000000e+00
5.741650000000000000e+05 5.744480000000000000e+05 1.000000000000000000e+00
5.754930000000000000e+05 5.758040000000000000e+05 1.000000000000000000e+00
5.769590000000000000e+05 5.772760000000000000e+05 1.000000000000000000e+00
5.785880000000000000e+05 5.789960000000000000e+05 1.000000000000000000e+00
5.831200000000000000e+05 5.833040000000000000e+05 2.000000000000000000e+00
5.839090000000000000e+05 5.842870000000000000e+05 2.000000000000000000e+00
5.848540000000000000e+05 5.851090000000000000e+05 2.000000000000000000e+00
5.858700000000000000e+05 5.862040000000000000e+05 1.000000000000000000e+00
5.871150000000000000e+05 5.873040000000000000e+05 2.000000000000000000e+00
5.881150000000000000e+05 5.882590000000000000e+05 2.000000000000000000e+00
5.890770000000000000e+05 5.892950000000000000e+05 2.000000000000000000e+00
5.900870000000000000e+05 5.907200000000000000e+05 2.000000000000000000e+00
5.925480000000000000e+05 5.927820000000000000e+05 2.000000000000000000e+00
5.932760000000000000e+05 5.936760000000000000e+05 2.000000000000000000e+00
5.942980000000000000e+05 5.945980000000000000e+05 2.000000000000000000e+00
5.959460000000000000e+05 5.960970000000000000e+05 2.000000000000000000e+00
5.970820000000000000e+05 5.972700000000000000e+05 1.000000000000000000e+00
5.982480000000000000e+05 5.984870000000000000e+05 2.000000000000000000e+00
5.997650000000000000e+05 6.000820000000000000e+05 1.000000000000000000e+00
6.020590000000000000e+05 6.023040000000000000e+05 2.000000000000000000e+00
6.033760000000000000e+05 6.035260000000000000e+05 1.000000000000000000e+00
6.042760000000000000e+05 6.044650000000000000e+05 2.000000000000000000e+00
6.077470000000000000e+05 6.079580000000000000e+05 1.000000000000000000e+00
6.132700000000000000e+05 6.134870000000000000e+05 1.000000000000000000e+00
6.146590000000000000e+05 6.147870000000000000e+05 1.000000000000000000e+00
6.155260000000000000e+05 6.156870000000000000e+05 1.000000000000000000e+00
6.169430000000000000e+05 6.170650000000000000e+05 2.000000000000000000e+00
6.173200000000000000e+05 6.175260000000000000e+05 1.000000000000000000e+00
6.187820000000000000e+05 6.191480000000000000e+05 1.000000000000000000e+00
6.231420000000000000e+05 6.232670000000000000e+05 1.000000000000000000e+00
6.249870000000000000e+05 6.251320000000000000e+05 2.000000000000000000e+00
6.259090000000000000e+05 6.264150000000000000e+05 1.000000000000000000e+00
6.274320000000000000e+05 6.276590000000000000e+05 2.000000000000000000e+00
6.280150000000000000e+05 6.281870000000000000e+05 1.000000000000000000e+00
6.288800000000000000e+05 6.291190000000000000e+05 2.000000000000000000e+00
6.296870000000000000e+05 6.298540000000000000e+05 2.000000000000000000e+00
6.317980000000000000e+05 6.322760000000000000e+05 1.000000000000000000e+00
6.333760000000000000e+05 6.336370000000000000e+05 2.000000000000000000e+00
6.354040000000000000e+05 6.355590000000000000e+05 2.000000000000000000e+00
6.360070000000000000e+05 6.361110000000000000e+05 2.000000000000000000e+00
6.414930000000000000e+05 6.418980000000000000e+05 2.000000000000000000e+00
6.434820000000000000e+05 6.436650000000000000e+05 1.000000000000000000e+00
6.446190000000000000e+05 6.451420000000000000e+05 1.000000000000000000e+00
6.454930000000000000e+05 6.457430000000000000e+05 1.000000000000000000e+00
6.464980000000000000e+05 6.466590000000000000e+05 1.000000000000000000e+00
6.468160000000000000e+05 6.469210000000000000e+05 1.000000000000000000e+00
6.476650000000000000e+05 6.480090000000000000e+05 2.000000000000000000e+00
6.489540000000000000e+05 6.491760000000000000e+05 2.000000000000000000e+00
6.499680000000000000e+05 6.501400000000000000e+05 1.000000000000000000e+00
6.506200000000000000e+05 6.508090000000000000e+05 1.000000000000000000e+00
6.520430000000000000e+05 6.521980000000000000e+05 2.000000000000000000e+00
6.540090000000000000e+05 6.542150000000000000e+05 2.000000000000000000e+00
6.550320000000000000e+05 6.552820000000000000e+05 1.000000000000000000e+00
6.565200000000000000e+05 6.567150000000000000e+05 1.000000000000000000e+00
6.576930000000000000e+05 6.582430000000000000e+05 2.000000000000000000e+00
6.588090000000000000e+05 6.592370000000000000e+05 2.000000000000000000e+00
6.598430000000000000e+05 6.599430000000000000e+05 1.000000000000000000e+00
6.610320000000000000e+05 6.613150000000000000e+05 1.000000000000000000e+00
6.624700000000000000e+05 6.627700000000000000e+05 1.000000000000000000e+00
6.637370000000000000e+05 6.639480000000000000e+05 2.000000000000000000e+00
6.681260000000000000e+05 6.684700000000000000e+05 2.000000000000000000e+00
6.708040000000000000e+05 6.709260000000000000e+05 2.000000000000000000e+00
6.710430000000000000e+05 6.711200000000000000e+05 2.000000000000000000e+00
6.711510000000000000e+05 6.713720000000000000e+05 2.000000000000000000e+00
6.720780000000000000e+05 6.722790000000000000e+05 2.000000000000000000e+00
6.734430000000000000e+05 6.736540000000000000e+05 2.000000000000000000e+00
6.767870000000000000e+05 6.769700000000000000e+05 1.000000000000000000e+00
6.796930000000000000e+05 6.799030000000000000e+05 1.000000000000000000e+00
6.807090000000000000e+05 6.809200000000000000e+05 1.000000000000000000e+00
6.817480000000000000e+05 6.820540000000000000e+05 2.000000000000000000e+00
6.852930000000000000e+05 6.854760000000000000e+05 2.000000000000000000e+00
6.862260000000000000e+05 6.866090000000000000e+05 2.000000000000000000e+00
6.877090000000000000e+05 6.880200000000000000e+05 2.000000000000000000e+00
6.892040000000000000e+05 6.894540000000000000e+05 1.000000000000000000e+00
6.915090000000000000e+05 6.917540000000000000e+05 1.000000000000000000e+00
6.936840000000000000e+05 6.938880000000000000e+05 1.000000000000000000e+00
6.948280000000000000e+05 6.949290000000000000e+05 1.000000000000000000e+00
6.955050000000000000e+05 6.957310000000000000e+05 2.000000000000000000e+00
6.970320000000000000e+05 6.971700000000000000e+05 2.000000000000000000e+00
6.980040000000000000e+05 6.981980000000000000e+05 2.000000000000000000e+00
6.996370000000000000e+05 6.997980000000000000e+05 2.000000000000000000e+00
7.005540000000000000e+05 7.006820000000000000e+05 1.000000000000000000e+00
7.008040000000000000e+05 7.009200000000000000e+05 1.000000000000000000e+00
7.016650000000000000e+05 7.019150000000000000e+05 2.000000000000000000e+00
7.020540000000000000e+05 7.023540000000000000e+05 2.000000000000000000e+00
7.029700000000000000e+05 7.031090000000000000e+05 1.000000000000000000e+00
7.057930000000000000e+05 7.059480000000000000e+05 2.000000000000000000e+00
7.071370000000000000e+05 7.075090000000000000e+05 2.000000000000000000e+00
7.085150000000000000e+05 7.087090000000000000e+05 2.000000000000000000e+00
7.100200000000000000e+05 7.100780000000000000e+05 2.000000000000000000e+00
7.123040000000000000e+05 7.126090000000000000e+05 2.000000000000000000e+00
7.136930000000000000e+05 7.138590000000000000e+05 2.000000000000000000e+00
7.156090000000000000e+05 7.157540000000000000e+05 1.000000000000000000e+00
7.159870000000000000e+05 7.161650000000000000e+05 1.000000000000000000e+00
7.184700000000000000e+05 7.186090000000000000e+05 1.000000000000000000e+00
7.219820000000000000e+05 7.223650000000000000e+05 1.000000000000000000e+00
7.229700000000000000e+05 7.233320000000000000e+05 2.000000000000000000e+00
7.253870000000000000e+05 7.256590000000000000e+05 2.000000000000000000e+00
7.258270000000000000e+05 7.259520000000000000e+05 2.000000000000000000e+00
7.282350000000000000e+05 7.283470000000000000e+05 2.000000000000000000e+00
7.285140000000000000e+05 7.285930000000000000e+05 1.000000000000000000e+00
7.297540000000000000e+05 7.299820000000000000e+05 1.000000000000000000e+00
7.315820000000000000e+05 7.318760000000000000e+05 2.000000000000000000e+00
7.324150000000000000e+05 7.326040000000000000e+05 1.000000000000000000e+00
7.336200000000000000e+05 7.339540000000000000e+05 1.000000000000000000e+00
7.348590000000000000e+05 7.350870000000000000e+05 2.000000000000000000e+00
7.378930000000000000e+05 7.380930000000000000e+05 2.000000000000000000e+00
7.396710000000000000e+05 7.398030000000000000e+05 2.000000000000000000e+00
7.410930000000000000e+05 7.414760000000000000e+05 2.000000000000000000e+00
7.451880000000000000e+05 7.453660000000000000e+05 1.000000000000000000e+00
7.456320000000000000e+05 7.458260000000000000e+05 1.000000000000000000e+00
7.485260000000000000e+05 7.487870000000000000e+05 2.000000000000000000e+00
7.508590000000000000e+05 7.511430000000000000e+05 1.000000000000000000e+00
7.559940000000000000e+05 7.561610000000000000e+05 2.000000000000000000e+00
7.565090000000000000e+05 7.566200000000000000e+05 1.000000000000000000e+00
7.591320000000000000e+05 7.593930000000000000e+05 2.000000000000000000e+00
7.603040000000000000e+05 7.604600000000000000e+05 1.000000000000000000e+00
7.610570000000000000e+05 7.612290000000000000e+05 1.000000000000000000e+00
7.632650000000000000e+05 7.633760000000000000e+05 2.000000000000000000e+00
7.640860000000000000e+05 7.644880000000000000e+05 1.000000000000000000e+00
7.667480000000000000e+05 7.670200000000000000e+05 1.000000000000000000e+00
7.689370000000000000e+05 7.690520000000000000e+05 1.000000000000000000e+00
7.701770000000000000e+05 7.703290000000000000e+05 1.000000000000000000e+00
7.722280000000000000e+05 7.723110000000000000e+05 1.000000000000000000e+00
7.738540000000000000e+05 7.741980000000000000e+05 2.000000000000000000e+00
7.804320000000000000e+05 7.805370000000000000e+05 1.000000000000000000e+00
7.813430000000000000e+05 7.815370000000000000e+05 1.000000000000000000e+00
7.838760000000000000e+05 7.840040000000000000e+05 1.000000000000000000e+00
7.859040000000000000e+05 7.860480000000000000e+05 1.000000000000000000e+00
7.867430000000000000e+05 7.869150000000000000e+05 1.000000000000000000e+00
7.901960000000000000e+05 7.903580000000000000e+05 1.000000000000000000e+00
7.926540000000000000e+05 7.928870000000000000e+05 1.000000000000000000e+00
7.945370000000000000e+05 7.948150000000000000e+05 2.000000000000000000e+00
7.956700000000000000e+05 7.959320000000000000e+05 2.000000000000000000e+00
7.967200000000000000e+05 7.968760000000000000e+05 2.000000000000000000e+00
7.973100000000000000e+05 7.975040000000000000e+05 1.000000000000000000e+00
7.979370000000000000e+05 7.981090000000000000e+05 2.000000000000000000e+00
7.999700000000000000e+05 8.000760000000000000e+05 2.000000000000000000e+00
8.033150000000000000e+05 8.034370000000000000e+05 1.000000000000000000e+00
8.049980000000000000e+05 8.050820000000000000e+05 2.000000000000000000e+00
8.057320000000000000e+05 8.058820000000000000e+05 2.000000000000000000e+00
8.104930000000000000e+05 8.106260000000000000e+05 1.000000000000000000e+00
8.142280000000000000e+05 8.143270000000000000e+05 1.000000000000000000e+00
8.160930000000000000e+05 8.163260000000000000e+05 1.000000000000000000e+00
8.175480000000000000e+05 8.176370000000000000e+05 2.000000000000000000e+00
8.202690000000000000e+05 8.205440000000000000e+05 2.000000000000000000e+00
8.232150000000000000e+05 8.233430000000000000e+05 2.000000000000000000e+00
8.239930000000000000e+05 8.241150000000000000e+05 2.000000000000000000e+00
8.279930000000000000e+05 8.280930000000000000e+05 1.000000000000000000e+00
8.316700000000000000e+05 8.319200000000000000e+05 1.000000000000000000e+00
8.330280000000000000e+05 8.332220000000000000e+05 1.000000000000000000e+00
8.380820000000000000e+05 8.382260000000000000e+05 1.000000000000000000e+00
8.395870000000000000e+05 8.399090000000000000e+05 1.000000000000000000e+00
8.418430000000000000e+05 8.421430000000000000e+05 1.000000000000000000e+00
8.462840000000000000e+05 8.463830000000000000e+05 1.000000000000000000e+00
8.473200000000000000e+05 8.474650000000000000e+05 1.000000000000000000e+00
8.485590000000000000e+05 8.487150000000000000e+05 2.000000000000000000e+00
8.507260000000000000e+05 8.508260000000000000e+05 1.000000000000000000e+00
8.557570000000000000e+05 8.559450000000000000e+05 1.000000000000000000e+00
8.585150000000000000e+05 8.586980000000000000e+05 1.000000000000000000e+00
8.606590000000000000e+05 8.608090000000000000e+05 1.000000000000000000e+00
8.691260000000000000e+05 8.692820000000000000e+05 1.000000000000000000e+00
8.736260000000000000e+05 8.737930000000000000e+05 2.000000000000000000e+00
8.905540000000000000e+05 8.909540000000000000e+05 1.000000000000000000e+00
8.917150000000000000e+05 8.920980000000000000e+05 1.000000000000000000e+00
8.930540000000000000e+05 8.931590000000000000e+05 1.000000000000000000e+00
8.937090000000000000e+05 8.943650000000000000e+05 2.000000000000000000e+00
8.956260000000000000e+05 8.958260000000000000e+05 1.000000000000000000e+00
8.963200000000000000e+05 8.966040000000000000e+05 2.000000000000000000e+00
8.973590000000000000e+05 8.976040000000000000e+05 1.000000000000000000e+00
8.980260000000000000e+05 8.982200000000000000e+05 1.000000000000000000e+00
8.989200000000000000e+05 8.993090000000000000e+05 2.000000000000000000e+00
8.999220000000000000e+05 9.000300000000000000e+05 2.000000000000000000e+00
9.001270000000000000e+05 9.004760000000000000e+05 2.000000000000000000e+00
9.009650000000000000e+05 9.013650000000000000e+05 1.000000000000000000e+00
9.029090000000000000e+05 9.030980000000000000e+05 2.000000000000000000e+00
9.039700000000000000e+05 9.041590000000000000e+05 2.000000000000000000e+00
9.042200000000000000e+05 9.046760000000000000e+05 2.000000000000000000e+00
9.053700000000000000e+05 9.057760000000000000e+05 2.000000000000000000e+00
9.064700000000000000e+05 9.068150000000000000e+05 2.000000000000000000e+00
9.091980000000000000e+05 9.095480000000000000e+05 2.000000000000000000e+00
9.097760000000000000e+05 9.099370000000000000e+05 2.000000000000000000e+00
9.232320000000000000e+05 9.234150000000000000e+05 1.000000000000000000e+00
9.276700000000000000e+05 9.278930000000000000e+05 2.000000000000000000e+00
9.288430000000000000e+05 9.290760000000000000e+05 2.000000000000000000e+00
9.295650000000000000e+05 9.298040000000000000e+05 2.000000000000000000e+00
9.319760000000000000e+05 9.323590000000000000e+05 1.000000000000000000e+00
9.332200000000000000e+05 9.335700000000000000e+05 2.000000000000000000e+00
9.344760000000000000e+05 9.346480000000000000e+05 2.000000000000000000e+00
9.433260000000000000e+05 9.434880000000000000e+05 2.000000000000000000e+00
9.444180000000000000e+05 9.446570000000000000e+05 2.000000000000000000e+00
9.474900000000000000e+05 9.476280000000000000e+05 2.000000000000000000e+00
9.495980000000000000e+05 9.498320000000000000e+05 2.000000000000000000e+00
9.512540000000000000e+05 9.514590000000000000e+05 2.000000000000000000e+00
9.519200000000000000e+05 9.522480000000000000e+05 2.000000000000000000e+00
9.529540000000000000e+05 9.531200000000000000e+05 2.000000000000000000e+00
9.536740000000000000e+05 9.537630000000000000e+05 1.000000000000000000e+00
9.550090000000000000e+05 9.555430000000000000e+05 2.000000000000000000e+00
9.565430000000000000e+05 9.566930000000000000e+05 1.000000000000000000e+00
9.578930000000000000e+05 9.583370000000000000e+05 2.000000000000000000e+00
9.588980000000000000e+05 9.593540000000000000e+05 2.000000000000000000e+00
9.595650000000000000e+05 9.597200000000000000e+05 1.000000000000000000e+00
9.602590000000000000e+05 9.604430000000000000e+05 2.000000000000000000e+00
9.606480000000000000e+05 9.608820000000000000e+05 2.000000000000000000e+00
9.615560000000000000e+05 9.619190000000000000e+05 1.000000000000000000e+00
9.624150000000000000e+05 9.626040000000000000e+05 1.000000000000000000e+00
9.628370000000000000e+05 9.631930000000000000e+05 2.000000000000000000e+00
9.639540000000000000e+05 9.644870000000000000e+05 2.000000000000000000e+00
9.653590000000000000e+05 9.655980000000000000e+05 2.000000000000000000e+00
9.664330000000000000e+05 9.666680000000000000e+05 2.000000000000000000e+00
9.669820000000000000e+05 9.672930000000000000e+05 2.000000000000000000e+00
9.682980000000000000e+05 9.684980000000000000e+05 2.000000000000000000e+00
9.685820000000000000e+05 9.688260000000000000e+05 2.000000000000000000e+00
9.695650000000000000e+05 9.700040000000000000e+05 2.000000000000000000e+00
9.710930000000000000e+05 9.714760000000000000e+05 2.000000000000000000e+00
9.722040000000000000e+05 9.725540000000000000e+05 2.000000000000000000e+00
9.734820000000000000e+05 9.737930000000000000e+05 2.000000000000000000e+00
9.738480000000000000e+05 9.742760000000000000e+05 2.000000000000000000e+00
9.747260000000000000e+05 9.750090000000000000e+05 2.000000000000000000e+00
9.757260000000000000e+05 9.760260000000000000e+05 2.000000000000000000e+00
9.775150000000000000e+05 9.776590000000000000e+05 2.000000000000000000e+00
9.785590000000000000e+05 9.788260000000000000e+05 1.000000000000000000e+00
9.792930000000000000e+05 9.796980000000000000e+05 2.000000000000000000e+00
9.804370000000000000e+05 9.805200000000000000e+05 2.000000000000000000e+00
9.828260000000000000e+05 9.831820000000000000e+05 2.000000000000000000e+00
9.854200000000000000e+05 9.857700000000000000e+05 2.000000000000000000e+00
9.871140000000000000e+05 9.873640000000000000e+05 2.000000000000000000e+00
9.874700000000000000e+05 9.877260000000000000e+05 2.000000000000000000e+00
9.887200000000000000e+05 9.889200000000000000e+05 2.000000000000000000e+00
9.905370000000000000e+05 9.909090000000000000e+05 2.000000000000000000e+00
9.915930000000000000e+05 9.918870000000000000e+05 2.000000000000000000e+00
9.938590000000000000e+05 9.941540000000000000e+05 1.000000000000000000e+00
9.992150000000000000e+05 9.994870000000000000e+05 2.000000000000000000e+00
9.996820000000000000e+05 9.999590000000000000e+05 2.000000000000000000e+00
1.001448000000000000e+06 1.001604000000000000e+06 1.000000000000000000e+00
1.002565000000000000e+06 1.002770000000000000e+06 2.000000000000000000e+00
1.003790000000000000e+06 1.003942000000000000e+06 2.000000000000000000e+00
1.004804000000000000e+06 1.005232000000000000e+06 2.000000000000000000e+00
1.006198000000000000e+06 1.006448000000000000e+06 2.000000000000000000e+00
1.007320000000000000e+06 1.007482000000000000e+06 2.000000000000000000e+00
1.009609000000000000e+06 1.009843000000000000e+06 2.000000000000000000e+00
1.010765000000000000e+06 1.011109000000000000e+06 2.000000000000000000e+00
1.013009000000000000e+06 1.013709000000000000e+06 2.000000000000000000e+00
1.014137000000000000e+06 1.014443000000000000e+06 1.000000000000000000e+00
1.014887000000000000e+06 1.015059000000000000e+06 1.000000000000000000e+00
1.016265000000000000e+06 1.016409000000000000e+06 1.000000000000000000e+00
1.016933000000000000e+06 1.017436000000000000e+06 2.000000000000000000e+00
1.018009000000000000e+06 1.018154000000000000e+06 2.000000000000000000e+00
1.018909000000000000e+06 1.019470000000000000e+06 2.000000000000000000e+00
1.020570000000000000e+06 1.020904000000000000e+06 2.000000000000000000e+00
1.022532000000000000e+06 1.023015000000000000e+06 2.000000000000000000e+00
1.023893000000000000e+06 1.024426000000000000e+06 1.000000000000000000e+00
1.025350000000000000e+06 1.025606000000000000e+06 1.000000000000000000e+00
1.026732000000000000e+06 1.026844000000000000e+06 2.000000000000000000e+00
1.026904000000000000e+06 1.027426000000000000e+06 2.000000000000000000e+00
1.028332000000000000e+06 1.028604000000000000e+06 1.000000000000000000e+00
1.030020000000000000e+06 1.030359000000000000e+06 1.000000000000000000e+00
1.030832000000000000e+06 1.031159000000000000e+06 1.000000000000000000e+00
1.031837000000000000e+06 1.032170000000000000e+06 2.000000000000000000e+00
1.032804000000000000e+06 1.033087000000000000e+06 2.000000000000000000e+00
1.038713000000000000e+06 1.039107000000000000e+06 1.000000000000000000e+00
1.039782000000000000e+06 1.040087000000000000e+06 1.000000000000000000e+00
1.041432000000000000e+06 1.041726000000000000e+06 1.000000000000000000e+00
1.042493000000000000e+06 1.043054000000000000e+06 1.000000000000000000e+00
1.047265000000000000e+06 1.047569000000000000e+06 1.000000000000000000e+00
1.048870000000000000e+06 1.049032000000000000e+06 2.000000000000000000e+00
1.051076000000000000e+06 1.051443000000000000e+06 2.000000000000000000e+00
1.051678000000000000e+06 1.051798000000000000e+06 2.000000000000000000e+00
1.068432000000000000e+06 1.068670000000000000e+06 1.000000000000000000e+00
1.075795000000000000e+06 1.076114000000000000e+06 1.000000000000000000e+00
1.078309000000000000e+06 1.078904000000000000e+06 1.000000000000000000e+00
1.079393000000000000e+06 1.079515000000000000e+06 1.000000000000000000e+00
1.539773000000000000e+06 1.540089000000000000e+06 1.000000000000000000e+00
1.545159000000000000e+06 1.545382000000000000e+06 2.000000000000000000e+00
1.547693000000000000e+06 1.547932000000000000e+06 1.000000000000000000e+00
1.549426000000000000e+06 1.549620000000000000e+06 1.000000000000000000e+00
1.552403000000000000e+06 1.552534000000000000e+06 1.000000000000000000e+00
1.556682000000000000e+06 1.556820000000000000e+06 2.000000000000000000e+00
1.557604000000000000e+06 1.557926000000000000e+06 2.000000000000000000e+00
1.558795000000000000e+06 1.558832000000000000e+06 2.000000000000000000e+00
1.559109000000000000e+06 1.559326000000000000e+06 2.000000000000000000e+00
1.560365000000000000e+06 1.560490000000000000e+06 1.000000000000000000e+00
1.570770000000000000e+06 1.570970000000000000e+06 1.000000000000000000e+00
1.578048000000000000e+06 1.578309000000000000e+06 1.000000000000000000e+00
1.578593000000000000e+06 1.578987000000000000e+06 1.000000000000000000e+00
1.579670000000000000e+06 1.579882000000000000e+06 1.000000000000000000e+00
1.580337000000000000e+06 1.580687000000000000e+06 1.000000000000000000e+00
1.581664000000000000e+06 1.582033000000000000e+06 1.000000000000000000e+00
1.582848000000000000e+06 1.583215000000000000e+06 1.000000000000000000e+00
1.584682000000000000e+06 1.584848000000000000e+06 2.000000000000000000e+00
1.585943000000000000e+06 1.586532000000000000e+06 2.000000000000000000e+00
1.588404000000000000e+06 1.588515000000000000e+06 1.000000000000000000e+00
1.590276000000000000e+06 1.590732000000000000e+06 2.000000000000000000e+00
1.591191000000000000e+06 1.591264000000000000e+06 1.000000000000000000e+00
1.592870000000000000e+06 1.593054000000000000e+06 2.000000000000000000e+00
1.593532000000000000e+06 1.593609000000000000e+06 1.000000000000000000e+00
1.594932000000000000e+06 1.595148000000000000e+06 1.000000000000000000e+00
1.596826000000000000e+06 1.597120000000000000e+06 2.000000000000000000e+00
1.597701000000000000e+06 1.597809000000000000e+06 2.000000000000000000e+00
1.597876000000000000e+06 1.598143000000000000e+06 2.000000000000000000e+00
1.599198000000000000e+06 1.599604000000000000e+06 1.000000000000000000e+00
1.600220000000000000e+06 1.600351000000000000e+06 1.000000000000000000e+00
1.600454000000000000e+06 1.600748000000000000e+06 1.000000000000000000e+00
1.601459000000000000e+06 1.601643000000000000e+06 2.000000000000000000e+00
1.601943000000000000e+06 1.602115000000000000e+06 1.000000000000000000e+00
1.602482000000000000e+06 1.602604000000000000e+06 2.000000000000000000e+00
1.603068000000000000e+06 1.603283000000000000e+06 1.000000000000000000e+00
1.603947000000000000e+06 1.604067000000000000e+06 1.000000000000000000e+00
1.604565000000000000e+06 1.604682000000000000e+06 2.000000000000000000e+00
1.605225000000000000e+06 1.605706000000000000e+06 2.000000000000000000e+00
1.606043000000000000e+06 1.606198000000000000e+06 1.000000000000000000e+00
1.609020000000000000e+06 1.609165000000000000e+06 1.000000000000000000e+00
1.609254000000000000e+06 1.609543000000000000e+06 1.000000000000000000e+00
1.611704000000000000e+06 1.612087000000000000e+06 1.000000000000000000e+00
1.614904000000000000e+06 1.615004000000000000e+06 1.000000000000000000e+00
1.617696000000000000e+06 1.617849000000000000e+06 2.000000000000000000e+00
1.617893000000000000e+06 1.618123000000000000e+06 2.000000000000000000e+00
1.618804000000000000e+06 1.618937000000000000e+06 2.000000000000000000e+00
1.620210000000000000e+06 1.620420000000000000e+06 1.000000000000000000e+00
1.620920000000000000e+06 1.621159000000000000e+06 1.000000000000000000e+00
1.623898000000000000e+06 1.624087000000000000e+06 1.000000000000000000e+00
1.625120000000000000e+06 1.625426000000000000e+06 1.000000000000000000e+00
1.626354000000000000e+06 1.626537000000000000e+06 1.000000000000000000e+00
1.627787000000000000e+06 1.627926000000000000e+06 2.000000000000000000e+00
1.629326000000000000e+06 1.629459000000000000e+06 1.000000000000000000e+00
1.630987000000000000e+06 1.631337000000000000e+06 2.000000000000000000e+00
1.631737000000000000e+06 1.631943000000000000e+06 2.000000000000000000e+00
1.632593000000000000e+06 1.632698000000000000e+06 2.000000000000000000e+00
1.635348000000000000e+06 1.635615000000000000e+06 1.000000000000000000e+00
1.636270000000000000e+06 1.636520000000000000e+06 1.000000000000000000e+00
1.637304000000000000e+06 1.637632000000000000e+06 1.000000000000000000e+00
1.638182000000000000e+06 1.638298000000000000e+06 1.000000000000000000e+00
1.639549000000000000e+06 1.639659000000000000e+06 1.000000000000000000e+00
1.642854000000000000e+06 1.642976000000000000e+06 1.000000000000000000e+00
1.645832000000000000e+06 1.646043000000000000e+06 1.000000000000000000e+00
1.646665000000000000e+06 1.647009000000000000e+06 1.000000000000000000e+00
1.648070000000000000e+06 1.648376000000000000e+06 1.000000000000000000e+00
1.649398000000000000e+06 1.649570000000000000e+06 1.000000000000000000e+00
1.650420000000000000e+06 1.650550000000000000e+06 1.000000000000000000e+00
1.652412000000000000e+06 1.652705000000000000e+06 1.000000000000000000e+00
1.653626000000000000e+06 1.653762000000000000e+06 1.000000000000000000e+00
1.653854000000000000e+06 1.654026000000000000e+06 1.000000000000000000e+00
1.654981000000000000e+06 1.655106000000000000e+06 1.000000000000000000e+00
1.655437000000000000e+06 1.655854000000000000e+06 1.000000000000000000e+00
1.657548000000000000e+06 1.657920000000000000e+06 2.000000000000000000e+00
1.658709000000000000e+06 1.659009000000000000e+06 1.000000000000000000e+00
1.661287000000000000e+06 1.661407000000000000e+06 1.000000000000000000e+00
1.662193000000000000e+06 1.662498000000000000e+06 1.000000000000000000e+00
1.666882000000000000e+06 1.667026000000000000e+06 1.000000000000000000e+00
1.667659000000000000e+06 1.667726000000000000e+06 1.000000000000000000e+00
1.669798000000000000e+06 1.670109000000000000e+06 2.000000000000000000e+00
1.671167000000000000e+06 1.671519000000000000e+06 2.000000000000000000e+00
1.675766000000000000e+06 1.675908000000000000e+06 1.000000000000000000e+00
1.676096000000000000e+06 1.676248000000000000e+06 1.000000000000000000e+00
1.679304000000000000e+06 1.679404000000000000e+06 2.000000000000000000e+00
1.679809000000000000e+06 1.679976000000000000e+06 2.000000000000000000e+00
1.681848000000000000e+06 1.681987000000000000e+06 1.000000000000000000e+00
1.682115000000000000e+06 1.682276000000000000e+06 1.000000000000000000e+00
1.684932000000000000e+06 1.685048000000000000e+06 2.000000000000000000e+00
1.691164000000000000e+06 1.691316000000000000e+06 1.000000000000000000e+00
1.693515000000000000e+06 1.693598000000000000e+06 2.000000000000000000e+00
1.694337000000000000e+06 1.694554000000000000e+06 2.000000000000000000e+00
1.694611000000000000e+06 1.694658000000000000e+06 1.000000000000000000e+00
1.695459000000000000e+06 1.695715000000000000e+06 2.000000000000000000e+00
1.696387000000000000e+06 1.696482000000000000e+06 2.000000000000000000e+00
1.697698000000000000e+06 1.697771000000000000e+06 1.000000000000000000e+00
1.700676000000000000e+06 1.700954000000000000e+06 2.000000000000000000e+00
1.701597000000000000e+06 1.701775000000000000e+06 1.000000000000000000e+00
1.702737000000000000e+06 1.702815000000000000e+06 2.000000000000000000e+00
1.702876000000000000e+06 1.703009000000000000e+06 2.000000000000000000e+00
1.705657000000000000e+06 1.705960000000000000e+06 1.000000000000000000e+00
1.707943000000000000e+06 1.708109000000000000e+06 1.000000000000000000e+00
1.709293000000000000e+06 1.709659000000000000e+06 2.000000000000000000e+00
1.709849000000000000e+06 1.709970000000000000e+06 1.000000000000000000e+00
1.710565000000000000e+06 1.710793000000000000e+06 1.000000000000000000e+00
1.711637000000000000e+06 1.711898000000000000e+06 2.000000000000000000e+00
1.715237000000000000e+06 1.715499000000000000e+06 1.000000000000000000e+00
1.716315000000000000e+06 1.716448000000000000e+06 1.000000000000000000e+00
1.717315000000000000e+06 1.717598000000000000e+06 1.000000000000000000e+00
1.719515000000000000e+06 1.719643000000000000e+06 2.000000000000000000e+00
1.720442000000000000e+06 1.720552000000000000e+06 1.000000000000000000e+00
1.721148000000000000e+06 1.721426000000000000e+06 2.000000000000000000e+00
1.722015000000000000e+06 1.722159000000000000e+06 1.000000000000000000e+00
1.723126000000000000e+06 1.723415000000000000e+06 2.000000000000000000e+00
1.723787000000000000e+06 1.724037000000000000e+06 2.000000000000000000e+00
1.724576000000000000e+06 1.724698000000000000e+06 1.000000000000000000e+00
1.725843000000000000e+06 1.725943000000000000e+06 2.000000000000000000e+00
1.726793000000000000e+06 1.726926000000000000e+06 2.000000000000000000e+00
1.728826000000000000e+06 1.728948000000000000e+06 1.000000000000000000e+00
1.730226000000000000e+06 1.730354000000000000e+06 1.000000000000000000e+00
1.731365000000000000e+06 1.731474000000000000e+06 1.000000000000000000e+00
1.732509000000000000e+06 1.732765000000000000e+06 2.000000000000000000e+00
1.733693000000000000e+06 1.733843000000000000e+06 1.000000000000000000e+00
1.734637000000000000e+06 1.734854000000000000e+06 2.000000000000000000e+00
1.736276000000000000e+06 1.736448000000000000e+06 2.000000000000000000e+00
1.738415000000000000e+06 1.738587000000000000e+06 1.000000000000000000e+00
1.739615000000000000e+06 1.739704000000000000e+06 1.000000000000000000e+00
1.739787000000000000e+06 1.739893000000000000e+06 1.000000000000000000e+00
1.740626000000000000e+06 1.740720000000000000e+06 2.000000000000000000e+00
1.741033000000000000e+06 1.741165000000000000e+06 2.000000000000000000e+00
1.742559000000000000e+06 1.742848000000000000e+06 2.000000000000000000e+00
1.743516000000000000e+06 1.743665000000000000e+06 2.000000000000000000e+00
1.743720000000000000e+06 1.743887000000000000e+06 1.000000000000000000e+00
1.744032000000000000e+06 1.744198000000000000e+06 2.000000000000000000e+00
1.745521000000000000e+06 1.745666000000000000e+06 1.000000000000000000e+00
1.748242000000000000e+06 1.748494000000000000e+06 1.000000000000000000e+00
1.751432000000000000e+06 1.751604000000000000e+06 2.000000000000000000e+00
1.753348000000000000e+06 1.753576000000000000e+06 2.000000000000000000e+00
1.754076000000000000e+06 1.754282000000000000e+06 2.000000000000000000e+00
1.755298000000000000e+06 1.755443000000000000e+06 1.000000000000000000e+00
1.756209000000000000e+06 1.756392000000000000e+06 1.000000000000000000e+00
1.758626000000000000e+06 1.758726000000000000e+06 1.000000000000000000e+00
1.759537000000000000e+06 1.759687000000000000e+06 1.000000000000000000e+00
1.761367000000000000e+06 1.761540000000000000e+06 1.000000000000000000e+00
1.762543000000000000e+06 1.762670000000000000e+06 2.000000000000000000e+00
1.764859000000000000e+06 1.764998000000000000e+06 1.000000000000000000e+00
1.767515000000000000e+06 1.767804000000000000e+06 2.000000000000000000e+00
1.770061000000000000e+06 1.770255000000000000e+06 1.000000000000000000e+00
1.773236000000000000e+06 1.773503000000000000e+06 1.000000000000000000e+00
1.774000000000000000e+06 1.774136000000000000e+06 1.000000000000000000e+00
1.775177000000000000e+06 1.775460000000000000e+06 1.000000000000000000e+00
1.776737000000000000e+06 1.776854000000000000e+06 1.000000000000000000e+00
1.779132000000000000e+06 1.779357000000000000e+06 1.000000000000000000e+00
1.781493000000000000e+06 1.781604000000000000e+06 1.000000000000000000e+00
1.781920000000000000e+06 1.782176000000000000e+06 1.000000000000000000e+00
1.787179000000000000e+06 1.787295000000000000e+06 2.000000000000000000e+00
1.788032000000000000e+06 1.788176000000000000e+06 1.000000000000000000e+00
1.789109000000000000e+06 1.789215000000000000e+06 2.000000000000000000e+00
1.789273000000000000e+06 1.789432000000000000e+06 2.000000000000000000e+00
1.790020000000000000e+06 1.790182000000000000e+06 1.000000000000000000e+00
1.792315000000000000e+06 1.792643000000000000e+06 2.000000000000000000e+00
1.793320000000000000e+06 1.793420000000000000e+06 1.000000000000000000e+00
1.794511000000000000e+06 1.794731000000000000e+06 1.000000000000000000e+00
1.795487000000000000e+06 1.795765000000000000e+06 1.000000000000000000e+00
1.799671000000000000e+06 1.799959000000000000e+06 1.000000000000000000e+00
1.802337000000000000e+06 1.802498000000000000e+06 2.000000000000000000e+00
1.804359000000000000e+06 1.804670000000000000e+06 1.000000000000000000e+00
1.805354000000000000e+06 1.805459000000000000e+06 2.000000000000000000e+00
1.806670000000000000e+06 1.806776000000000000e+06 1.000000000000000000e+00
1.809387000000000000e+06 1.809593000000000000e+06 1.000000000000000000e+00
1.811582000000000000e+06 1.811787000000000000e+06 2.000000000000000000e+00
1.812376000000000000e+06 1.812509000000000000e+06 2.000000000000000000e+00
1.816583000000000000e+06 1.816740000000000000e+06 1.000000000000000000e+00
1.824520000000000000e+06 1.824720000000000000e+06 1.000000000000000000e+00
1.825043000000000000e+06 1.825165000000000000e+06 1.000000000000000000e+00
1.825959000000000000e+06 1.826093000000000000e+06 1.000000000000000000e+00
1.826709000000000000e+06 1.826837000000000000e+06 1.000000000000000000e+00
1.826915000000000000e+06 1.827043000000000000e+06 1.000000000000000000e+00
1.828315000000000000e+06 1.828404000000000000e+06 1.000000000000000000e+00
1.829637000000000000e+06 1.829765000000000000e+06 2.000000000000000000e+00
1.830404000000000000e+06 1.830537000000000000e+06 1.000000000000000000e+00
1.831432000000000000e+06 1.831620000000000000e+06 1.000000000000000000e+00
1.834587000000000000e+06 1.834759000000000000e+06 1.000000000000000000e+00
1.836737000000000000e+06 1.837004000000000000e+06 1.000000000000000000e+00
1.856882000000000000e+06 1.856965000000000000e+06 1.000000000000000000e+00
1.857569000000000000e+06 1.857668000000000000e+06 1.000000000000000000e+00
1.861706000000000000e+06 1.861952000000000000e+06 1.000000000000000000e+00
1.863291000000000000e+06 1.863631000000000000e+06 1.000000000000000000e+00
1.873593000000000000e+06 1.873754000000000000e+06 1.000000000000000000e+00
1.923476000000000000e+06 1.923815000000000000e+06 1.000000000000000000e+00
1.925290000000000000e+06 1.925399000000000000e+06 1.000000000000000000e+00
1.928537000000000000e+06 1.928620000000000000e+06 2.000000000000000000e+00
1.930870000000000000e+06 1.931137000000000000e+06 1.000000000000000000e+00
1.935426000000000000e+06 1.935554000000000000e+06 1.000000000000000000e+00
1.938048000000000000e+06 1.938382000000000000e+06 1.000000000000000000e+00
1.939432000000000000e+06 1.939893000000000000e+06 1.000000000000000000e+00
1.941359000000000000e+06 1.941582000000000000e+06 1.000000000000000000e+00
1.961137000000000000e+06 1.961304000000000000e+06 2.000000000000000000e+00
1.962237000000000000e+06 1.962465000000000000e+06 2.000000000000000000e+00
1.964924000000000000e+06 1.965063000000000000e+06 1.000000000000000000e+00
1.965582000000000000e+06 1.965720000000000000e+06 2.000000000000000000e+00
1.967798000000000000e+06 1.967943000000000000e+06 2.000000000000000000e+00
1.969582000000000000e+06 1.969987000000000000e+06 2.000000000000000000e+00
