1.540680000000000000e+05 1.542620000000000000e+05
1.566150000000000000e+05 1.567590000000000000e+05
1.570540000000000000e+05 1.575370000000000000e+05
1.623490000000000000e+05 1.625580000000000000e+05
1.632120000000000000e+05 1.633220000000000000e+05
1.640230000000000000e+05 1.642220000000000000e+05
1.649700000000000000e+05 1.652730000000000000e+05
1.680320000000000000e+05 1.681890000000000000e+05
1.700250000000000000e+05 1.703180000000000000e+05
1.711550000000000000e+05 1.714380000000000000e+05
1.727300000000000000e+05 1.733780000000000000e+05
1.741790000000000000e+05 1.745870000000000000e+05
1.762140000000000000e+05 1.765120000000000000e+05
1.771400000000000000e+05 1.773280000000000000e+05
1.780390000000000000e+05 1.781130000000000000e+05
1.789600000000000000e+05 1.791430000000000000e+05
1.800320000000000000e+05 1.804670000000000000e+05
1.814660000000000000e+05 1.819000000000000000e+05
1.822970000000000000e+05 1.826840000000000000e+05
1.836260000000000000e+05 1.839870000000000000e+05
1.849320000000000000e+05 1.850480000000000000e+05
1.877950000000000000e+05 1.879360000000000000e+05
1.893380000000000000e+05 1.896890000000000000e+05
1.919870000000000000e+05 1.921760000000000000e+05
1.925260000000000000e+05 1.926480000000000000e+05
1.929650000000000000e+05 1.934040000000000000e+05
1.940570000000000000e+05 1.943030000000000000e+05
1.965890000000000000e+05 1.966930000000000000e+05
1.997900000000000000e+05 2.001930000000000000e+05
2.045980000000000000e+05 2.047480000000000000e+05
2.048380000000000000e+05 2.049010000000000000e+05
2.053980000000000000e+05 2.057540000000000000e+05
2.083580000000000000e+05 2.084680000000000000e+05
2.093730000000000000e+05 2.095560000000000000e+05
2.144580000000000000e+05 2.145990000000000000e+05
2.149430000000000000e+05 2.152200000000000000e+05
2.153980000000000000e+05 2.155760000000000000e+05
2.160320000000000000e+05 2.162260000000000000e+05
2.170840000000000000e+05 2.173610000000000000e+05
2.188700000000000000e+05 2.190430000000000000e+05
2.192090000000000000e+05 2.196480000000000000e+05
2.208790000000000000e+05 2.213290000000000000e+05
2.229350000000000000e+05 2.232020000000000000e+05
2.236510000000000000e+05 2.240540000000000000e+05
2.242870000000000000e+05 2.243760000000000000e+05
2.252680000000000000e+05 2.253990000000000000e+05
2.255080000000000000e+05 2.256500000000000000e+05
2.261370000000000000e+05 2.262540000000000000e+05
2.264870000000000000e+05 2.266230000000000000e+05
2.277810000000000000e+05 2.280690000000000000e+05
2.300480000000000000e+05 2.304370000000000000e+05
2.307390000000000000e+05 2.309280000000000000e+05
2.324710000000000000e+05 2.327690000000000000e+05
2.411430000000000000e+05 2.413090000000000000e+05
2.461820000000000000e+05 2.464060000000000000e+05
2.495260000000000000e+05 2.497370000000000000e+05
2.551680000000000000e+05 2.553150000000000000e+05
2.581710000000000000e+05 2.582700000000000000e+05
2.603840000000000000e+05 2.607500000000000000e+05
2.614400000000000000e+05 2.616130000000000000e+05
2.648090000000000000e+05 2.649030000000000000e+05
2.740090000000000000e+05 2.741930000000000000e+05
2.874040000000000000e+05 2.875320000000000000e+05
2.919580000000000000e+05 2.921000000000000000e+05
2.930670000000000000e+05 2.931930000000000000e+05
3.128300000000000000e+05 3.128880000000000000e+05
3.132900000000000000e+05 3.134890000000000000e+05
3.164610000000000000e+05 3.165860000000000000e+05
3.211760000000000000e+05 3.213930000000000000e+05
3.674580000000000000e+05 3.675620000000000000e+05
4.254370000000000000e+05 4.255480000000000000e+05
4.416810000000000000e+05 4.418220000000000000e+05
4.896710000000000000e+05 4.898900000000000000e+05
5.569970000000000000e+05 5.570700000000000000e+05
5.591040000000000000e+05 5.593320000000000000e+05
5.728000000000000000e+05 5.728730000000000000e+05
6.019210000000000000e+05 6.020780000000000000e+05
6.620090000000000000e+05 6.621260000000000000e+05
7.146100000000000000e+05 7.147260000000000000e+05
7.165670000000000000e+05 7.167290000000000000e+05
7.185440000000000000e+05 7.188110000000000000e+05
7.198810000000000000e+05 7.200270000000000000e+05
7.204820000000000000e+05 7.207490000000000000e+05
7.208430000000000000e+05 7.209740000000000000e+05
7.213450000000000000e+05 7.216120000000000000e+05
7.222140000000000000e+05 7.224390000000000000e+05
7.228810000000000000e+05 7.229750000000000000e+05
7.253290000000000000e+05 7.255540000000000000e+05
7.320640000000000000e+05 7.322160000000000000e+05
7.361760000000000000e+05 7.364320000000000000e+05
7.392670000000000000e+05 7.394810000000000000e+05
7.404330000000000000e+05 7.406790000000000000e+05
7.418720000000000000e+05 7.423900000000000000e+05
7.428400000000000000e+05 7.430650000000000000e+05
7.431800000000000000e+05 7.433520000000000000e+05
7.448220000000000000e+05 7.454080000000000000e+05
7.457530000000000000e+05 7.461930000000000000e+05
7.463290000000000000e+05 7.465280000000000000e+05
7.473490000000000000e+05 7.475630000000000000e+05
7.495410000000000000e+05 7.497290000000000000e+05
7.542280000000000000e+05 7.544420000000000000e+05
7.556400000000000000e+05 7.558600000000000000e+05
7.561000000000000000e+05 7.563250000000000000e+05
7.577740000000000000e+05 7.582660000000000000e+05
7.615150000000000000e+05 7.617540000000000000e+05
7.623700000000000000e+05 7.628200000000000000e+05
7.646660000000000000e+05 7.651420000000000000e+05
7.681290000000000000e+05 7.686370000000000000e+05
7.692700000000000000e+05 7.694980000000000000e+05
7.701120000000000000e+05 7.702530000000000000e+05
7.732980000000000000e+05 7.735040000000000000e+05
7.763470000000000000e+05 7.766030000000000000e+05
7.776860000000000000e+05 7.779160000000000000e+05
7.798930000000000000e+05 7.801150000000000000e+05
7.809700000000000000e+05 7.815870000000000000e+05
7.840240000000000000e+05 7.845830000000000000e+05
7.852740000000000000e+05 7.854260000000000000e+05
7.863830000000000000e+05 7.864820000000000000e+05
7.877120000000000000e+05 7.882240000000000000e+05
7.889070000000000000e+05 7.895080000000000000e+05
7.908790000000000000e+05 7.912610000000000000e+05
7.940590000000000000e+05 7.942260000000000000e+05
7.947340000000000000e+05 7.949220000000000000e+05
7.965080000000000000e+05 7.971510000000000000e+05
8.005090000000000000e+05 8.008540000000000000e+05
8.012650000000000000e+05 8.015090000000000000e+05
8.021150000000000000e+05 8.023760000000000000e+05
8.031370000000000000e+05 8.032650000000000000e+05
8.040660000000000000e+05 8.042970000000000000e+05
8.047260000000000000e+05 8.049450000000000000e+05
8.071000000000000000e+05 8.076760000000000000e+05
8.090280000000000000e+05 8.093210000000000000e+05
8.099170000000000000e+05 8.102100000000000000e+05
8.111000000000000000e+05 8.114130000000000000e+05
8.127730000000000000e+05 8.129200000000000000e+05
8.137480000000000000e+05 8.139930000000000000e+05
8.154320000000000000e+05 8.158320000000000000e+05
8.165870000000000000e+05 8.167760000000000000e+05
8.220120000000000000e+05 8.222520000000000000e+05
8.232930000000000000e+05 8.236070000000000000e+05
8.240880000000000000e+05 8.244020000000000000e+05
8.306920000000000000e+05 8.310220000000000000e+05
8.360120000000000000e+05 8.362160000000000000e+05
8.376550000000000000e+05 8.380320000000000000e+05
8.391200000000000000e+05 8.392500000000000000e+05
8.407200000000000000e+05 8.411320000000000000e+05
8.417590000000000000e+05 8.421320000000000000e+05
8.426500000000000000e+05 8.431420000000000000e+05
8.436550000000000000e+05 8.437390000000000000e+05
8.437960000000000000e+05 8.442560000000000000e+05
8.458020000000000000e+05 8.459540000000000000e+05
8.464090000000000000e+05 8.466240000000000000e+05
8.486160000000000000e+05 8.487580000000000000e+05
8.494580000000000000e+05 8.495670000000000000e+05
8.508550000000000000e+05 8.512690000000000000e+05
8.514310000000000000e+05 8.516350000000000000e+05
8.525870000000000000e+05 8.527490000000000000e+05
8.531990000000000000e+05 8.537170000000000000e+05
8.539570000000000000e+05 8.541930000000000000e+05
8.544860000000000000e+05 8.548050000000000000e+05
8.586160000000000000e+05 8.587660000000000000e+05
8.606000000000000000e+05 8.607450000000000000e+05
8.629130000000000000e+05 8.630800000000000000e+05
8.638340000000000000e+05 8.641370000000000000e+05
8.645290000000000000e+05 8.648800000000000000e+05
8.659940000000000000e+05 8.664280000000000000e+05
8.672760000000000000e+05 8.676260000000000000e+05
8.703650000000000000e+05 8.707320000000000000e+05
8.707860000000000000e+05 8.708850000000000000e+05
8.717480000000000000e+05 8.725640000000000000e+05
8.731590000000000000e+05 8.734040000000000000e+05
8.752370000000000000e+05 8.755720000000000000e+05
8.758910000000000000e+05 8.762940000000000000e+05
8.766080000000000000e+05 8.768330000000000000e+05
8.776280000000000000e+05 8.779520000000000000e+05
8.791530000000000000e+05 8.796290000000000000e+05
8.799950000000000000e+05 8.801360000000000000e+05
8.805320000000000000e+05 8.808370000000000000e+05
8.817810000000000000e+05 8.825610000000000000e+05
8.833510000000000000e+05 8.837170000000000000e+05
8.845590000000000000e+05 8.849300000000000000e+05
8.859300000000000000e+05 8.862170000000000000e+05
8.870910000000000000e+05 8.872580000000000000e+05
8.876560000000000000e+05 8.878960000000000000e+05
8.903650000000000000e+05 8.904980000000000000e+05
8.924420000000000000e+05 8.929020000000000000e+05
8.935720000000000000e+05 8.941480000000000000e+05
8.951310000000000000e+05 8.954130000000000000e+05
8.961610000000000000e+05 8.965540000000000000e+05
8.978560000000000000e+05 8.987560000000000000e+05
8.992270000000000000e+05 8.995620000000000000e+05
9.009220000000000000e+05 9.012670000000000000e+05
9.022290000000000000e+05 9.023130000000000000e+05
9.028280000000000000e+05 9.036550000000000000e+05
9.040260000000000000e+05 9.045760000000000000e+05
9.053860000000000000e+05 9.058520000000000000e+05
9.064370000000000000e+05 9.067980000000000000e+05
9.085560000000000000e+05 9.090010000000000000e+05
9.130550000000000000e+05 9.134060000000000000e+05
9.159110000000000000e+05 9.161570000000000000e+05
9.190030000000000000e+05 9.192330000000000000e+05
9.244200000000000000e+05 9.246700000000000000e+05
9.307620000000000000e+05 9.310970000000000000e+05
9.314790000000000000e+05 9.318500000000000000e+05
9.326560000000000000e+05 9.331630000000000000e+05
9.344500000000000000e+05 9.348420000000000000e+05
9.363490000000000000e+05 9.366630000000000000e+05
9.376200000000000000e+05 9.378610000000000000e+05
9.404540000000000000e+05 9.406150000000000000e+05
9.419700000000000000e+05 9.421930000000000000e+05
9.459500000000000000e+05 9.461280000000000000e+05
9.472480000000000000e+05 9.474940000000000000e+05
9.500720000000000000e+05 9.502030000000000000e+05
9.512930000000000000e+05 9.515040000000000000e+05
9.516260000000000000e+05 9.517780000000000000e+05
9.523370000000000000e+05 9.525480000000000000e+05
9.529760000000000000e+05 9.532320000000000000e+05
9.547800000000000000e+05 9.549320000000000000e+05
9.552150000000000000e+05 9.557220000000000000e+05
9.564590000000000000e+05 9.568540000000000000e+05
9.588190000000000000e+05 9.589390000000000000e+05
9.599320000000000000e+05 9.600760000000000000e+05
9.614810000000000000e+05 9.618420000000000000e+05
9.648870000000000000e+05 9.651120000000000000e+05
9.697670000000000000e+05 9.700180000000000000e+05
9.714430000000000000e+05 9.715650000000000000e+05
9.739000000000000000e+05 9.740720000000000000e+05
9.745820000000000000e+05 9.746870000000000000e+05
9.763980000000000000e+05 9.765260000000000000e+05
9.773630000000000000e+05 9.778280000000000000e+05
9.786290000000000000e+05 9.788540000000000000e+05
9.805410000000000000e+05 9.808650000000000000e+05
9.828950000000000000e+05 9.834600000000000000e+05
9.850710000000000000e+05 9.853950000000000000e+05
9.853110000000000000e+05 9.854110000000000000e+05
9.883140000000000000e+05 9.885280000000000000e+05
9.893940000000000000e+05 9.900850000000000000e+05
9.958150000000000000e+05 9.959040000000000000e+05
9.983030000000000000e+05 9.984020000000000000e+05
1.003765000000000000e+06 1.003898000000000000e+06
1.011954000000000000e+06 1.012148000000000000e+06
1.014043000000000000e+06 1.014148000000000000e+06
1.014959000000000000e+06 1.015082000000000000e+06
1.016176000000000000e+06 1.016365000000000000e+06
1.019376000000000000e+06 1.019754000000000000e+06
1.025009000000000000e+06 1.025204000000000000e+06
1.032004000000000000e+06 1.032226000000000000e+06
1.035354000000000000e+06 1.035506000000000000e+06
1.038624000000000000e+06 1.038786000000000000e+06
1.048034000000000000e+06 1.048128000000000000e+06
1.061770000000000000e+06 1.061882000000000000e+06
1.062920000000000000e+06 1.063115000000000000e+06
1.066059000000000000e+06 1.066359000000000000e+06
1.067917000000000000e+06 1.068017000000000000e+06
1.078887000000000000e+06 1.079033000000000000e+06
1.080012000000000000e+06 1.080503000000000000e+06
1.085834000000000000e+06 1.086028000000000000e+06
1.086487000000000000e+06 1.086782000000000000e+06
1.125673000000000000e+06 1.125935000000000000e+06
1.127337000000000000e+06 1.127624000000000000e+06
1.138939000000000000e+06 1.139222000000000000e+06
1.140535000000000000e+06 1.140859000000000000e+06
1.141706000000000000e+06 1.142036000000000000e+06
1.142187000000000000e+06 1.142404000000000000e+06
1.142975000000000000e+06 1.143650000000000000e+06
1.157415000000000000e+06 1.157565000000000000e+06
1.158155000000000000e+06 1.158893000000000000e+06
1.161193000000000000e+06 1.161315000000000000e+06
1.163234000000000000e+06 1.163477000000000000e+06
1.431932000000000000e+06 1.432089000000000000e+06
1.432497000000000000e+06 1.432811000000000000e+06
1.442420000000000000e+06 1.442813000000000000e+06
1.443791000000000000e+06 1.444199000000000000e+06
1.445062000000000000e+06 1.445271000000000000e+06
1.446032000000000000e+06 1.446456000000000000e+06
1.463159000000000000e+06 1.463310000000000000e+06
1.468743000000000000e+06 1.468926000000000000e+06
1.470414000000000000e+06 1.470488000000000000e+06
1.470793000000000000e+06 1.470965000000000000e+06
1.471931000000000000e+06 1.472156000000000000e+06
1.472873000000000000e+06 1.472941000000000000e+06
1.474620000000000000e+06 1.474798000000000000e+06
1.475426000000000000e+06 1.475808000000000000e+06
1.778729000000000000e+06 1.778912000000000000e+06
1.779660000000000000e+06 1.779765000000000000e+06
1.801643000000000000e+06 1.801843000000000000e+06
1.807720000000000000e+06 1.808020000000000000e+06
1.808693000000000000e+06 1.808887000000000000e+06
1.810602000000000000e+06 1.810884000000000000e+06
1.812438000000000000e+06 1.812584000000000000e+06
1.815859000000000000e+06 1.816361000000000000e+06
1.816701000000000000e+06 1.816957000000000000e+06
1.817240000000000000e+06 1.817407000000000000e+06
1.817813000000000000e+06 1.818153000000000000e+06
1.818970000000000000e+06 1.819098000000000000e+06
1.820057000000000000e+06 1.820203000000000000e+06
1.820355000000000000e+06 1.820444000000000000e+06
1.820959000000000000e+06 1.821158000000000000e+06
1.821352000000000000e+06 1.821592000000000000e+06
1.821676000000000000e+06 1.822021000000000000e+06
1.822615000000000000e+06 1.822754000000000000e+06
1.824752000000000000e+06 1.825008000000000000e+06
1.825926000000000000e+06 1.826148000000000000e+06
1.826556000000000000e+06 1.826844000000000000e+06
1.828115000000000000e+06 1.828432000000000000e+06
1.829159000000000000e+06 1.829354000000000000e+06
1.830609000000000000e+06 1.830848000000000000e+06
1.833922000000000000e+06 1.834324000000000000e+06
1.834651000000000000e+06 1.834965000000000000e+06
1.836665000000000000e+06 1.836885000000000000e+06
1.837330000000000000e+06 1.837748000000000000e+06
1.838632000000000000e+06 1.838943000000000000e+06
1.839870000000000000e+06 1.840437000000000000e+06
1.840942000000000000e+06 1.841303000000000000e+06
1.841915000000000000e+06 1.842159000000000000e+06
1.843718000000000000e+06 1.843979000000000000e+06
1.844304000000000000e+06 1.844587000000000000e+06
1.846353000000000000e+06 1.846573000000000000e+06
1.847096000000000000e+06 1.847488000000000000e+06
1.848243000000000000e+06 1.848659000000000000e+06
1.848958000000000000e+06 1.849298000000000000e+06
1.849560000000000000e+06 1.850167000000000000e+06
1.851076000000000000e+06 1.851465000000000000e+06
1.853106000000000000e+06 1.853310000000000000e+06
1.853535000000000000e+06 1.853713000000000000e+06
1.854133000000000000e+06 1.854236000000000000e+06
1.855126000000000000e+06 1.855516000000000000e+06
1.855126000000000000e+06 1.855520000000000000e+06
1.856475000000000000e+06 1.856752000000000000e+06
1.859354000000000000e+06 1.859793000000000000e+06
1.860832000000000000e+06 1.861170000000000000e+06
1.862565000000000000e+06 1.862726000000000000e+06
1.862993000000000000e+06 1.863215000000000000e+06
1.871082000000000000e+06 1.871265000000000000e+06
1.872904000000000000e+06 1.873020000000000000e+06
1.876293000000000000e+06 1.876548000000000000e+06
1.876987000000000000e+06 1.877159000000000000e+06
1.878069000000000000e+06 1.878378000000000000e+06
1.879243000000000000e+06 1.879526000000000000e+06
1.879859000000000000e+06 1.879965000000000000e+06
1.880059000000000000e+06 1.880298000000000000e+06
1.880402000000000000e+06 1.880554000000000000e+06
1.881396000000000000e+06 1.881610000000000000e+06
1.882212000000000000e+06 1.882505000000000000e+06
1.883143000000000000e+06 1.883253000000000000e+06
1.884074000000000000e+06 1.884639000000000000e+06
1.886334000000000000e+06 1.886820000000000000e+06
1.887110000000000000e+06 1.887213000000000000e+06
1.887504000000000000e+06 1.887676000000000000e+06
1.888220000000000000e+06 1.888693000000000000e+06
1.889682000000000000e+06 1.889837000000000000e+06
1.890426000000000000e+06 1.890820000000000000e+06
1.892682000000000000e+06 1.892954000000000000e+06
1.893554000000000000e+06 1.893809000000000000e+06
1.894698000000000000e+06 1.894948000000000000e+06
1.896143000000000000e+06 1.896670000000000000e+06
1.897058000000000000e+06 1.897455000000000000e+06
1.897948000000000000e+06 1.898248000000000000e+06
1.901959000000000000e+06 1.902393000000000000e+06
1.903082000000000000e+06 1.903326000000000000e+06
1.904065000000000000e+06 1.904320000000000000e+06
1.905154000000000000e+06 1.905815000000000000e+06
1.906465000000000000e+06 1.906720000000000000e+06
1.907298000000000000e+06 1.907554000000000000e+06
1.909004000000000000e+06 1.909593000000000000e+06
1.909804000000000000e+06 1.910098000000000000e+06
1.910698000000000000e+06 1.910926000000000000e+06
1.912570000000000000e+06 1.912970000000000000e+06
1.913898000000000000e+06 1.914237000000000000e+06
1.914770000000000000e+06 1.915059000000000000e+06
1.916332000000000000e+06 1.916670000000000000e+06
1.917114000000000000e+06 1.917794000000000000e+06
1.918008000000000000e+06 1.918395000000000000e+06
1.918854000000000000e+06 1.919032000000000000e+06
1.919315000000000000e+06 1.919737000000000000e+06
1.919904000000000000e+06 1.920048000000000000e+06
1.922809000000000000e+06 1.923237000000000000e+06
1.923991000000000000e+06 1.924337000000000000e+06
1.925176000000000000e+06 1.925532000000000000e+06
1.926733000000000000e+06 1.927434000000000000e+06
1.927811000000000000e+06 1.928214000000000000e+06
1.929426000000000000e+06 1.929670000000000000e+06
1.930532000000000000e+06 1.930770000000000000e+06
1.930950000000000000e+06 1.931018000000000000e+06
1.931976000000000000e+06 1.932109000000000000e+06
1.932243000000000000e+06 1.932565000000000000e+06
1.933115000000000000e+06 1.933465000000000000e+06
1.933865000000000000e+06 1.934093000000000000e+06
1.935092000000000000e+06 1.935255000000000000e+06
1.936332000000000000e+06 1.936498000000000000e+06
1.937154000000000000e+06 1.937347000000000000e+06
1.939048000000000000e+06 1.939170000000000000e+06
1.940854000000000000e+06 1.940987000000000000e+06
1.943792000000000000e+06 1.944069000000000000e+06
1.945644000000000000e+06 1.946188000000000000e+06
1.947637000000000000e+06 1.947970000000000000e+06
1.948504000000000000e+06 1.948704000000000000e+06
1.949159000000000000e+06 1.949446000000000000e+06
1.949693000000000000e+06 1.949970000000000000e+06
1.953776000000000000e+06 1.954098000000000000e+06
1.955866000000000000e+06 1.956084000000000000e+06
1.956820000000000000e+06 1.957026000000000000e+06
1.958098000000000000e+06 1.958443000000000000e+06
1.960137000000000000e+06 1.960398000000000000e+06
1.961720000000000000e+06 1.961970000000000000e+06
1.964154000000000000e+06 1.964488000000000000e+06
1.965482000000000000e+06 1.965704000000000000e+06
1.967407000000000000e+06 1.967491000000000000e+06
1.971566000000000000e+06 1.971846000000000000e+06
1.972586000000000000e+06 1.972806000000000000e+06
1.973543000000000000e+06 1.974159000000000000e+06
1.975131000000000000e+06 1.975324000000000000e+06
1.976470000000000000e+06 1.976664000000000000e+06
1.981087000000000000e+06 1.981270000000000000e+06
1.984476000000000000e+06 1.984654000000000000e+06
1.985093000000000000e+06 1.985224000000000000e+06
1.986043000000000000e+06 1.986232000000000000e+06
1.987097000000000000e+06 1.987421000000000000e+06
1.987976000000000000e+06 1.988169000000000000e+06
1.989958000000000000e+06 1.990152000000000000e+06
1.998427000000000000e+06 1.998699000000000000e+06
2.000405000000000000e+06 2.000677000000000000e+06
2.006470000000000000e+06 2.006654000000000000e+06
2.007812000000000000e+06 2.007927000000000000e+06
2.011181000000000000e+06 2.011400000000000000e+06
2.018546000000000000e+06 2.018703000000000000e+06
2.020602000000000000e+06 2.020936000000000000e+06
2.024982000000000000e+06 2.025120000000000000e+06
2.026168000000000000e+06 2.026256000000000000e+06
2.026931000000000000e+06 2.027297000000000000e+06
2.028621000000000000e+06 2.028872000000000000e+06
2.029698000000000000e+06 2.029902000000000000e+06
2.030096000000000000e+06 2.030352000000000000e+06
2.030562000000000000e+06 2.030724000000000000e+06
2.032246000000000000e+06 2.032450000000000000e+06
2.035104000000000000e+06 2.035304000000000000e+06
2.038421000000000000e+06 2.038599000000000000e+06
2.038866000000000000e+06 2.039002000000000000e+06
2.039494000000000000e+06 2.039876000000000000e+06
2.041365000000000000e+06 2.041659000000000000e+06
2.043176000000000000e+06 2.043448000000000000e+06
2.043987000000000000e+06 2.044282000000000000e+06
2.044437000000000000e+06 2.044589000000000000e+06
2.045343000000000000e+06 2.045726000000000000e+06
2.046150000000000000e+06 2.046330000000000000e+06
2.047476000000000000e+06 2.047598000000000000e+06
2.048462000000000000e+06 2.049022000000000000e+06
2.050159000000000000e+06 2.050309000000000000e+06
2.051832000000000000e+06 2.051998000000000000e+06
2.052954000000000000e+06 2.053354000000000000e+06
2.080814000000000000e+06 2.081018000000000000e+06
2.522478000000000000e+06 2.522729000000000000e+06
2.525948000000000000e+06 2.526082000000000000e+06
2.527319000000000000e+06 2.527685000000000000e+06
2.529825000000000000e+06 2.530468000000000000e+06
2.531347000000000000e+06 2.531520000000000000e+06
2.537086000000000000e+06 2.537347000000000000e+06
2.538822000000000000e+06 2.539011000000000000e+06
2.540151000000000000e+06 2.540486000000000000e+06
2.541387000000000000e+06 2.541698000000000000e+06
2.542315000000000000e+06 2.542459000000000000e+06
2.542882000000000000e+06 2.543122000000000000e+06
2.551460000000000000e+06 2.551874000000000000e+06
2.552582000000000000e+06 2.553093000000000000e+06
2.554314000000000000e+06 2.554513000000000000e+06
2.554591000000000000e+06 2.555271000000000000e+06
2.555593000000000000e+06 2.555848000000000000e+06
2.556503000000000000e+06 2.556859000000000000e+06
2.557319000000000000e+06 2.557602000000000000e+06
2.557858000000000000e+06 2.558324000000000000e+06
2.559465000000000000e+06 2.559820000000000000e+06
2.560676000000000000e+06 2.560904000000000000e+06
2.561204000000000000e+06 2.561320000000000000e+06
2.562043000000000000e+06 2.562446000000000000e+06
2.562718000000000000e+06 2.563089000000000000e+06
2.564582000000000000e+06 2.564798000000000000e+06
2.565376000000000000e+06 2.565682000000000000e+06
2.566437000000000000e+06 2.566559000000000000e+06
2.566910000000000000e+06 2.567297000000000000e+06
2.567818000000000000e+06 2.568142000000000000e+06
2.568832000000000000e+06 2.569004000000000000e+06
2.573532000000000000e+06 2.573826000000000000e+06
2.574715000000000000e+06 2.574970000000000000e+06
2.575048000000000000e+06 2.575226000000000000e+06
2.576170000000000000e+06 2.576648000000000000e+06
2.577115000000000000e+06 2.577437000000000000e+06
2.578013000000000000e+06 2.578264000000000000e+06
2.579326000000000000e+06 2.579420000000000000e+06
2.579559000000000000e+06 2.579765000000000000e+06
2.580451000000000000e+06 2.580660000000000000e+06
2.581759000000000000e+06 2.581947000000000000e+06
2.584315000000000000e+06 2.584543000000000000e+06
2.584782000000000000e+06 2.584954000000000000e+06
2.586001000000000000e+06 2.586236000000000000e+06
2.587361000000000000e+06 2.587617000000000000e+06
2.588815000000000000e+06 2.588993000000000000e+06
2.589470000000000000e+06 2.589754000000000000e+06
2.590304000000000000e+06 2.590443000000000000e+06
2.591770000000000000e+06 2.592137000000000000e+06
2.592598000000000000e+06 2.592909000000000000e+06
2.593009000000000000e+06 2.593276000000000000e+06
2.593932000000000000e+06 2.594098000000000000e+06
2.594648000000000000e+06 2.594748000000000000e+06
2.596215000000000000e+06 2.596565000000000000e+06
2.597365000000000000e+06 2.597810000000000000e+06
2.598454000000000000e+06 2.598687000000000000e+06
2.599882000000000000e+06 2.600185000000000000e+06
2.601137000000000000e+06 2.601613000000000000e+06
2.604337000000000000e+06 2.604732000000000000e+06
2.606632000000000000e+06 2.606920000000000000e+06
2.608041000000000000e+06 2.608351000000000000e+06
2.609470000000000000e+06 2.609587000000000000e+06
2.610767000000000000e+06 2.611139000000000000e+06
2.611772000000000000e+06 2.612211000000000000e+06
2.612422000000000000e+06 2.613055000000000000e+06
2.613634000000000000e+06 2.614262000000000000e+06
2.614664000000000000e+06 2.615109000000000000e+06
2.615748000000000000e+06 2.615932000000000000e+06
2.619676000000000000e+06 2.619854000000000000e+06
2.619971000000000000e+06 2.620217000000000000e+06
2.621242000000000000e+06 2.621363000000000000e+06
2.622670000000000000e+06 2.622854000000000000e+06
2.623183000000000000e+06 2.623586000000000000e+06
2.624478000000000000e+06 2.624870000000000000e+06
2.625937000000000000e+06 2.626209000000000000e+06
2.626843000000000000e+06 2.627009000000000000e+06
2.629498000000000000e+06 2.629798000000000000e+06
2.631009000000000000e+06 2.631376000000000000e+06
2.634315000000000000e+06 2.634437000000000000e+06
2.634737000000000000e+06 2.635054000000000000e+06
2.636087000000000000e+06 2.636354000000000000e+06
2.640176000000000000e+06 2.640291000000000000e+06
2.640542000000000000e+06 2.640652000000000000e+06
2.641097000000000000e+06 2.641296000000000000e+06
2.641765000000000000e+06 2.642276000000000000e+06
2.642473000000000000e+06 2.642572000000000000e+06
2.643604000000000000e+06 2.643815000000000000e+06
2.645290000000000000e+06 2.645886000000000000e+06
2.646597000000000000e+06 2.646979000000000000e+06
2.648057000000000000e+06 2.648292000000000000e+06
2.649616000000000000e+06 2.649877000000000000e+06
2.651195000000000000e+06 2.651473000000000000e+06
2.652506000000000000e+06 2.652783000000000000e+06
2.653385000000000000e+06 2.653620000000000000e+06
2.654954000000000000e+06 2.655210000000000000e+06
2.656194000000000000e+06 2.656602000000000000e+06
2.657329000000000000e+06 2.657548000000000000e+06
2.657627000000000000e+06 2.657826000000000000e+06
2.659770000000000000e+06 2.659876000000000000e+06
2.661854000000000000e+06 2.661959000000000000e+06
2.662157000000000000e+06 2.662345000000000000e+06
2.662565000000000000e+06 2.662769000000000000e+06
2.663562000000000000e+06 2.664032000000000000e+06
2.664655000000000000e+06 2.664922000000000000e+06
2.665372000000000000e+06 2.665644000000000000e+06
2.665895000000000000e+06 2.666245000000000000e+06
2.666454000000000000e+06 2.666664000000000000e+06
2.669086000000000000e+06 2.669499000000000000e+06
2.670704000000000000e+06 2.671009000000000000e+06
2.671302000000000000e+06 2.671461000000000000e+06
2.672270000000000000e+06 2.672493000000000000e+06
2.673865000000000000e+06 2.674226000000000000e+06
2.674714000000000000e+06 2.675059000000000000e+06
2.675426000000000000e+06 2.675520000000000000e+06
2.676362000000000000e+06 2.676728000000000000e+06
2.677361000000000000e+06 2.677868000000000000e+06
2.679204000000000000e+06 2.679515000000000000e+06
2.680374000000000000e+06 2.680793000000000000e+06
2.682357000000000000e+06 2.682707000000000000e+06
2.684402000000000000e+06 2.684716000000000000e+06
2.685699000000000000e+06 2.686018000000000000e+06
2.686630000000000000e+06 2.687232000000000000e+06
2.690355000000000000e+06 2.690679000000000000e+06
2.691119000000000000e+06 2.691448000000000000e+06
2.692332000000000000e+06 2.692487000000000000e+06
2.693104000000000000e+06 2.693554000000000000e+06
2.694085000000000000e+06 2.694362000000000000e+06
2.697192000000000000e+06 2.697694000000000000e+06
2.698991000000000000e+06 2.699640000000000000e+06
2.700720000000000000e+06 2.701154000000000000e+06
2.703160000000000000e+06 2.703966000000000000e+06
2.705049000000000000e+06 2.705635000000000000e+06
2.706189000000000000e+06 2.706650000000000000e+06
2.708250000000000000e+06 2.708679000000000000e+06
2.709647000000000000e+06 2.709762000000000000e+06
2.710459000000000000e+06 2.710576000000000000e+06
2.711588000000000000e+06 2.712179000000000000e+06
2.713482000000000000e+06 2.713670000000000000e+06
2.714036000000000000e+06 2.714402000000000000e+06
2.714622000000000000e+06 2.714868000000000000e+06
2.718587000000000000e+06 2.718859000000000000e+06
2.720048000000000000e+06 2.720193000000000000e+06
2.723520000000000000e+06 2.723933000000000000e+06
2.724697000000000000e+06 2.724911000000000000e+06
2.724979000000000000e+06 2.725230000000000000e+06
2.726098000000000000e+06 2.726365000000000000e+06
2.730422000000000000e+06 2.730726000000000000e+06
2.731693000000000000e+06 2.731855000000000000e+06
2.735067000000000000e+06 2.735308000000000000e+06
2.735896000000000000e+06 2.736216000000000000e+06
2.737795000000000000e+06 2.738052000000000000e+06
2.739720000000000000e+06 2.739909000000000000e+06
2.740865000000000000e+06 2.741076000000000000e+06
2.744048000000000000e+06 2.744404000000000000e+06
2.745170000000000000e+06 2.745326000000000000e+06
2.750504000000000000e+06 2.750648000000000000e+06
2.752698000000000000e+06 2.752882000000000000e+06
2.754970000000000000e+06 2.755159000000000000e+06
2.770003000000000000e+06 2.770249000000000000e+06
2.774392000000000000e+06 2.774491000000000000e+06
2.775605000000000000e+06 2.775799000000000000e+06
2.777426000000000000e+06 2.777739000000000000e+06
2.783630000000000000e+06 2.783996000000000000e+06
2.785398000000000000e+06 2.785659000000000000e+06
2.797304000000000000e+06 2.797403000000000000e+06
2.816985000000000000e+06 2.817399000000000000e+06
2.820927000000000000e+06 2.821220000000000000e+06
2.824034000000000000e+06 2.824254000000000000e+06
2.828768000000000000e+06 2.828899000000000000e+06
2.835887000000000000e+06 2.835982000000000000e+06
2.840844000000000000e+06 2.841100000000000000e+06
2.855293000000000000e+06 2.855393000000000000e+06
2.856098000000000000e+06 2.856193000000000000e+06
2.872502000000000000e+06 2.872748000000000000e+06
2.893761000000000000e+06 2.894023000000000000e+06
2.898202000000000000e+06 2.898349000000000000e+06
2.898798000000000000e+06 2.898893000000000000e+06
2.902659000000000000e+06 2.902806000000000000e+06
2.904464000000000000e+06 2.904610000000000000e+06
2.905573000000000000e+06 2.905787000000000000e+06
2.924760000000000000e+06 2.924876000000000000e+06
2.951759000000000000e+06 2.951970000000000000e+06
2.953993000000000000e+06 2.954176000000000000e+06
2.972826000000000000e+06 2.973109000000000000e+06
2.973754000000000000e+06 2.974539000000000000e+06
2.975287000000000000e+06 2.975705000000000000e+06
2.976308000000000000e+06 2.976511000000000000e+06
2.977032000000000000e+06 2.977454000000000000e+06
2.978332000000000000e+06 2.978715000000000000e+06
2.979247000000000000e+06 2.979556000000000000e+06
2.981167000000000000e+06 2.981758000000000000e+06
2.984112000000000000e+06 2.984410000000000000e+06
2.985476000000000000e+06 2.985793000000000000e+06
2.986544000000000000e+06 2.987282000000000000e+06
2.988668000000000000e+06 2.988935000000000000e+06
2.989719000000000000e+06 2.990295000000000000e+06
2.991378000000000000e+06 2.991896000000000000e+06
2.992466000000000000e+06 2.992994000000000000e+06
2.993891000000000000e+06 2.994106000000000000e+06
2.994592000000000000e+06 2.994712000000000000e+06
2.996266000000000000e+06 2.996695000000000000e+06
2.998482000000000000e+06 2.998893000000000000e+06
2.999965000000000000e+06 3.000115000000000000e+06
3.001320000000000000e+06 3.001576000000000000e+06
3.005331000000000000e+06 3.005535000000000000e+06
3.006170000000000000e+06 3.006298000000000000e+06
3.007182000000000000e+06 3.007509000000000000e+06
3.008476000000000000e+06 3.008765000000000000e+06
3.010045000000000000e+06 3.010317000000000000e+06
3.011504000000000000e+06 3.011818000000000000e+06
3.016311000000000000e+06 3.016594000000000000e+06
3.017037000000000000e+06 3.017187000000000000e+06
3.019230000000000000e+06 3.019392000000000000e+06
3.020493000000000000e+06 3.020698000000000000e+06
3.027948000000000000e+06 3.028120000000000000e+06
3.028787000000000000e+06 3.028954000000000000e+06
3.029687000000000000e+06 3.029980000000000000e+06
3.032036000000000000e+06 3.032653000000000000e+06
3.033176000000000000e+06 3.033982000000000000e+06
3.035828000000000000e+06 3.035944000000000000e+06
3.036221000000000000e+06 3.036702000000000000e+06
3.037335000000000000e+06 3.037832000000000000e+06
3.038088000000000000e+06 3.038658000000000000e+06
3.039506000000000000e+06 3.039830000000000000e+06
3.040793000000000000e+06 3.040997000000000000e+06
3.041222000000000000e+06 3.041713000000000000e+06
3.043126000000000000e+06 3.043345000000000000e+06
3.043544000000000000e+06 3.043743000000000000e+06
3.043837000000000000e+06 3.043963000000000000e+06
3.044350000000000000e+06 3.044517000000000000e+06
3.045129000000000000e+06 3.045443000000000000e+06
3.046050000000000000e+06 3.046641000000000000e+06
3.047096000000000000e+06 3.047284000000000000e+06
3.047944000000000000e+06 3.048508000000000000e+06
3.049236000000000000e+06 3.050151000000000000e+06
3.050729000000000000e+06 3.051095000000000000e+06
3.052147000000000000e+06 3.052450000000000000e+06
3.052565000000000000e+06 3.052863000000000000e+06
3.054652000000000000e+06 3.055045000000000000e+06
3.056671000000000000e+06 3.056886000000000000e+06
3.058549000000000000e+06 3.058832000000000000e+06
3.059392000000000000e+06 3.059888000000000000e+06
3.060668000000000000e+06 3.061217000000000000e+06
3.062164000000000000e+06 3.062760000000000000e+06
3.065151000000000000e+06 3.065261000000000000e+06
3.067154000000000000e+06 3.067479000000000000e+06
3.068033000000000000e+06 3.068169000000000000e+06
3.068996000000000000e+06 3.069383000000000000e+06
3.069964000000000000e+06 3.070382000000000000e+06
3.072024000000000000e+06 3.072338000000000000e+06
3.073866000000000000e+06 3.074410000000000000e+06
3.075399000000000000e+06 3.075869000000000000e+06
3.076089000000000000e+06 3.076497000000000000e+06
3.077057000000000000e+06 3.077172000000000000e+06
3.077360000000000000e+06 3.077758000000000000e+06
3.079737000000000000e+06 3.080087000000000000e+06
3.084090000000000000e+06 3.084252000000000000e+06
3.084399000000000000e+06 3.084472000000000000e+06
3.084754000000000000e+06 3.085037000000000000e+06
3.087584000000000000e+06 3.087694000000000000e+06
3.088986000000000000e+06 3.089378000000000000e+06
3.089886000000000000e+06 3.090058000000000000e+06
3.092423000000000000e+06 3.092507000000000000e+06
3.093153000000000000e+06 3.093488000000000000e+06
3.094926000000000000e+06 3.095126000000000000e+06
3.098431000000000000e+06 3.098886000000000000e+06
3.099461000000000000e+06 3.099613000000000000e+06
3.102064000000000000e+06 3.102231000000000000e+06
3.103176000000000000e+06 3.103432000000000000e+06
3.105783000000000000e+06 3.105888000000000000e+06
3.109582000000000000e+06 3.109704000000000000e+06
3.111022000000000000e+06 3.111503000000000000e+06
3.112989000000000000e+06 3.113214000000000000e+06
3.115395000000000000e+06 3.115510000000000000e+06
3.116058000000000000e+06 3.116329000000000000e+06
3.119240000000000000e+06 3.119543000000000000e+06
3.123372000000000000e+06 3.123718000000000000e+06
3.126515000000000000e+06 3.126704000000000000e+06
3.127887000000000000e+06 3.128004000000000000e+06
3.131224000000000000e+06 3.131355000000000000e+06
3.131543000000000000e+06 3.131637000000000000e+06
3.132370000000000000e+06 3.132637000000000000e+06
3.133685000000000000e+06 3.133889000000000000e+06
3.137214000000000000e+06 3.137344000000000000e+06
3.139562000000000000e+06 3.139746000000000000e+06
3.147948000000000000e+06 3.148187000000000000e+06
3.149896000000000000e+06 3.150189000000000000e+06
3.151413000000000000e+06 3.151602000000000000e+06
3.153032000000000000e+06 3.153132000000000000e+06
3.155190000000000000e+06 3.155305000000000000e+06
3.157131000000000000e+06 3.157492000000000000e+06
3.160404000000000000e+06 3.160687000000000000e+06
3.164256000000000000e+06 3.164418000000000000e+06
3.165587000000000000e+06 3.165910000000000000e+06
3.167332000000000000e+06 3.167715000000000000e+06
3.171087000000000000e+06 3.171404000000000000e+06
3.172275000000000000e+06 3.172698000000000000e+06
3.173284000000000000e+06 3.173729000000000000e+06
3.174859000000000000e+06 3.175131000000000000e+06
3.175785000000000000e+06 3.176120000000000000e+06
3.177270000000000000e+06 3.177537000000000000e+06
3.180414000000000000e+06 3.180681000000000000e+06
3.181738000000000000e+06 3.182010000000000000e+06
3.184237000000000000e+06 3.184493000000000000e+06
3.191198000000000000e+06 3.191498000000000000e+06
3.192833000000000000e+06 3.193094000000000000e+06
3.194985000000000000e+06 3.195294000000000000e+06
3.196824000000000000e+06 3.197216000000000000e+06
3.198969000000000000e+06 3.199141000000000000e+06
3.201490000000000000e+06 3.201621000000000000e+06
3.202766000000000000e+06 3.202950000000000000e+06
3.205120000000000000e+06 3.205445000000000000e+06
3.206496000000000000e+06 3.206747000000000000e+06
3.207579000000000000e+06 3.207652000000000000e+06
3.212476000000000000e+06 3.212620000000000000e+06
3.213604000000000000e+06 3.213854000000000000e+06
3.216965000000000000e+06 3.217348000000000000e+06
3.220487000000000000e+06 3.220576000000000000e+06
3.225258000000000000e+06 3.225564000000000000e+06
3.230604000000000000e+06 3.230843000000000000e+06
3.233818000000000000e+06 3.234027000000000000e+06
3.240984000000000000e+06 3.241429000000000000e+06
3.242067000000000000e+06 3.242334000000000000e+06
3.243202000000000000e+06 3.243354000000000000e+06
3.244536000000000000e+06 3.244814000000000000e+06
3.248896000000000000e+06 3.249189000000000000e+06
3.263339000000000000e+06 3.263622000000000000e+06
