1.540700000000000000e+05 1.541930000000000000e+05 2.000000000000000000e+00
1.566150000000000000e+05 1.567590000000000000e+05 1.000000000000000000e+00
1.570540000000000000e+05 1.575370000000000000e+05 1.000000000000000000e+00
1.623430000000000000e+05 1.625090000000000000e+05 2.000000000000000000e+00
1.632090000000000000e+05 1.632870000000000000e+05 2.000000000000000000e+00
1.639980000000000000e+05 1.642260000000000000e+05 2.000000000000000000e+00
1.650760000000000000e+05 1.652700000000000000e+05 2.000000000000000000e+00
1.680320000000000000e+05 1.681650000000000000e+05 2.000000000000000000e+00
1.700200000000000000e+05 1.703430000000000000e+05 2.000000000000000000e+00
1.711650000000000000e+05 1.714700000000000000e+05 2.000000000000000000e+00
1.727430000000000000e+05 1.733820000000000000e+05 2.000000000000000000e+00
1.741540000000000000e+05 1.746700000000000000e+05 2.000000000000000000e+00
1.762540000000000000e+05 1.765650000000000000e+05 2.000000000000000000e+00
1.771540000000000000e+05 1.773260000000000000e+05 2.000000000000000000e+00
1.780390000000000000e+05 1.781130000000000000e+05 1.000000000000000000e+00
1.789480000000000000e+05 1.792090000000000000e+05 2.000000000000000000e+00
1.800150000000000000e+05 1.801150000000000000e+05 2.000000000000000000e+00
1.801430000000000000e+05 1.805150000000000000e+05 2.000000000000000000e+00
1.813930000000000000e+05 1.819040000000000000e+05 2.000000000000000000e+00
1.822820000000000000e+05 1.826930000000000000e+05 2.000000000000000000e+00
1.835760000000000000e+05 1.838200000000000000e+05 2.000000000000000000e+00
1.849320000000000000e+05 1.850480000000000000e+05 1.000000000000000000e+00
1.877760000000000000e+05 1.879590000000000000e+05 2.000000000000000000e+00
1.893320000000000000e+05 1.897260000000000000e+05 2.000000000000000000e+00
1.919870000000000000e+05 1.921760000000000000e+05 1.000000000000000000e+00
1.925260000000000000e+05 1.926480000000000000e+05 1.000000000000000000e+00
1.929650000000000000e+05 1.934040000000000000e+05 1.000000000000000000e+00
1.939870000000000000e+05 1.943200000000000000e+05 2.000000000000000000e+00
1.964870000000000000e+05 1.966820000000000000e+05 2.000000000000000000e+00
1.997930000000000000e+05 2.001700000000000000e+05 2.000000000000000000e+00
2.045980000000000000e+05 2.047480000000000000e+05 1.000000000000000000e+00
2.048380000000000000e+05 2.049010000000000000e+05 1.000000000000000000e+00
2.053980000000000000e+05 2.057540000000000000e+05 1.000000000000000000e+00
2.083700000000000000e+05 2.085100000000000000e+05 2.000000000000000000e+00
2.093430000000000000e+05 2.095700000000000000e+05 2.000000000000000000e+00
2.144260000000000000e+05 2.146040000000000000e+05 2.000000000000000000e+00
2.149430000000000000e+05 2.152200000000000000e+05 1.000000000000000000e+00
2.153980000000000000e+05 2.155760000000000000e+05 1.000000000000000000e+00
2.161200000000000000e+05 2.162540000000000000e+05 2.000000000000000000e+00
2.170840000000000000e+05 2.173610000000000000e+05 1.000000000000000000e+00
2.188700000000000000e+05 2.190430000000000000e+05 1.000000000000000000e+00
2.192090000000000000e+05 2.196480000000000000e+05 1.000000000000000000e+00
2.208760000000000000e+05 2.212370000000000000e+05 2.000000000000000000e+00
2.229990000000000000e+05 2.232040000000000000e+05 2.000000000000000000e+00
2.236700000000000000e+05 2.239090000000000000e+05 2.000000000000000000e+00
2.242870000000000000e+05 2.243760000000000000e+05 1.000000000000000000e+00
2.253240000000000000e+05 2.254300000000000000e+05 2.000000000000000000e+00
2.255080000000000000e+05 2.256500000000000000e+05 1.000000000000000000e+00
2.261370000000000000e+05 2.262540000000000000e+05 1.000000000000000000e+00
2.263800000000000000e+05 2.265910000000000000e+05 2.000000000000000000e+00
2.277870000000000000e+05 2.279650000000000000e+05 2.000000000000000000e+00
2.300480000000000000e+05 2.304370000000000000e+05 1.000000000000000000e+00
2.307370000000000000e+05 2.308870000000000000e+05 2.000000000000000000e+00
2.324700000000000000e+05 2.326430000000000000e+05 2.000000000000000000e+00
2.411430000000000000e+05 2.413090000000000000e+05 1.000000000000000000e+00
2.461160000000000000e+05 2.463470000000000000e+05 2.000000000000000000e+00
2.495260000000000000e+05 2.497370000000000000e+05 1.000000000000000000e+00
2.551650000000000000e+05 2.553200000000000000e+05 2.000000000000000000e+00
2.581540000000000000e+05 2.583370000000000000e+05 2.000000000000000000e+00
2.603200000000000000e+05 2.606260000000000000e+05 2.000000000000000000e+00
2.615260000000000000e+05 2.616200000000000000e+05 2.000000000000000000e+00
2.647930000000000000e+05 2.649590000000000000e+05 2.000000000000000000e+00
2.740090000000000000e+05 2.741930000000000000e+05 1.000000000000000000e+00
2.874040000000000000e+05 2.875320000000000000e+05 1.000000000000000000e+00
2.919580000000000000e+05 2.921000000000000000e+05 1.000000000000000000e+00
2.930670000000000000e+05 2.931930000000000000e+05 1.000000000000000000e+00
3.127370000000000000e+05 3.128930000000000000e+05 2.000000000000000000e+00
3.132900000000000000e+05 3.134890000000000000e+05 1.000000000000000000e+00
3.164610000000000000e+05 3.165860000000000000e+05 1.000000000000000000e+00
3.211760000000000000e+05 3.213930000000000000e+05 1.000000000000000000e+00
3.674580000000000000e+05 3.675620000000000000e+05 1.000000000000000000e+00
4.254370000000000000e+05 4.255480000000000000e+05 1.000000000000000000e+00
4.416810000000000000e+05 4.418220000000000000e+05 1.000000000000000000e+00
4.896920000000000000e+05 4.898500000000000000e+05 2.000000000000000000e+00
5.569970000000000000e+05 5.570700000000000000e+05 1.000000000000000000e+00
5.591040000000000000e+05 5.593320000000000000e+05 1.000000000000000000e+00
5.728000000000000000e+05 5.728730000000000000e+05 1.000000000000000000e+00
6.019210000000000000e+05 6.020780000000000000e+05 1.000000000000000000e+00
6.620090000000000000e+05 6.621260000000000000e+05 1.000000000000000000e+00
7.146090000000000000e+05 7.147320000000000000e+05 2.000000000000000000e+00
7.165670000000000000e+05 7.167290000000000000e+05 1.000000000000000000e+00
7.185480000000000000e+05 7.187820000000000000e+05 2.000000000000000000e+00
7.198820000000000000e+05 7.200370000000000000e+05 2.000000000000000000e+00
7.204870000000000000e+05 7.207480000000000000e+05 2.000000000000000000e+00
7.208430000000000000e+05 7.209820000000000000e+05 2.000000000000000000e+00
7.213590000000000000e+05 7.216480000000000000e+05 2.000000000000000000e+00
7.222140000000000000e+05 7.224390000000000000e+05 1.000000000000000000e+00
7.228810000000000000e+05 7.229750000000000000e+05 1.000000000000000000e+00
7.253290000000000000e+05 7.255540000000000000e+05 1.000000000000000000e+00
7.321200000000000000e+05 7.323320000000000000e+05 2.000000000000000000e+00
7.361760000000000000e+05 7.364320000000000000e+05 1.000000000000000000e+00
7.392670000000000000e+05 7.394810000000000000e+05 1.000000000000000000e+00
7.404430000000000000e+05 7.406930000000000000e+05 2.000000000000000000e+00
7.419700000000000000e+05 7.423370000000000000e+05 2.000000000000000000e+00
7.428400000000000000e+05 7.430650000000000000e+05 1.000000000000000000e+00
7.431850000000000000e+05 7.433260000000000000e+05 2.000000000000000000e+00
7.448430000000000000e+05 7.453650000000000000e+05 2.000000000000000000e+00
7.458590000000000000e+05 7.462040000000000000e+05 2.000000000000000000e+00
7.463290000000000000e+05 7.465280000000000000e+05 1.000000000000000000e+00
7.473320000000000000e+05 7.475650000000000000e+05 2.000000000000000000e+00
7.495760000000000000e+05 7.497480000000000000e+05 2.000000000000000000e+00
7.542260000000000000e+05 7.544590000000000000e+05 2.000000000000000000e+00
7.556430000000000000e+05 7.558590000000000000e+05 2.000000000000000000e+00
7.560870000000000000e+05 7.562980000000000000e+05 2.000000000000000000e+00
7.577700000000000000e+05 7.579540000000000000e+05 2.000000000000000000e+00
7.581320000000000000e+05 7.582700000000000000e+05 2.000000000000000000e+00
7.615150000000000000e+05 7.617540000000000000e+05 1.000000000000000000e+00
7.623700000000000000e+05 7.628200000000000000e+05 1.000000000000000000e+00
7.681200000000000000e+05 7.683700000000000000e+05 2.000000000000000000e+00
7.684920000000000000e+05 7.686450000000000000e+05 2.000000000000000000e+00
7.692700000000000000e+05 7.694980000000000000e+05 1.000000000000000000e+00
7.701040000000000000e+05 7.702820000000000000e+05 2.000000000000000000e+00
7.732980000000000000e+05 7.735040000000000000e+05 1.000000000000000000e+00
7.763480000000000000e+05 7.765590000000000000e+05 2.000000000000000000e+00
7.776930000000000000e+05 7.778820000000000000e+05 2.000000000000000000e+00
7.798930000000000000e+05 7.801150000000000000e+05 1.000000000000000000e+00
7.809700000000000000e+05 7.815870000000000000e+05 1.000000000000000000e+00
7.840760000000000000e+05 7.845930000000000000e+05 2.000000000000000000e+00
7.852740000000000000e+05 7.854260000000000000e+05 1.000000000000000000e+00
7.863820000000000000e+05 7.866040000000000000e+05 2.000000000000000000e+00
7.876980000000000000e+05 7.882090000000000000e+05 2.000000000000000000e+00
7.889210000000000000e+05 7.893300000000000000e+05 2.000000000000000000e+00
7.894860000000000000e+05 7.895910000000000000e+05 2.000000000000000000e+00
7.909200000000000000e+05 7.913370000000000000e+05 2.000000000000000000e+00
7.940590000000000000e+05 7.942260000000000000e+05 1.000000000000000000e+00
7.946980000000000000e+05 7.948700000000000000e+05 2.000000000000000000e+00
7.964930000000000000e+05 7.969820000000000000e+05 2.000000000000000000e+00
8.005090000000000000e+05 8.008540000000000000e+05 1.000000000000000000e+00
8.012650000000000000e+05 8.015090000000000000e+05 1.000000000000000000e+00
8.021150000000000000e+05 8.023760000000000000e+05 1.000000000000000000e+00
8.031370000000000000e+05 8.032650000000000000e+05 1.000000000000000000e+00
8.041540000000000000e+05 8.042980000000000000e+05 2.000000000000000000e+00
8.048650000000000000e+05 8.049650000000000000e+05 2.000000000000000000e+00
8.070870000000000000e+05 8.072480000000000000e+05 2.000000000000000000e+00
8.099590000000000000e+05 8.101350000000000000e+05 2.000000000000000000e+00
8.137480000000000000e+05 8.139930000000000000e+05 1.000000000000000000e+00
8.154320000000000000e+05 8.158320000000000000e+05 1.000000000000000000e+00
8.165870000000000000e+05 8.167760000000000000e+05 1.000000000000000000e+00
8.220090000000000000e+05 8.222430000000000000e+05 2.000000000000000000e+00
8.233040000000000000e+05 8.236040000000000000e+05 2.000000000000000000e+00
8.240700000000000000e+05 8.243870000000000000e+05 2.000000000000000000e+00
8.306820000000000000e+05 8.310220000000000000e+05 2.000000000000000000e+00
8.360150000000000000e+05 8.362150000000000000e+05 2.000000000000000000e+00
8.376650000000000000e+05 8.379930000000000000e+05 2.000000000000000000e+00
8.391200000000000000e+05 8.392500000000000000e+05 1.000000000000000000e+00
8.407200000000000000e+05 8.411320000000000000e+05 1.000000000000000000e+00
8.417590000000000000e+05 8.421320000000000000e+05 1.000000000000000000e+00
8.436260000000000000e+05 8.442430000000000000e+05 2.000000000000000000e+00
8.458020000000000000e+05 8.459540000000000000e+05 1.000000000000000000e+00
8.464210000000000000e+05 8.466000000000000000e+05 2.000000000000000000e+00
8.486160000000000000e+05 8.487580000000000000e+05 1.000000000000000000e+00
8.494580000000000000e+05 8.495670000000000000e+05 1.000000000000000000e+00
8.508260000000000000e+05 8.510370000000000000e+05 2.000000000000000000e+00
8.514370000000000000e+05 8.517490000000000000e+05 2.000000000000000000e+00
8.525980000000000000e+05 8.527540000000000000e+05 2.000000000000000000e+00
8.531930000000000000e+05 8.535760000000000000e+05 2.000000000000000000e+00
8.539480000000000000e+05 8.541980000000000000e+05 2.000000000000000000e+00
8.545370000000000000e+05 8.548090000000000000e+05 2.000000000000000000e+00
8.586160000000000000e+05 8.587660000000000000e+05 1.000000000000000000e+00
8.606000000000000000e+05 8.607450000000000000e+05 1.000000000000000000e+00
8.628700000000000000e+05 8.630820000000000000e+05 2.000000000000000000e+00
8.638490000000000000e+05 8.641310000000000000e+05 2.000000000000000000e+00
8.645200000000000000e+05 8.648820000000000000e+05 2.000000000000000000e+00
8.659930000000000000e+05 8.664150000000000000e+05 2.000000000000000000e+00
8.672760000000000000e+05 8.676260000000000000e+05 1.000000000000000000e+00
8.703650000000000000e+05 8.707320000000000000e+05 1.000000000000000000e+00
8.707860000000000000e+05 8.708850000000000000e+05 1.000000000000000000e+00
8.719040000000000000e+05 8.725650000000000000e+05 2.000000000000000000e+00
8.731590000000000000e+05 8.734040000000000000e+05 1.000000000000000000e+00
8.752040000000000000e+05 8.756260000000000000e+05 2.000000000000000000e+00
8.757540000000000000e+05 8.763080000000000000e+05 2.000000000000000000e+00
8.765820000000000000e+05 8.768480000000000000e+05 2.000000000000000000e+00
8.776200000000000000e+05 8.779700000000000000e+05 2.000000000000000000e+00
8.793200000000000000e+05 8.796370000000000000e+05 2.000000000000000000e+00
8.800110000000000000e+05 8.803130000000000000e+05 2.000000000000000000e+00
8.805320000000000000e+05 8.808370000000000000e+05 1.000000000000000000e+00
8.817650000000000000e+05 8.820370000000000000e+05 2.000000000000000000e+00
8.821040000000000000e+05 8.825370000000000000e+05 2.000000000000000000e+00
8.833700000000000000e+05 8.836980000000000000e+05 2.000000000000000000e+00
8.846370000000000000e+05 8.848480000000000000e+05 2.000000000000000000e+00
8.859480000000000000e+05 8.862540000000000000e+05 2.000000000000000000e+00
8.870820000000000000e+05 8.871870000000000000e+05 2.000000000000000000e+00
8.876480000000000000e+05 8.879200000000000000e+05 2.000000000000000000e+00
8.903650000000000000e+05 8.904980000000000000e+05 1.000000000000000000e+00
8.925430000000000000e+05 8.929370000000000000e+05 2.000000000000000000e+00
8.935650000000000000e+05 8.940260000000000000e+05 2.000000000000000000e+00
8.951370000000000000e+05 8.954150000000000000e+05 2.000000000000000000e+00
8.963150000000000000e+05 8.965370000000000000e+05 2.000000000000000000e+00
8.982980000000000000e+05 8.987700000000000000e+05 2.000000000000000000e+00
8.992980000000000000e+05 8.995370000000000000e+05 2.000000000000000000e+00
9.009260000000000000e+05 9.010930000000000000e+05 2.000000000000000000e+00
9.022290000000000000e+05 9.023130000000000000e+05 1.000000000000000000e+00
9.028460000000000000e+05 9.036210000000000000e+05 2.000000000000000000e+00
9.040150000000000000e+05 9.044980000000000000e+05 2.000000000000000000e+00
9.053930000000000000e+05 9.055590000000000000e+05 2.000000000000000000e+00
9.064370000000000000e+05 9.067980000000000000e+05 1.000000000000000000e+00
9.086320000000000000e+05 9.088930000000000000e+05 2.000000000000000000e+00
9.131320000000000000e+05 9.133590000000000000e+05 2.000000000000000000e+00
9.160350000000000000e+05 9.161930000000000000e+05 2.000000000000000000e+00
9.190030000000000000e+05 9.192330000000000000e+05 1.000000000000000000e+00
9.244200000000000000e+05 9.246700000000000000e+05 1.000000000000000000e+00
9.307430000000000000e+05 9.310590000000000000e+05 2.000000000000000000e+00
9.315090000000000000e+05 9.317430000000000000e+05 2.000000000000000000e+00
9.326650000000000000e+05 9.331320000000000000e+05 2.000000000000000000e+00
9.344480000000000000e+05 9.346700000000000000e+05 2.000000000000000000e+00
9.362840000000000000e+05 9.365140000000000000e+05 2.000000000000000000e+00
9.376200000000000000e+05 9.378610000000000000e+05 1.000000000000000000e+00
9.404540000000000000e+05 9.406150000000000000e+05 1.000000000000000000e+00
9.419700000000000000e+05 9.421930000000000000e+05 1.000000000000000000e+00
9.459480000000000000e+05 9.460320000000000000e+05 2.000000000000000000e+00
9.472700000000000000e+05 9.474260000000000000e+05 2.000000000000000000e+00
9.500720000000000000e+05 9.502030000000000000e+05 1.000000000000000000e+00
9.512930000000000000e+05 9.515040000000000000e+05 1.000000000000000000e+00
9.516260000000000000e+05 9.517780000000000000e+05 1.000000000000000000e+00
9.523370000000000000e+05 9.525480000000000000e+05 1.000000000000000000e+00
9.529760000000000000e+05 9.532320000000000000e+05 1.000000000000000000e+00
9.548180000000000000e+05 9.549430000000000000e+05 2.000000000000000000e+00
9.554320000000000000e+05 9.555980000000000000e+05 2.000000000000000000e+00
9.564590000000000000e+05 9.568540000000000000e+05 1.000000000000000000e+00
9.588190000000000000e+05 9.589390000000000000e+05 1.000000000000000000e+00
9.599320000000000000e+05 9.600760000000000000e+05 1.000000000000000000e+00
9.614930000000000000e+05 9.617760000000000000e+05 2.000000000000000000e+00
9.648870000000000000e+05 9.651120000000000000e+05 1.000000000000000000e+00
9.697480000000000000e+05 9.699430000000000000e+05 2.000000000000000000e+00
9.714430000000000000e+05 9.715650000000000000e+05 1.000000000000000000e+00
9.738820000000000000e+05 9.739820000000000000e+05 2.000000000000000000e+00
9.745820000000000000e+05 9.746870000000000000e+05 1.000000000000000000e+00
9.763980000000000000e+05 9.765260000000000000e+05 1.000000000000000000e+00
9.775650000000000000e+05 9.777430000000000000e+05 2.000000000000000000e+00
9.786290000000000000e+05 9.788540000000000000e+05 1.000000000000000000e+00
9.805370000000000000e+05 9.808980000000000000e+05 2.000000000000000000e+00
9.832040000000000000e+05 9.834700000000000000e+05 2.000000000000000000e+00
9.883140000000000000e+05 9.885280000000000000e+05 1.000000000000000000e+00
9.894150000000000000e+05 9.895650000000000000e+05 2.000000000000000000e+00
9.897590000000000000e+05 9.899540000000000000e+05 2.000000000000000000e+00
9.958150000000000000e+05 9.959040000000000000e+05 1.000000000000000000e+00
9.983030000000000000e+05 9.984020000000000000e+05 1.000000000000000000e+00
1.003765000000000000e+06 1.003898000000000000e+06 1.000000000000000000e+00
1.011954000000000000e+06 1.012148000000000000e+06 1.000000000000000000e+00
1.014043000000000000e+06 1.014148000000000000e+06 1.000000000000000000e+00
1.014959000000000000e+06 1.015082000000000000e+06 1.000000000000000000e+00
1.016176000000000000e+06 1.016365000000000000e+06 1.000000000000000000e+00
1.019376000000000000e+06 1.019754000000000000e+06 1.000000000000000000e+00
1.025009000000000000e+06 1.025204000000000000e+06 1.000000000000000000e+00
1.032004000000000000e+06 1.032226000000000000e+06 1.000000000000000000e+00
1.035354000000000000e+06 1.035532000000000000e+06 2.000000000000000000e+00
1.038555000000000000e+06 1.038689000000000000e+06 2.000000000000000000e+00
1.048034000000000000e+06 1.048128000000000000e+06 1.000000000000000000e+00
1.061770000000000000e+06 1.061882000000000000e+06 1.000000000000000000e+00
1.062920000000000000e+06 1.063115000000000000e+06 1.000000000000000000e+00
1.066059000000000000e+06 1.066359000000000000e+06 1.000000000000000000e+00
1.067917000000000000e+06 1.068017000000000000e+06 1.000000000000000000e+00
1.078848000000000000e+06 1.079054000000000000e+06 2.000000000000000000e+00
1.080026000000000000e+06 1.080454000000000000e+06 2.000000000000000000e+00
1.085834000000000000e+06 1.086028000000000000e+06 1.000000000000000000e+00
1.086487000000000000e+06 1.086782000000000000e+06 1.000000000000000000e+00
1.125737000000000000e+06 1.125893000000000000e+06 2.000000000000000000e+00
1.127337000000000000e+06 1.127559000000000000e+06 2.000000000000000000e+00
1.138954000000000000e+06 1.139148000000000000e+06 2.000000000000000000e+00
1.140615000000000000e+06 1.140798000000000000e+06 2.000000000000000000e+00
1.141782000000000000e+06 1.142048000000000000e+06 2.000000000000000000e+00
1.142187000000000000e+06 1.142404000000000000e+06 1.000000000000000000e+00
1.142987000000000000e+06 1.143643000000000000e+06 2.000000000000000000e+00
1.157415000000000000e+06 1.157565000000000000e+06 1.000000000000000000e+00
1.158259000000000000e+06 1.158876000000000000e+06 2.000000000000000000e+00
1.161193000000000000e+06 1.161315000000000000e+06 1.000000000000000000e+00
1.163234000000000000e+06 1.163477000000000000e+06 1.000000000000000000e+00
1.431909000000000000e+06 1.432098000000000000e+06 2.000000000000000000e+00
1.432493000000000000e+06 1.432820000000000000e+06 2.000000000000000000e+00
1.442415000000000000e+06 1.442804000000000000e+06 2.000000000000000000e+00
1.443793000000000000e+06 1.444220000000000000e+06 2.000000000000000000e+00
1.445054000000000000e+06 1.445232000000000000e+06 2.000000000000000000e+00
1.445976000000000000e+06 1.446126000000000000e+06 2.000000000000000000e+00
1.463221000000000000e+06 1.463327000000000000e+06 2.000000000000000000e+00
1.468743000000000000e+06 1.468926000000000000e+06 1.000000000000000000e+00
1.470414000000000000e+06 1.470488000000000000e+06 1.000000000000000000e+00
1.470793000000000000e+06 1.470965000000000000e+06 1.000000000000000000e+00
1.471932000000000000e+06 1.472032000000000000e+06 2.000000000000000000e+00
1.472873000000000000e+06 1.472941000000000000e+06 1.000000000000000000e+00
1.474620000000000000e+06 1.474798000000000000e+06 1.000000000000000000e+00
1.475426000000000000e+06 1.475808000000000000e+06 1.000000000000000000e+00
1.778729000000000000e+06 1.778912000000000000e+06 1.000000000000000000e+00
1.779660000000000000e+06 1.779765000000000000e+06 1.000000000000000000e+00
1.801643000000000000e+06 1.801843000000000000e+06 1.000000000000000000e+00
1.807720000000000000e+06 1.808020000000000000e+06 1.000000000000000000e+00
1.808693000000000000e+06 1.808887000000000000e+06 1.000000000000000000e+00
1.810593000000000000e+06 1.810798000000000000e+06 2.000000000000000000e+00
1.812438000000000000e+06 1.812584000000000000e+06 1.000000000000000000e+00
1.815976000000000000e+06 1.816343000000000000e+06 2.000000000000000000e+00
1.816676000000000000e+06 1.816959000000000000e+06 2.000000000000000000e+00
1.817240000000000000e+06 1.817407000000000000e+06 1.000000000000000000e+00
1.817804000000000000e+06 1.818154000000000000e+06 2.000000000000000000e+00
1.818970000000000000e+06 1.819098000000000000e+06 1.000000000000000000e+00
1.820057000000000000e+06 1.820203000000000000e+06 1.000000000000000000e+00
1.820320000000000000e+06 1.820454000000000000e+06 2.000000000000000000e+00
1.820959000000000000e+06 1.821115000000000000e+06 2.000000000000000000e+00
1.821354000000000000e+06 1.821593000000000000e+06 2.000000000000000000e+00
1.821682000000000000e+06 1.822026000000000000e+06 2.000000000000000000e+00
1.822615000000000000e+06 1.822754000000000000e+06 1.000000000000000000e+00
1.824726000000000000e+06 1.825009000000000000e+06 2.000000000000000000e+00
1.825926000000000000e+06 1.826148000000000000e+06 1.000000000000000000e+00
1.826520000000000000e+06 1.826837000000000000e+06 2.000000000000000000e+00
1.828115000000000000e+06 1.828432000000000000e+06 1.000000000000000000e+00
1.829159000000000000e+06 1.829354000000000000e+06 1.000000000000000000e+00
1.830609000000000000e+06 1.830848000000000000e+06 1.000000000000000000e+00
1.833893000000000000e+06 1.834120000000000000e+06 2.000000000000000000e+00
1.834670000000000000e+06 1.834889000000000000e+06 2.000000000000000000e+00
1.836654000000000000e+06 1.836870000000000000e+06 2.000000000000000000e+00
1.837332000000000000e+06 1.837737000000000000e+06 2.000000000000000000e+00
1.838632000000000000e+06 1.838943000000000000e+06 1.000000000000000000e+00
1.839870000000000000e+06 1.840437000000000000e+06 1.000000000000000000e+00
1.840937000000000000e+06 1.841293000000000000e+06 2.000000000000000000e+00
1.841915000000000000e+06 1.842159000000000000e+06 1.000000000000000000e+00
1.843718000000000000e+06 1.843979000000000000e+06 1.000000000000000000e+00
1.844304000000000000e+06 1.844587000000000000e+06 1.000000000000000000e+00
1.846315000000000000e+06 1.846543000000000000e+06 2.000000000000000000e+00
1.847098000000000000e+06 1.847437000000000000e+06 2.000000000000000000e+00
1.848243000000000000e+06 1.848659000000000000e+06 1.000000000000000000e+00
1.848815000000000000e+06 1.849282000000000000e+06 2.000000000000000000e+00
1.849637000000000000e+06 1.850165000000000000e+06 2.000000000000000000e+00
1.851076000000000000e+06 1.851465000000000000e+06 1.000000000000000000e+00
1.853106000000000000e+06 1.853310000000000000e+06 1.000000000000000000e+00
1.853432000000000000e+06 1.853743000000000000e+06 2.000000000000000000e+00
1.854133000000000000e+06 1.854236000000000000e+06 1.000000000000000000e+00
1.855126000000000000e+06 1.855520000000000000e+06 1.000000000000000000e+00
1.856443000000000000e+06 1.856598000000000000e+06 2.000000000000000000e+00
1.859354000000000000e+06 1.859793000000000000e+06 1.000000000000000000e+00
1.860832000000000000e+06 1.861170000000000000e+06 1.000000000000000000e+00
1.862565000000000000e+06 1.862726000000000000e+06 1.000000000000000000e+00
1.862993000000000000e+06 1.863215000000000000e+06 1.000000000000000000e+00
1.871082000000000000e+06 1.871265000000000000e+06 1.000000000000000000e+00
1.872904000000000000e+06 1.873020000000000000e+06 1.000000000000000000e+00
1.876293000000000000e+06 1.876548000000000000e+06 1.000000000000000000e+00
1.876987000000000000e+06 1.877159000000000000e+06 1.000000000000000000e+00
1.877971000000000000e+06 1.878335000000000000e+06 2.000000000000000000e+00
1.879243000000000000e+06 1.879526000000000000e+06 1.000000000000000000e+00
1.879859000000000000e+06 1.879965000000000000e+06 1.000000000000000000e+00
1.880059000000000000e+06 1.880298000000000000e+06 1.000000000000000000e+00
1.880402000000000000e+06 1.880554000000000000e+06 1.000000000000000000e+00
1.881347000000000000e+06 1.881576000000000000e+06 2.000000000000000000e+00
1.882293000000000000e+06 1.882498000000000000e+06 2.000000000000000000e+00
1.883143000000000000e+06 1.883253000000000000e+06 1.000000000000000000e+00
1.884076000000000000e+06 1.884482000000000000e+06 2.000000000000000000e+00
1.886365000000000000e+06 1.886765000000000000e+06 2.000000000000000000e+00
1.887110000000000000e+06 1.887213000000000000e+06 1.000000000000000000e+00
1.887504000000000000e+06 1.887676000000000000e+06 1.000000000000000000e+00
1.888220000000000000e+06 1.888693000000000000e+06 1.000000000000000000e+00
1.889682000000000000e+06 1.889837000000000000e+06 1.000000000000000000e+00
1.890426000000000000e+06 1.890820000000000000e+06 1.000000000000000000e+00
1.892682000000000000e+06 1.892954000000000000e+06 1.000000000000000000e+00
1.893554000000000000e+06 1.893809000000000000e+06 1.000000000000000000e+00
1.894698000000000000e+06 1.894948000000000000e+06 1.000000000000000000e+00
1.896143000000000000e+06 1.896670000000000000e+06 1.000000000000000000e+00
1.897054000000000000e+06 1.897237000000000000e+06 2.000000000000000000e+00
1.897354000000000000e+06 1.897482000000000000e+06 2.000000000000000000e+00
1.897948000000000000e+06 1.898248000000000000e+06 1.000000000000000000e+00
1.901959000000000000e+06 1.902393000000000000e+06 1.000000000000000000e+00
1.903082000000000000e+06 1.903326000000000000e+06 1.000000000000000000e+00
1.904065000000000000e+06 1.904320000000000000e+06 1.000000000000000000e+00
1.905154000000000000e+06 1.905815000000000000e+06 1.000000000000000000e+00
1.906465000000000000e+06 1.906720000000000000e+06 1.000000000000000000e+00
1.907298000000000000e+06 1.907554000000000000e+06 1.000000000000000000e+00
1.909004000000000000e+06 1.909593000000000000e+06 1.000000000000000000e+00
1.909804000000000000e+06 1.910098000000000000e+06 1.000000000000000000e+00
1.910698000000000000e+06 1.910926000000000000e+06 1.000000000000000000e+00
1.912570000000000000e+06 1.912970000000000000e+06 1.000000000000000000e+00
1.913898000000000000e+06 1.914237000000000000e+06 1.000000000000000000e+00
1.914770000000000000e+06 1.915059000000000000e+06 1.000000000000000000e+00
1.916332000000000000e+06 1.916670000000000000e+06 1.000000000000000000e+00
1.917120000000000000e+06 1.917670000000000000e+06 2.000000000000000000e+00
1.917998000000000000e+06 1.918365000000000000e+06 2.000000000000000000e+00
1.918854000000000000e+06 1.919032000000000000e+06 1.000000000000000000e+00
1.919315000000000000e+06 1.919737000000000000e+06 1.000000000000000000e+00
1.919904000000000000e+06 1.920048000000000000e+06 1.000000000000000000e+00
1.922809000000000000e+06 1.923237000000000000e+06 1.000000000000000000e+00
1.923991000000000000e+06 1.924337000000000000e+06 1.000000000000000000e+00
1.925176000000000000e+06 1.925532000000000000e+06 1.000000000000000000e+00
1.926704000000000000e+06 1.927365000000000000e+06 2.000000000000000000e+00
1.927787000000000000e+06 1.928232000000000000e+06 2.000000000000000000e+00
1.929426000000000000e+06 1.929670000000000000e+06 1.000000000000000000e+00
1.930532000000000000e+06 1.930770000000000000e+06 1.000000000000000000e+00
1.930950000000000000e+06 1.931018000000000000e+06 1.000000000000000000e+00
1.931976000000000000e+06 1.932109000000000000e+06 1.000000000000000000e+00
1.932243000000000000e+06 1.932565000000000000e+06 1.000000000000000000e+00
1.933115000000000000e+06 1.933465000000000000e+06 1.000000000000000000e+00
1.933865000000000000e+06 1.934093000000000000e+06 1.000000000000000000e+00
1.934956000000000000e+06 1.935168000000000000e+06 2.000000000000000000e+00
1.936332000000000000e+06 1.936498000000000000e+06 1.000000000000000000e+00
1.937170000000000000e+06 1.937337000000000000e+06 2.000000000000000000e+00
1.939048000000000000e+06 1.939170000000000000e+06 1.000000000000000000e+00
1.940854000000000000e+06 1.940987000000000000e+06 1.000000000000000000e+00
1.943759000000000000e+06 1.943932000000000000e+06 2.000000000000000000e+00
1.945665000000000000e+06 1.946026000000000000e+06 2.000000000000000000e+00
1.947637000000000000e+06 1.947970000000000000e+06 1.000000000000000000e+00
1.948504000000000000e+06 1.948704000000000000e+06 1.000000000000000000e+00
1.949265000000000000e+06 1.949376000000000000e+06 2.000000000000000000e+00
1.949693000000000000e+06 1.949970000000000000e+06 1.000000000000000000e+00
1.953776000000000000e+06 1.954098000000000000e+06 1.000000000000000000e+00
1.955866000000000000e+06 1.956084000000000000e+06 1.000000000000000000e+00
1.956820000000000000e+06 1.957026000000000000e+06 1.000000000000000000e+00
1.958098000000000000e+06 1.958443000000000000e+06 1.000000000000000000e+00
1.960137000000000000e+06 1.960398000000000000e+06 1.000000000000000000e+00
1.961720000000000000e+06 1.961970000000000000e+06 1.000000000000000000e+00
1.964167000000000000e+06 1.964454000000000000e+06 2.000000000000000000e+00
1.965482000000000000e+06 1.965704000000000000e+06 1.000000000000000000e+00
1.967359000000000000e+06 1.967498000000000000e+06 2.000000000000000000e+00
1.971566000000000000e+06 1.971846000000000000e+06 1.000000000000000000e+00
1.972586000000000000e+06 1.972806000000000000e+06 1.000000000000000000e+00
1.973543000000000000e+06 1.974159000000000000e+06 1.000000000000000000e+00
1.975098000000000000e+06 1.975298000000000000e+06 2.000000000000000000e+00
1.976470000000000000e+06 1.976664000000000000e+06 1.000000000000000000e+00
1.981087000000000000e+06 1.981270000000000000e+06 1.000000000000000000e+00
1.984476000000000000e+06 1.984654000000000000e+06 1.000000000000000000e+00
1.985093000000000000e+06 1.985224000000000000e+06 1.000000000000000000e+00
1.986043000000000000e+06 1.986232000000000000e+06 1.000000000000000000e+00
1.987082000000000000e+06 1.987248000000000000e+06 2.000000000000000000e+00
1.987976000000000000e+06 1.988169000000000000e+06 1.000000000000000000e+00
1.989958000000000000e+06 1.990152000000000000e+06 1.000000000000000000e+00
1.998554000000000000e+06 1.998698000000000000e+06 2.000000000000000000e+00
2.000523000000000000e+06 2.000722000000000000e+06 2.000000000000000000e+00
2.006470000000000000e+06 2.006654000000000000e+06 1.000000000000000000e+00
2.007815000000000000e+06 2.007915000000000000e+06 2.000000000000000000e+00
2.011187000000000000e+06 2.011404000000000000e+06 2.000000000000000000e+00
2.018532000000000000e+06 2.018698000000000000e+06 2.000000000000000000e+00
2.020548000000000000e+06 2.020915000000000000e+06 2.000000000000000000e+00
2.024982000000000000e+06 2.025120000000000000e+06 1.000000000000000000e+00
2.026168000000000000e+06 2.026256000000000000e+06 1.000000000000000000e+00
2.026931000000000000e+06 2.027297000000000000e+06 1.000000000000000000e+00
2.028637000000000000e+06 2.028870000000000000e+06 2.000000000000000000e+00
2.029693000000000000e+06 2.029982000000000000e+06 2.000000000000000000e+00
2.030096000000000000e+06 2.030352000000000000e+06 1.000000000000000000e+00
2.030543000000000000e+06 2.030732000000000000e+06 2.000000000000000000e+00
2.032270000000000000e+06 2.032459000000000000e+06 2.000000000000000000e+00
2.035104000000000000e+06 2.035304000000000000e+06 1.000000000000000000e+00
2.038421000000000000e+06 2.038599000000000000e+06 1.000000000000000000e+00
2.038866000000000000e+06 2.039002000000000000e+06 1.000000000000000000e+00
2.039626000000000000e+06 2.039887000000000000e+06 2.000000000000000000e+00
2.041365000000000000e+06 2.041659000000000000e+06 1.000000000000000000e+00
2.043176000000000000e+06 2.043448000000000000e+06 1.000000000000000000e+00
2.043987000000000000e+06 2.044282000000000000e+06 1.000000000000000000e+00
2.044437000000000000e+06 2.044589000000000000e+06 1.000000000000000000e+00
2.045343000000000000e+06 2.045726000000000000e+06 1.000000000000000000e+00
2.046150000000000000e+06 2.046330000000000000e+06 1.000000000000000000e+00
2.047476000000000000e+06 2.047598000000000000e+06 1.000000000000000000e+00
2.048643000000000000e+06 2.048943000000000000e+06 2.000000000000000000e+00
2.050159000000000000e+06 2.050309000000000000e+06 1.000000000000000000e+00
2.051832000000000000e+06 2.051998000000000000e+06 1.000000000000000000e+00
2.052954000000000000e+06 2.053354000000000000e+06 1.000000000000000000e+00
2.080814000000000000e+06 2.081018000000000000e+06 1.000000000000000000e+00
2.522478000000000000e+06 2.522729000000000000e+06 1.000000000000000000e+00
2.525948000000000000e+06 2.526082000000000000e+06 1.000000000000000000e+00
2.527320000000000000e+06 2.527515000000000000e+06 2.000000000000000000e+00
2.529820000000000000e+06 2.530282000000000000e+06 2.000000000000000000e+00
2.531347000000000000e+06 2.531520000000000000e+06 1.000000000000000000e+00
2.537204000000000000e+06 2.537365000000000000e+06 2.000000000000000000e+00
2.538832000000000000e+06 2.538932000000000000e+06 2.000000000000000000e+00
2.540087000000000000e+06 2.540254000000000000e+06 2.000000000000000000e+00
2.541387000000000000e+06 2.541698000000000000e+06 1.000000000000000000e+00
2.542315000000000000e+06 2.542459000000000000e+06 1.000000000000000000e+00
2.542859000000000000e+06 2.543015000000000000e+06 2.000000000000000000e+00
2.551437000000000000e+06 2.551548000000000000e+06 2.000000000000000000e+00
2.552582000000000000e+06 2.553093000000000000e+06 1.000000000000000000e+00
2.554309000000000000e+06 2.554509000000000000e+06 2.000000000000000000e+00
2.554898000000000000e+06 2.555304000000000000e+06 2.000000000000000000e+00
2.555593000000000000e+06 2.555848000000000000e+06 1.000000000000000000e+00
2.556504000000000000e+06 2.556748000000000000e+06 2.000000000000000000e+00
2.557430000000000000e+06 2.557559000000000000e+06 2.000000000000000000e+00
2.557865000000000000e+06 2.558059000000000000e+06 2.000000000000000000e+00
2.559465000000000000e+06 2.559820000000000000e+06 1.000000000000000000e+00
2.560676000000000000e+06 2.560904000000000000e+06 1.000000000000000000e+00
2.561204000000000000e+06 2.561320000000000000e+06 1.000000000000000000e+00
2.562043000000000000e+06 2.562446000000000000e+06 1.000000000000000000e+00
2.562648000000000000e+06 2.562909000000000000e+06 2.000000000000000000e+00
2.564582000000000000e+06 2.564798000000000000e+06 1.000000000000000000e+00
2.565376000000000000e+06 2.565682000000000000e+06 1.000000000000000000e+00
2.566437000000000000e+06 2.566559000000000000e+06 1.000000000000000000e+00
2.566915000000000000e+06 2.567126000000000000e+06 2.000000000000000000e+00
2.567809000000000000e+06 2.567954000000000000e+06 2.000000000000000000e+00
2.568083000000000000e+06 2.568217000000000000e+06 2.000000000000000000e+00
2.568832000000000000e+06 2.569004000000000000e+06 1.000000000000000000e+00
2.573532000000000000e+06 2.573826000000000000e+06 1.000000000000000000e+00
2.574715000000000000e+06 2.574970000000000000e+06 1.000000000000000000e+00
2.575048000000000000e+06 2.575226000000000000e+06 1.000000000000000000e+00
2.576170000000000000e+06 2.576648000000000000e+06 1.000000000000000000e+00
2.577115000000000000e+06 2.577437000000000000e+06 1.000000000000000000e+00
2.578013000000000000e+06 2.578264000000000000e+06 1.000000000000000000e+00
2.579326000000000000e+06 2.579420000000000000e+06 1.000000000000000000e+00
2.579559000000000000e+06 2.579765000000000000e+06 1.000000000000000000e+00
2.580465000000000000e+06 2.580576000000000000e+06 2.000000000000000000e+00
2.581720000000000000e+06 2.581882000000000000e+06 2.000000000000000000e+00
2.584315000000000000e+06 2.584543000000000000e+06 1.000000000000000000e+00
2.584782000000000000e+06 2.584954000000000000e+06 1.000000000000000000e+00
2.586088000000000000e+06 2.586238000000000000e+06 2.000000000000000000e+00
2.587370000000000000e+06 2.587632000000000000e+06 2.000000000000000000e+00
2.588815000000000000e+06 2.588993000000000000e+06 1.000000000000000000e+00
2.589470000000000000e+06 2.589754000000000000e+06 1.000000000000000000e+00
2.590304000000000000e+06 2.590443000000000000e+06 1.000000000000000000e+00
2.591770000000000000e+06 2.592137000000000000e+06 1.000000000000000000e+00
2.592598000000000000e+06 2.592909000000000000e+06 1.000000000000000000e+00
2.593009000000000000e+06 2.593276000000000000e+06 1.000000000000000000e+00
2.593932000000000000e+06 2.594098000000000000e+06 1.000000000000000000e+00
2.594648000000000000e+06 2.594748000000000000e+06 1.000000000000000000e+00
2.596420000000000000e+06 2.596582000000000000e+06 2.000000000000000000e+00
2.597370000000000000e+06 2.597743000000000000e+06 2.000000000000000000e+00
2.598454000000000000e+06 2.598687000000000000e+06 1.000000000000000000e+00
2.599882000000000000e+06 2.600185000000000000e+06 1.000000000000000000e+00
2.601120000000000000e+06 2.601532000000000000e+06 2.000000000000000000e+00
2.604337000000000000e+06 2.604732000000000000e+06 1.000000000000000000e+00
2.606632000000000000e+06 2.606920000000000000e+06 1.000000000000000000e+00
2.608041000000000000e+06 2.608351000000000000e+06 1.000000000000000000e+00
2.609470000000000000e+06 2.609587000000000000e+06 1.000000000000000000e+00
2.611032000000000000e+06 2.611143000000000000e+06 2.000000000000000000e+00
2.611804000000000000e+06 2.611959000000000000e+06 2.000000000000000000e+00
2.612065000000000000e+06 2.612204000000000000e+06 2.000000000000000000e+00
2.612422000000000000e+06 2.613055000000000000e+06 1.000000000000000000e+00
2.613609000000000000e+06 2.614032000000000000e+06 2.000000000000000000e+00
2.614715000000000000e+06 2.615093000000000000e+06 2.000000000000000000e+00
2.615748000000000000e+06 2.615932000000000000e+06 1.000000000000000000e+00
2.619676000000000000e+06 2.619854000000000000e+06 1.000000000000000000e+00
2.619971000000000000e+06 2.620217000000000000e+06 1.000000000000000000e+00
2.621242000000000000e+06 2.621363000000000000e+06 1.000000000000000000e+00
2.622670000000000000e+06 2.622854000000000000e+06 1.000000000000000000e+00
2.623187000000000000e+06 2.623437000000000000e+06 2.000000000000000000e+00
2.624487000000000000e+06 2.624826000000000000e+06 2.000000000000000000e+00
2.625920000000000000e+06 2.626015000000000000e+06 2.000000000000000000e+00
2.626843000000000000e+06 2.627009000000000000e+06 1.000000000000000000e+00
2.629498000000000000e+06 2.629798000000000000e+06 1.000000000000000000e+00
2.631009000000000000e+06 2.631376000000000000e+06 1.000000000000000000e+00
2.634315000000000000e+06 2.634437000000000000e+06 1.000000000000000000e+00
2.634737000000000000e+06 2.635054000000000000e+06 1.000000000000000000e+00
2.636087000000000000e+06 2.636354000000000000e+06 1.000000000000000000e+00
2.640176000000000000e+06 2.640291000000000000e+06 1.000000000000000000e+00
2.640542000000000000e+06 2.640652000000000000e+06 1.000000000000000000e+00
2.641097000000000000e+06 2.641296000000000000e+06 1.000000000000000000e+00
2.641765000000000000e+06 2.642276000000000000e+06 1.000000000000000000e+00
2.642473000000000000e+06 2.642572000000000000e+06 1.000000000000000000e+00
2.643604000000000000e+06 2.643815000000000000e+06 1.000000000000000000e+00
2.645304000000000000e+06 2.645459000000000000e+06 2.000000000000000000e+00
2.645637000000000000e+06 2.645859000000000000e+06 2.000000000000000000e+00
2.646576000000000000e+06 2.646982000000000000e+06 2.000000000000000000e+00
2.647986000000000000e+06 2.648114000000000000e+06 2.000000000000000000e+00
2.649782000000000000e+06 2.649932000000000000e+06 2.000000000000000000e+00
2.651315000000000000e+06 2.651493000000000000e+06 2.000000000000000000e+00
2.652509000000000000e+06 2.652676000000000000e+06 2.000000000000000000e+00
2.653376000000000000e+06 2.653665000000000000e+06 2.000000000000000000e+00
2.654959000000000000e+06 2.655159000000000000e+06 2.000000000000000000e+00
2.655195000000000000e+06 2.655370000000000000e+06 2.000000000000000000e+00
2.656193000000000000e+06 2.656393000000000000e+06 2.000000000000000000e+00
2.657453000000000000e+06 2.657801000000000000e+06 2.000000000000000000e+00
2.659770000000000000e+06 2.659876000000000000e+06 1.000000000000000000e+00
2.661854000000000000e+06 2.661959000000000000e+06 1.000000000000000000e+00
2.662050000000000000e+06 2.662241000000000000e+06 2.000000000000000000e+00
2.662576000000000000e+06 2.662754000000000000e+06 2.000000000000000000e+00
2.663554000000000000e+06 2.663882000000000000e+06 2.000000000000000000e+00
2.664655000000000000e+06 2.664922000000000000e+06 1.000000000000000000e+00
2.665393000000000000e+06 2.665504000000000000e+06 2.000000000000000000e+00
2.665948000000000000e+06 2.666076000000000000e+06 2.000000000000000000e+00
2.666126000000000000e+06 2.666226000000000000e+06 2.000000000000000000e+00
2.666577000000000000e+06 2.666677000000000000e+06 2.000000000000000000e+00
2.669132000000000000e+06 2.669476000000000000e+06 2.000000000000000000e+00
2.670704000000000000e+06 2.671009000000000000e+06 1.000000000000000000e+00
2.671302000000000000e+06 2.671461000000000000e+06 1.000000000000000000e+00
2.672270000000000000e+06 2.672493000000000000e+06 1.000000000000000000e+00
2.673865000000000000e+06 2.674226000000000000e+06 1.000000000000000000e+00
2.674714000000000000e+06 2.675059000000000000e+06 1.000000000000000000e+00
2.675426000000000000e+06 2.675520000000000000e+06 1.000000000000000000e+00
2.676409000000000000e+06 2.676582000000000000e+06 2.000000000000000000e+00
2.677365000000000000e+06 2.677715000000000000e+06 2.000000000000000000e+00
2.679204000000000000e+06 2.679515000000000000e+06 1.000000000000000000e+00
2.680359000000000000e+06 2.680598000000000000e+06 2.000000000000000000e+00
2.682476000000000000e+06 2.682570000000000000e+06 2.000000000000000000e+00
2.684393000000000000e+06 2.684587000000000000e+06 2.000000000000000000e+00
2.685765000000000000e+06 2.685965000000000000e+06 2.000000000000000000e+00
2.686915000000000000e+06 2.687395000000000000e+06 2.000000000000000000e+00
2.690398000000000000e+06 2.690670000000000000e+06 2.000000000000000000e+00
2.691232000000000000e+06 2.691432000000000000e+06 2.000000000000000000e+00
2.692332000000000000e+06 2.692487000000000000e+06 1.000000000000000000e+00
2.693104000000000000e+06 2.693554000000000000e+06 1.000000000000000000e+00
2.694065000000000000e+06 2.694326000000000000e+06 2.000000000000000000e+00
2.697337000000000000e+06 2.697682000000000000e+06 2.000000000000000000e+00
2.699126000000000000e+06 2.699632000000000000e+06 2.000000000000000000e+00
2.700720000000000000e+06 2.701154000000000000e+06 1.000000000000000000e+00
2.703426000000000000e+06 2.703720000000000000e+06 2.000000000000000000e+00
2.705143000000000000e+06 2.705476000000000000e+06 2.000000000000000000e+00
2.706193000000000000e+06 2.706454000000000000e+06 2.000000000000000000e+00
2.708232000000000000e+06 2.708693000000000000e+06 2.000000000000000000e+00
2.709647000000000000e+06 2.709762000000000000e+06 1.000000000000000000e+00
2.710459000000000000e+06 2.710576000000000000e+06 1.000000000000000000e+00
2.711588000000000000e+06 2.712179000000000000e+06 1.000000000000000000e+00
2.713482000000000000e+06 2.713670000000000000e+06 1.000000000000000000e+00
2.714120000000000000e+06 2.714298000000000000e+06 2.000000000000000000e+00
2.714632000000000000e+06 2.714815000000000000e+06 2.000000000000000000e+00
2.718587000000000000e+06 2.718859000000000000e+06 1.000000000000000000e+00
2.720048000000000000e+06 2.720193000000000000e+06 1.000000000000000000e+00
2.723576000000000000e+06 2.723837000000000000e+06 2.000000000000000000e+00
2.724697000000000000e+06 2.724911000000000000e+06 1.000000000000000000e+00
2.725032000000000000e+06 2.725187000000000000e+06 2.000000000000000000e+00
2.726098000000000000e+06 2.726365000000000000e+06 1.000000000000000000e+00
2.730442000000000000e+06 2.730633000000000000e+06 2.000000000000000000e+00
2.730710000000000000e+06 2.730816000000000000e+06 2.000000000000000000e+00
2.731670000000000000e+06 2.731837000000000000e+06 2.000000000000000000e+00
2.735054000000000000e+06 2.735287000000000000e+06 2.000000000000000000e+00
2.735898000000000000e+06 2.736159000000000000e+06 2.000000000000000000e+00
2.737754000000000000e+06 2.737987000000000000e+06 2.000000000000000000e+00
2.739720000000000000e+06 2.739909000000000000e+06 1.000000000000000000e+00
2.740865000000000000e+06 2.741076000000000000e+06 1.000000000000000000e+00
2.744048000000000000e+06 2.744404000000000000e+06 1.000000000000000000e+00
2.745170000000000000e+06 2.745326000000000000e+06 1.000000000000000000e+00
2.750504000000000000e+06 2.750648000000000000e+06 1.000000000000000000e+00
2.752698000000000000e+06 2.752882000000000000e+06 1.000000000000000000e+00
2.754970000000000000e+06 2.755159000000000000e+06 1.000000000000000000e+00
2.770003000000000000e+06 2.770249000000000000e+06 1.000000000000000000e+00
2.774392000000000000e+06 2.774491000000000000e+06 1.000000000000000000e+00
2.775615000000000000e+06 2.775759000000000000e+06 2.000000000000000000e+00
2.777426000000000000e+06 2.777682000000000000e+06 2.000000000000000000e+00
2.783643000000000000e+06 2.783920000000000000e+06 2.000000000000000000e+00
2.785354000000000000e+06 2.785554000000000000e+06 2.000000000000000000e+00
2.797304000000000000e+06 2.797403000000000000e+06 1.000000000000000000e+00
2.820965000000000000e+06 2.821220000000000000e+06 2.000000000000000000e+00
2.824034000000000000e+06 2.824254000000000000e+06 1.000000000000000000e+00
2.828768000000000000e+06 2.828899000000000000e+06 1.000000000000000000e+00
2.835887000000000000e+06 2.835982000000000000e+06 1.000000000000000000e+00
2.840926000000000000e+06 2.841087000000000000e+06 2.000000000000000000e+00
2.855293000000000000e+06 2.855393000000000000e+06 1.000000000000000000e+00
2.856098000000000000e+06 2.856193000000000000e+06 1.000000000000000000e+00
2.872502000000000000e+06 2.872748000000000000e+06 1.000000000000000000e+00
2.893761000000000000e+06 2.894023000000000000e+06 1.000000000000000000e+00
2.898202000000000000e+06 2.898349000000000000e+06 1.000000000000000000e+00
2.898798000000000000e+06 2.898893000000000000e+06 1.000000000000000000e+00
2.902659000000000000e+06 2.902806000000000000e+06 1.000000000000000000e+00
2.904464000000000000e+06 2.904610000000000000e+06 1.000000000000000000e+00
2.905573000000000000e+06 2.905787000000000000e+06 1.000000000000000000e+00
2.924760000000000000e+06 2.924876000000000000e+06 1.000000000000000000e+00
2.951759000000000000e+06 2.951970000000000000e+06 1.000000000000000000e+00
2.953993000000000000e+06 2.954176000000000000e+06 1.000000000000000000e+00
2.972826000000000000e+06 2.973109000000000000e+06 1.000000000000000000e+00
2.974198000000000000e+06 2.974520000000000000e+06 2.000000000000000000e+00
2.975320000000000000e+06 2.975693000000000000e+06 2.000000000000000000e+00
2.976308000000000000e+06 2.976511000000000000e+06 1.000000000000000000e+00
2.977032000000000000e+06 2.977454000000000000e+06 1.000000000000000000e+00
2.978332000000000000e+06 2.978715000000000000e+06 1.000000000000000000e+00
2.979247000000000000e+06 2.979556000000000000e+06 1.000000000000000000e+00
2.981482000000000000e+06 2.981759000000000000e+06 2.000000000000000000e+00
2.984120000000000000e+06 2.984326000000000000e+06 2.000000000000000000e+00
2.985476000000000000e+06 2.985793000000000000e+06 1.000000000000000000e+00
2.986554000000000000e+06 2.986765000000000000e+06 2.000000000000000000e+00
2.987109000000000000e+06 2.987215000000000000e+06 2.000000000000000000e+00
2.988665000000000000e+06 2.989026000000000000e+06 2.000000000000000000e+00
2.989732000000000000e+06 2.990331000000000000e+06 2.000000000000000000e+00
2.991451000000000000e+06 2.991864000000000000e+06 2.000000000000000000e+00
2.992515000000000000e+06 2.992876000000000000e+06 2.000000000000000000e+00
2.993907000000000000e+06 2.994036000000000000e+06 2.000000000000000000e+00
2.994598000000000000e+06 2.994720000000000000e+06 2.000000000000000000e+00
2.996270000000000000e+06 2.996565000000000000e+06 2.000000000000000000e+00
2.998482000000000000e+06 2.998893000000000000e+06 1.000000000000000000e+00
2.999965000000000000e+06 3.000115000000000000e+06 1.000000000000000000e+00
3.001320000000000000e+06 3.001576000000000000e+06 1.000000000000000000e+00
3.005331000000000000e+06 3.005535000000000000e+06 1.000000000000000000e+00
3.006170000000000000e+06 3.006298000000000000e+06 1.000000000000000000e+00
3.007182000000000000e+06 3.007509000000000000e+06 1.000000000000000000e+00
3.008476000000000000e+06 3.008765000000000000e+06 1.000000000000000000e+00
3.010093000000000000e+06 3.010282000000000000e+06 2.000000000000000000e+00
3.011520000000000000e+06 3.011798000000000000e+06 2.000000000000000000e+00
3.016311000000000000e+06 3.016594000000000000e+06 1.000000000000000000e+00
3.017037000000000000e+06 3.017187000000000000e+06 1.000000000000000000e+00
3.019230000000000000e+06 3.019392000000000000e+06 1.000000000000000000e+00
3.020493000000000000e+06 3.020698000000000000e+06 1.000000000000000000e+00
3.027948000000000000e+06 3.028120000000000000e+06 1.000000000000000000e+00
3.028787000000000000e+06 3.028954000000000000e+06 1.000000000000000000e+00
3.029743000000000000e+06 3.029976000000000000e+06 2.000000000000000000e+00
3.032048000000000000e+06 3.032548000000000000e+06 2.000000000000000000e+00
3.033487000000000000e+06 3.033943000000000000e+06 2.000000000000000000e+00
3.035828000000000000e+06 3.035944000000000000e+06 1.000000000000000000e+00
3.036226000000000000e+06 3.036709000000000000e+06 2.000000000000000000e+00
3.037326000000000000e+06 3.037782000000000000e+06 2.000000000000000000e+00
3.038065000000000000e+06 3.038665000000000000e+06 2.000000000000000000e+00
3.039293000000000000e+06 3.039626000000000000e+06 2.000000000000000000e+00
3.040787000000000000e+06 3.040987000000000000e+06 2.000000000000000000e+00
3.041216000000000000e+06 3.041682000000000000e+06 2.000000000000000000e+00
3.043126000000000000e+06 3.043345000000000000e+06 1.000000000000000000e+00
3.043515000000000000e+06 3.043670000000000000e+06 2.000000000000000000e+00
3.043837000000000000e+06 3.043963000000000000e+06 1.000000000000000000e+00
3.044350000000000000e+06 3.044517000000000000e+06 1.000000000000000000e+00
3.045316000000000000e+06 3.045454000000000000e+06 2.000000000000000000e+00
3.046126000000000000e+06 3.046382000000000000e+06 2.000000000000000000e+00
3.046452000000000000e+06 3.046658000000000000e+06 2.000000000000000000e+00
3.047143000000000000e+06 3.047270000000000000e+06 2.000000000000000000e+00
3.047967000000000000e+06 3.048159000000000000e+06 2.000000000000000000e+00
3.048326000000000000e+06 3.048515000000000000e+06 2.000000000000000000e+00
3.049276000000000000e+06 3.049787000000000000e+06 2.000000000000000000e+00
3.050793000000000000e+06 3.051087000000000000e+06 2.000000000000000000e+00
3.052176000000000000e+06 3.052409000000000000e+06 2.000000000000000000e+00
3.052582000000000000e+06 3.052859000000000000e+06 2.000000000000000000e+00
3.054809000000000000e+06 3.055054000000000000e+06 2.000000000000000000e+00
3.056654000000000000e+06 3.056893000000000000e+06 2.000000000000000000e+00
3.058548000000000000e+06 3.058759000000000000e+06 2.000000000000000000e+00
3.059382000000000000e+06 3.059593000000000000e+06 2.000000000000000000e+00
3.060882000000000000e+06 3.061098000000000000e+06 2.000000000000000000e+00
3.062215000000000000e+06 3.062398000000000000e+06 2.000000000000000000e+00
3.062554000000000000e+06 3.062748000000000000e+06 2.000000000000000000e+00
3.065204000000000000e+06 3.065375000000000000e+06 2.000000000000000000e+00
3.067132000000000000e+06 3.067293000000000000e+06 2.000000000000000000e+00
3.068059000000000000e+06 3.068199000000000000e+06 2.000000000000000000e+00
3.069060000000000000e+06 3.069361000000000000e+06 2.000000000000000000e+00
3.069923000000000000e+06 3.070043000000000000e+06 2.000000000000000000e+00
3.072059000000000000e+06 3.072348000000000000e+06 2.000000000000000000e+00
3.073943000000000000e+06 3.074304000000000000e+06 2.000000000000000000e+00
3.075399000000000000e+06 3.075869000000000000e+06 1.000000000000000000e+00
3.076170000000000000e+06 3.076509000000000000e+06 2.000000000000000000e+00
3.077057000000000000e+06 3.077172000000000000e+06 1.000000000000000000e+00
3.077437000000000000e+06 3.077720000000000000e+06 2.000000000000000000e+00
3.079737000000000000e+06 3.080087000000000000e+06 1.000000000000000000e+00
3.084043000000000000e+06 3.084220000000000000e+06 2.000000000000000000e+00
3.084387000000000000e+06 3.084494000000000000e+06 2.000000000000000000e+00
3.084765000000000000e+06 3.085020000000000000e+06 2.000000000000000000e+00
3.087584000000000000e+06 3.087694000000000000e+06 1.000000000000000000e+00
3.089007000000000000e+06 3.089310000000000000e+06 2.000000000000000000e+00
3.089886000000000000e+06 3.090058000000000000e+06 1.000000000000000000e+00
3.092423000000000000e+06 3.092507000000000000e+06 1.000000000000000000e+00
3.093137000000000000e+06 3.093448000000000000e+06 2.000000000000000000e+00
3.094926000000000000e+06 3.095126000000000000e+06 1.000000000000000000e+00
3.098698000000000000e+06 3.098832000000000000e+06 2.000000000000000000e+00
3.099432000000000000e+06 3.099637000000000000e+06 2.000000000000000000e+00
3.102009000000000000e+06 3.102237000000000000e+06 2.000000000000000000e+00
3.103176000000000000e+06 3.103432000000000000e+06 1.000000000000000000e+00
3.105783000000000000e+06 3.105888000000000000e+06 1.000000000000000000e+00
3.109582000000000000e+06 3.109704000000000000e+06 1.000000000000000000e+00
3.111209000000000000e+06 3.111432000000000000e+06 2.000000000000000000e+00
3.112965000000000000e+06 3.113182000000000000e+06 2.000000000000000000e+00
3.115395000000000000e+06 3.115510000000000000e+06 1.000000000000000000e+00
3.116058000000000000e+06 3.116329000000000000e+06 1.000000000000000000e+00
3.119295000000000000e+06 3.119471000000000000e+06 2.000000000000000000e+00
3.123372000000000000e+06 3.123718000000000000e+06 1.000000000000000000e+00
3.126515000000000000e+06 3.126704000000000000e+06 1.000000000000000000e+00
3.127887000000000000e+06 3.128004000000000000e+06 1.000000000000000000e+00
3.131224000000000000e+06 3.131355000000000000e+06 1.000000000000000000e+00
3.131543000000000000e+06 3.131637000000000000e+06 1.000000000000000000e+00
3.132370000000000000e+06 3.132637000000000000e+06 1.000000000000000000e+00
3.133682000000000000e+06 3.133809000000000000e+06 2.000000000000000000e+00
3.134587000000000000e+06 3.134693000000000000e+06 2.000000000000000000e+00
3.137214000000000000e+06 3.137344000000000000e+06 1.000000000000000000e+00
3.139562000000000000e+06 3.139746000000000000e+06 1.000000000000000000e+00
3.147948000000000000e+06 3.148187000000000000e+06 1.000000000000000000e+00
3.149970000000000000e+06 3.150093000000000000e+06 2.000000000000000000e+00
3.151478000000000000e+06 3.151582000000000000e+06 2.000000000000000000e+00
3.153032000000000000e+06 3.153132000000000000e+06 1.000000000000000000e+00
3.155190000000000000e+06 3.155305000000000000e+06 1.000000000000000000e+00
3.157120000000000000e+06 3.157470000000000000e+06 2.000000000000000000e+00
3.160404000000000000e+06 3.160687000000000000e+06 1.000000000000000000e+00
3.164256000000000000e+06 3.164418000000000000e+06 1.000000000000000000e+00
3.165587000000000000e+06 3.165910000000000000e+06 1.000000000000000000e+00
3.167332000000000000e+06 3.167715000000000000e+06 1.000000000000000000e+00
3.171087000000000000e+06 3.171404000000000000e+06 1.000000000000000000e+00
3.172426000000000000e+06 3.172770000000000000e+06 2.000000000000000000e+00
3.173432000000000000e+06 3.173726000000000000e+06 2.000000000000000000e+00
3.174859000000000000e+06 3.175131000000000000e+06 1.000000000000000000e+00
3.175943000000000000e+06 3.176096000000000000e+06 2.000000000000000000e+00
3.177270000000000000e+06 3.177537000000000000e+06 1.000000000000000000e+00
3.180414000000000000e+06 3.180681000000000000e+06 1.000000000000000000e+00
3.181738000000000000e+06 3.182010000000000000e+06 1.000000000000000000e+00
3.184237000000000000e+06 3.184493000000000000e+06 1.000000000000000000e+00
3.191198000000000000e+06 3.191498000000000000e+06 1.000000000000000000e+00
3.192833000000000000e+06 3.193094000000000000e+06 1.000000000000000000e+00
3.194985000000000000e+06 3.195294000000000000e+06 1.000000000000000000e+00
3.196987000000000000e+06 3.197232000000000000e+06 2.000000000000000000e+00
3.198969000000000000e+06 3.199141000000000000e+06 1.000000000000000000e+00
3.201490000000000000e+06 3.201621000000000000e+06 1.000000000000000000e+00
3.202743000000000000e+06 3.202948000000000000e+06 2.000000000000000000e+00
3.205115000000000000e+06 3.205332000000000000e+06 2.000000000000000000e+00
3.206632000000000000e+06 3.206743000000000000e+06 2.000000000000000000e+00
3.207579000000000000e+06 3.207652000000000000e+06 1.000000000000000000e+00
3.212476000000000000e+06 3.212620000000000000e+06 1.000000000000000000e+00
3.213604000000000000e+06 3.213854000000000000e+06 1.000000000000000000e+00
3.216965000000000000e+06 3.217348000000000000e+06 1.000000000000000000e+00
3.220487000000000000e+06 3.220576000000000000e+06 1.000000000000000000e+00
3.225258000000000000e+06 3.225564000000000000e+06 1.000000000000000000e+00
3.230604000000000000e+06 3.230843000000000000e+06 1.000000000000000000e+00
3.233818000000000000e+06 3.234027000000000000e+06 1.000000000000000000e+00
3.241011000000000000e+06 3.241184000000000000e+06 2.000000000000000000e+00
3.242148000000000000e+06 3.242320000000000000e+06 2.000000000000000000e+00
3.243202000000000000e+06 3.243354000000000000e+06 1.000000000000000000e+00
3.244536000000000000e+06 3.244814000000000000e+06 1.000000000000000000e+00
3.248998000000000000e+06 3.249193000000000000e+06 2.000000000000000000e+00
3.263339000000000000e+06 3.263622000000000000e+06 1.000000000000000000e+00
