1.540700000000000000e+05 1.541930000000000000e+05
1.623430000000000000e+05 1.625090000000000000e+05
1.632090000000000000e+05 1.632870000000000000e+05
1.639980000000000000e+05 1.642260000000000000e+05
1.650760000000000000e+05 1.652700000000000000e+05
1.680320000000000000e+05 1.681650000000000000e+05
1.700200000000000000e+05 1.703600000000000000e+05
1.700200000000000000e+05 1.703430000000000000e+05
1.711650000000000000e+05 1.714700000000000000e+05
1.727430000000000000e+05 1.733820000000000000e+05
1.741540000000000000e+05 1.746700000000000000e+05
1.762540000000000000e+05 1.765650000000000000e+05
1.771540000000000000e+05 1.773260000000000000e+05
1.789480000000000000e+05 1.792090000000000000e+05
1.800150000000000000e+05 1.801150000000000000e+05
1.801430000000000000e+05 1.805150000000000000e+05
1.813930000000000000e+05 1.819040000000000000e+05
1.822820000000000000e+05 1.826930000000000000e+05
1.835760000000000000e+05 1.838200000000000000e+05
1.877760000000000000e+05 1.879590000000000000e+05
1.893320000000000000e+05 1.897260000000000000e+05
1.939870000000000000e+05 1.943200000000000000e+05
1.964870000000000000e+05 1.966820000000000000e+05
1.997930000000000000e+05 2.001700000000000000e+05
2.083700000000000000e+05 2.085100000000000000e+05
2.093430000000000000e+05 2.095700000000000000e+05
2.144260000000000000e+05 2.146040000000000000e+05
2.161200000000000000e+05 2.162540000000000000e+05
2.208760000000000000e+05 2.212370000000000000e+05
2.229990000000000000e+05 2.232040000000000000e+05
2.236700000000000000e+05 2.239090000000000000e+05
2.253240000000000000e+05 2.254300000000000000e+05
2.263800000000000000e+05 2.265910000000000000e+05
2.277870000000000000e+05 2.279650000000000000e+05
2.307370000000000000e+05 2.308870000000000000e+05
2.324700000000000000e+05 2.326430000000000000e+05
2.461160000000000000e+05 2.463470000000000000e+05
2.551650000000000000e+05 2.553200000000000000e+05
2.581540000000000000e+05 2.583370000000000000e+05
2.603200000000000000e+05 2.606260000000000000e+05
2.615260000000000000e+05 2.616200000000000000e+05
2.647930000000000000e+05 2.649590000000000000e+05
3.127370000000000000e+05 3.128930000000000000e+05
4.896920000000000000e+05 4.898500000000000000e+05
7.146090000000000000e+05 7.147320000000000000e+05
7.185480000000000000e+05 7.187820000000000000e+05
7.198820000000000000e+05 7.200370000000000000e+05
7.204870000000000000e+05 7.207480000000000000e+05
7.208430000000000000e+05 7.209820000000000000e+05
7.213590000000000000e+05 7.216480000000000000e+05
7.321200000000000000e+05 7.323320000000000000e+05
7.404430000000000000e+05 7.406930000000000000e+05
7.419700000000000000e+05 7.423370000000000000e+05
7.431820000000000000e+05 7.433370000000000000e+05
7.431850000000000000e+05 7.433260000000000000e+05
7.448430000000000000e+05 7.453650000000000000e+05
7.458590000000000000e+05 7.462040000000000000e+05
7.473320000000000000e+05 7.475650000000000000e+05
7.495760000000000000e+05 7.497480000000000000e+05
7.542260000000000000e+05 7.544590000000000000e+05
7.556430000000000000e+05 7.558590000000000000e+05
7.560870000000000000e+05 7.562980000000000000e+05
7.577700000000000000e+05 7.579540000000000000e+05
7.581320000000000000e+05 7.582700000000000000e+05
7.646660000000000000e+05 7.650220000000000000e+05
7.647200000000000000e+05 7.651200000000000000e+05
7.681200000000000000e+05 7.683700000000000000e+05
7.684920000000000000e+05 7.686450000000000000e+05
7.701040000000000000e+05 7.702820000000000000e+05
7.763480000000000000e+05 7.765590000000000000e+05
7.776930000000000000e+05 7.778820000000000000e+05
7.840760000000000000e+05 7.845930000000000000e+05
7.863820000000000000e+05 7.866040000000000000e+05
7.876980000000000000e+05 7.882090000000000000e+05
7.889210000000000000e+05 7.893300000000000000e+05
7.894860000000000000e+05 7.895910000000000000e+05
7.909200000000000000e+05 7.913370000000000000e+05
7.946980000000000000e+05 7.948700000000000000e+05
7.964930000000000000e+05 7.969820000000000000e+05
8.041540000000000000e+05 8.042980000000000000e+05
8.048650000000000000e+05 8.049650000000000000e+05
8.070870000000000000e+05 8.072480000000000000e+05
8.072890000000000000e+05 8.076710000000000000e+05
8.075480000000000000e+05 8.076820000000000000e+05
8.089630000000000000e+05 8.093440000000000000e+05
8.090040000000000000e+05 8.092590000000000000e+05
8.099590000000000000e+05 8.101350000000000000e+05
8.110820000000000000e+05 8.114260000000000000e+05
8.110890000000000000e+05 8.114290000000000000e+05
8.111000000000000000e+05 8.113820000000000000e+05
8.127540000000000000e+05 8.129370000000000000e+05
8.127680000000000000e+05 8.129100000000000000e+05
8.220090000000000000e+05 8.222430000000000000e+05
8.233040000000000000e+05 8.236040000000000000e+05
8.240700000000000000e+05 8.243870000000000000e+05
8.306820000000000000e+05 8.310220000000000000e+05
8.360150000000000000e+05 8.362150000000000000e+05
8.376650000000000000e+05 8.379930000000000000e+05
8.426480000000000000e+05 8.430320000000000000e+05
8.426500000000000000e+05 8.431420000000000000e+05
8.436260000000000000e+05 8.442430000000000000e+05
8.464210000000000000e+05 8.466000000000000000e+05
8.508260000000000000e+05 8.510370000000000000e+05
8.514370000000000000e+05 8.517490000000000000e+05
8.525980000000000000e+05 8.527540000000000000e+05
8.531930000000000000e+05 8.535760000000000000e+05
8.539480000000000000e+05 8.541980000000000000e+05
8.545370000000000000e+05 8.548090000000000000e+05
8.628700000000000000e+05 8.630820000000000000e+05
8.638490000000000000e+05 8.641310000000000000e+05
8.645200000000000000e+05 8.648820000000000000e+05
8.659930000000000000e+05 8.664150000000000000e+05
8.719040000000000000e+05 8.725650000000000000e+05
8.752040000000000000e+05 8.756260000000000000e+05
8.757540000000000000e+05 8.763080000000000000e+05
8.765820000000000000e+05 8.768480000000000000e+05
8.776200000000000000e+05 8.779700000000000000e+05
8.793200000000000000e+05 8.796370000000000000e+05
8.800110000000000000e+05 8.803130000000000000e+05
8.817650000000000000e+05 8.820370000000000000e+05
8.821040000000000000e+05 8.825370000000000000e+05
8.833700000000000000e+05 8.836980000000000000e+05
8.846370000000000000e+05 8.848480000000000000e+05
8.859480000000000000e+05 8.862540000000000000e+05
8.870820000000000000e+05 8.871870000000000000e+05
8.876480000000000000e+05 8.879200000000000000e+05
8.925430000000000000e+05 8.929370000000000000e+05
8.935650000000000000e+05 8.940260000000000000e+05
8.951370000000000000e+05 8.954150000000000000e+05
8.963150000000000000e+05 8.965370000000000000e+05
8.978590000000000000e+05 8.980980000000000000e+05
8.978880000000000000e+05 8.981230000000000000e+05
8.982980000000000000e+05 8.987700000000000000e+05
8.992980000000000000e+05 8.995370000000000000e+05
9.009260000000000000e+05 9.010930000000000000e+05
9.028460000000000000e+05 9.036210000000000000e+05
9.040150000000000000e+05 9.044980000000000000e+05
9.053930000000000000e+05 9.055590000000000000e+05
9.086320000000000000e+05 9.088930000000000000e+05
9.131320000000000000e+05 9.133590000000000000e+05
9.160350000000000000e+05 9.161930000000000000e+05
9.307430000000000000e+05 9.310590000000000000e+05
9.315090000000000000e+05 9.317430000000000000e+05
9.326650000000000000e+05 9.331320000000000000e+05
9.344480000000000000e+05 9.346700000000000000e+05
9.362840000000000000e+05 9.365140000000000000e+05
9.459480000000000000e+05 9.460320000000000000e+05
9.472700000000000000e+05 9.474260000000000000e+05
9.548180000000000000e+05 9.549430000000000000e+05
9.554320000000000000e+05 9.555980000000000000e+05
9.614930000000000000e+05 9.617760000000000000e+05
9.697480000000000000e+05 9.699430000000000000e+05
9.738820000000000000e+05 9.739820000000000000e+05
9.775650000000000000e+05 9.777430000000000000e+05
9.805370000000000000e+05 9.808980000000000000e+05
9.832040000000000000e+05 9.834700000000000000e+05
9.894150000000000000e+05 9.895650000000000000e+05
9.897590000000000000e+05 9.899540000000000000e+05
1.035354000000000000e+06 1.035532000000000000e+06
1.038555000000000000e+06 1.038689000000000000e+06
1.078848000000000000e+06 1.079054000000000000e+06
1.080026000000000000e+06 1.080454000000000000e+06
1.125737000000000000e+06 1.125893000000000000e+06
1.127337000000000000e+06 1.127559000000000000e+06
1.138954000000000000e+06 1.139148000000000000e+06
1.140615000000000000e+06 1.140798000000000000e+06
1.141782000000000000e+06 1.142048000000000000e+06
1.142987000000000000e+06 1.143643000000000000e+06
1.158259000000000000e+06 1.158876000000000000e+06
1.431909000000000000e+06 1.432098000000000000e+06
1.432493000000000000e+06 1.432820000000000000e+06
1.442415000000000000e+06 1.442804000000000000e+06
1.443793000000000000e+06 1.444220000000000000e+06
1.445054000000000000e+06 1.445232000000000000e+06
1.445976000000000000e+06 1.446126000000000000e+06
1.463221000000000000e+06 1.463327000000000000e+06
1.471932000000000000e+06 1.472032000000000000e+06
1.810593000000000000e+06 1.810798000000000000e+06
1.815976000000000000e+06 1.816343000000000000e+06
1.816676000000000000e+06 1.816959000000000000e+06
1.817804000000000000e+06 1.818154000000000000e+06
1.820320000000000000e+06 1.820454000000000000e+06
1.820959000000000000e+06 1.821115000000000000e+06
1.821354000000000000e+06 1.821593000000000000e+06
1.821682000000000000e+06 1.822026000000000000e+06
1.824726000000000000e+06 1.825009000000000000e+06
1.826520000000000000e+06 1.826837000000000000e+06
1.833893000000000000e+06 1.834120000000000000e+06
1.834643000000000000e+06 1.834898000000000000e+06
1.834670000000000000e+06 1.834889000000000000e+06
1.836654000000000000e+06 1.836870000000000000e+06
1.837332000000000000e+06 1.837737000000000000e+06
1.840937000000000000e+06 1.841293000000000000e+06
1.846315000000000000e+06 1.846543000000000000e+06
1.847098000000000000e+06 1.847437000000000000e+06
1.848815000000000000e+06 1.849282000000000000e+06
1.849637000000000000e+06 1.850165000000000000e+06
1.853432000000000000e+06 1.853743000000000000e+06
1.856443000000000000e+06 1.856598000000000000e+06
1.877971000000000000e+06 1.878335000000000000e+06
1.881347000000000000e+06 1.881576000000000000e+06
1.882293000000000000e+06 1.882498000000000000e+06
1.884076000000000000e+06 1.884482000000000000e+06
1.886365000000000000e+06 1.886765000000000000e+06
1.897054000000000000e+06 1.897237000000000000e+06
1.897354000000000000e+06 1.897482000000000000e+06
1.917120000000000000e+06 1.917670000000000000e+06
1.917998000000000000e+06 1.918365000000000000e+06
1.926704000000000000e+06 1.927365000000000000e+06
1.927787000000000000e+06 1.928232000000000000e+06
1.934956000000000000e+06 1.935168000000000000e+06
1.937170000000000000e+06 1.937337000000000000e+06
1.943759000000000000e+06 1.943932000000000000e+06
1.945665000000000000e+06 1.946026000000000000e+06
1.949265000000000000e+06 1.949376000000000000e+06
1.964159000000000000e+06 1.964454000000000000e+06
1.964167000000000000e+06 1.964454000000000000e+06
1.967359000000000000e+06 1.967498000000000000e+06
1.975098000000000000e+06 1.975298000000000000e+06
1.987082000000000000e+06 1.987248000000000000e+06
1.998554000000000000e+06 1.998698000000000000e+06
2.000523000000000000e+06 2.000722000000000000e+06
2.007815000000000000e+06 2.007915000000000000e+06
2.011187000000000000e+06 2.011404000000000000e+06
2.018532000000000000e+06 2.018698000000000000e+06
2.020548000000000000e+06 2.020915000000000000e+06
2.028637000000000000e+06 2.028870000000000000e+06
2.029693000000000000e+06 2.029982000000000000e+06
2.030543000000000000e+06 2.030732000000000000e+06
2.032270000000000000e+06 2.032459000000000000e+06
2.039626000000000000e+06 2.039887000000000000e+06
2.048643000000000000e+06 2.048943000000000000e+06
2.527320000000000000e+06 2.527515000000000000e+06
2.529820000000000000e+06 2.530282000000000000e+06
2.537204000000000000e+06 2.537365000000000000e+06
2.538832000000000000e+06 2.538932000000000000e+06
2.540087000000000000e+06 2.540254000000000000e+06
2.542859000000000000e+06 2.543015000000000000e+06
2.551437000000000000e+06 2.551548000000000000e+06
2.554309000000000000e+06 2.554509000000000000e+06
2.554898000000000000e+06 2.555304000000000000e+06
2.556504000000000000e+06 2.556748000000000000e+06
2.557430000000000000e+06 2.557559000000000000e+06
2.557865000000000000e+06 2.558059000000000000e+06
2.562648000000000000e+06 2.562909000000000000e+06
2.566915000000000000e+06 2.567126000000000000e+06
2.567809000000000000e+06 2.567954000000000000e+06
2.568083000000000000e+06 2.568217000000000000e+06
2.580465000000000000e+06 2.580576000000000000e+06
2.581720000000000000e+06 2.581882000000000000e+06
2.586088000000000000e+06 2.586238000000000000e+06
2.587370000000000000e+06 2.587632000000000000e+06
2.596420000000000000e+06 2.596582000000000000e+06
2.597370000000000000e+06 2.597743000000000000e+06
2.601120000000000000e+06 2.601532000000000000e+06
2.611032000000000000e+06 2.611143000000000000e+06
2.611804000000000000e+06 2.611959000000000000e+06
2.612065000000000000e+06 2.612204000000000000e+06
2.613609000000000000e+06 2.614032000000000000e+06
2.614715000000000000e+06 2.615093000000000000e+06
2.623187000000000000e+06 2.623437000000000000e+06
2.624487000000000000e+06 2.624826000000000000e+06
2.625920000000000000e+06 2.626015000000000000e+06
2.645304000000000000e+06 2.645459000000000000e+06
2.645637000000000000e+06 2.645859000000000000e+06
2.646576000000000000e+06 2.646982000000000000e+06
2.647986000000000000e+06 2.648114000000000000e+06
2.649782000000000000e+06 2.649932000000000000e+06
2.651315000000000000e+06 2.651493000000000000e+06
2.652509000000000000e+06 2.652676000000000000e+06
2.653376000000000000e+06 2.653665000000000000e+06
2.654959000000000000e+06 2.655159000000000000e+06
2.655195000000000000e+06 2.655370000000000000e+06
2.656193000000000000e+06 2.656393000000000000e+06
2.657453000000000000e+06 2.657801000000000000e+06
2.662050000000000000e+06 2.662241000000000000e+06
2.662576000000000000e+06 2.662754000000000000e+06
2.663554000000000000e+06 2.663882000000000000e+06
2.665393000000000000e+06 2.665504000000000000e+06
2.665948000000000000e+06 2.666076000000000000e+06
2.666126000000000000e+06 2.666226000000000000e+06
2.666577000000000000e+06 2.666677000000000000e+06
2.669132000000000000e+06 2.669476000000000000e+06
2.676409000000000000e+06 2.676582000000000000e+06
2.677365000000000000e+06 2.677715000000000000e+06
2.680359000000000000e+06 2.680598000000000000e+06
2.682476000000000000e+06 2.682570000000000000e+06
2.684393000000000000e+06 2.684587000000000000e+06
2.685765000000000000e+06 2.685965000000000000e+06
2.686915000000000000e+06 2.687395000000000000e+06
2.690398000000000000e+06 2.690670000000000000e+06
2.691232000000000000e+06 2.691432000000000000e+06
2.694065000000000000e+06 2.694326000000000000e+06
2.697337000000000000e+06 2.697682000000000000e+06
2.699126000000000000e+06 2.699632000000000000e+06
2.703426000000000000e+06 2.703720000000000000e+06
2.705143000000000000e+06 2.705476000000000000e+06
2.706193000000000000e+06 2.706454000000000000e+06
2.708232000000000000e+06 2.708693000000000000e+06
2.714120000000000000e+06 2.714298000000000000e+06
2.714632000000000000e+06 2.714815000000000000e+06
2.723576000000000000e+06 2.723837000000000000e+06
2.725032000000000000e+06 2.725187000000000000e+06
2.730442000000000000e+06 2.730633000000000000e+06
2.730710000000000000e+06 2.730816000000000000e+06
2.731670000000000000e+06 2.731837000000000000e+06
2.735054000000000000e+06 2.735287000000000000e+06
2.735898000000000000e+06 2.736159000000000000e+06
2.737754000000000000e+06 2.737987000000000000e+06
2.775615000000000000e+06 2.775759000000000000e+06
2.777426000000000000e+06 2.777682000000000000e+06
2.783643000000000000e+06 2.783920000000000000e+06
2.785354000000000000e+06 2.785554000000000000e+06
2.816998000000000000e+06 2.817287000000000000e+06
2.817041000000000000e+06 2.817431000000000000e+06
2.820965000000000000e+06 2.821220000000000000e+06
2.840926000000000000e+06 2.841087000000000000e+06
2.974198000000000000e+06 2.974520000000000000e+06
2.975320000000000000e+06 2.975693000000000000e+06
2.981482000000000000e+06 2.981759000000000000e+06
2.984120000000000000e+06 2.984326000000000000e+06
2.986554000000000000e+06 2.986765000000000000e+06
2.987109000000000000e+06 2.987215000000000000e+06
2.988665000000000000e+06 2.989026000000000000e+06
2.989732000000000000e+06 2.990331000000000000e+06
2.991451000000000000e+06 2.991864000000000000e+06
2.992515000000000000e+06 2.992876000000000000e+06
2.993907000000000000e+06 2.994036000000000000e+06
2.994598000000000000e+06 2.994720000000000000e+06
2.996270000000000000e+06 2.996565000000000000e+06
3.010093000000000000e+06 3.010282000000000000e+06
3.011520000000000000e+06 3.011798000000000000e+06
3.029743000000000000e+06 3.029976000000000000e+06
3.032048000000000000e+06 3.032548000000000000e+06
3.033487000000000000e+06 3.033943000000000000e+06
3.036226000000000000e+06 3.036709000000000000e+06
3.037326000000000000e+06 3.037782000000000000e+06
3.038065000000000000e+06 3.038665000000000000e+06
3.039293000000000000e+06 3.039626000000000000e+06
3.040787000000000000e+06 3.040987000000000000e+06
3.041216000000000000e+06 3.041682000000000000e+06
3.043515000000000000e+06 3.043670000000000000e+06
3.045316000000000000e+06 3.045454000000000000e+06
3.046126000000000000e+06 3.046382000000000000e+06
3.046452000000000000e+06 3.046658000000000000e+06
3.047143000000000000e+06 3.047270000000000000e+06
3.047967000000000000e+06 3.048159000000000000e+06
3.048326000000000000e+06 3.048515000000000000e+06
3.049276000000000000e+06 3.049787000000000000e+06
3.050793000000000000e+06 3.051087000000000000e+06
3.052176000000000000e+06 3.052409000000000000e+06
3.052582000000000000e+06 3.052859000000000000e+06
3.054809000000000000e+06 3.055054000000000000e+06
3.056654000000000000e+06 3.056893000000000000e+06
3.058548000000000000e+06 3.058759000000000000e+06
3.059382000000000000e+06 3.059593000000000000e+06
3.060882000000000000e+06 3.061098000000000000e+06
3.062215000000000000e+06 3.062398000000000000e+06
3.062554000000000000e+06 3.062748000000000000e+06
3.065204000000000000e+06 3.065375000000000000e+06
3.067132000000000000e+06 3.067293000000000000e+06
3.068059000000000000e+06 3.068199000000000000e+06
3.069060000000000000e+06 3.069361000000000000e+06
3.069923000000000000e+06 3.070043000000000000e+06
3.072059000000000000e+06 3.072348000000000000e+06
3.073943000000000000e+06 3.074304000000000000e+06
3.076170000000000000e+06 3.076509000000000000e+06
3.077437000000000000e+06 3.077720000000000000e+06
3.084043000000000000e+06 3.084220000000000000e+06
3.084387000000000000e+06 3.084494000000000000e+06
3.084765000000000000e+06 3.085020000000000000e+06
3.089007000000000000e+06 3.089310000000000000e+06
3.093137000000000000e+06 3.093448000000000000e+06
3.098698000000000000e+06 3.098832000000000000e+06
3.099432000000000000e+06 3.099637000000000000e+06
3.102009000000000000e+06 3.102237000000000000e+06
3.111209000000000000e+06 3.111432000000000000e+06
3.112965000000000000e+06 3.113182000000000000e+06
3.119295000000000000e+06 3.119471000000000000e+06
3.133682000000000000e+06 3.133809000000000000e+06
3.134587000000000000e+06 3.134693000000000000e+06
3.149970000000000000e+06 3.150093000000000000e+06
3.151478000000000000e+06 3.151582000000000000e+06
3.157120000000000000e+06 3.157470000000000000e+06
3.172426000000000000e+06 3.172770000000000000e+06
3.173432000000000000e+06 3.173726000000000000e+06
3.175943000000000000e+06 3.176096000000000000e+06
3.196987000000000000e+06 3.197232000000000000e+06
3.202743000000000000e+06 3.202948000000000000e+06
3.205115000000000000e+06 3.205332000000000000e+06
3.206632000000000000e+06 3.206743000000000000e+06
3.241011000000000000e+06 3.241184000000000000e+06
3.241319000000000000e+06 3.241466000000000000e+06
3.241320000000000000e+06 3.241437000000000000e+06
3.242148000000000000e+06 3.242320000000000000e+06
3.248998000000000000e+06 3.249193000000000000e+06
