3.532000000000000000e+03 3.676000000000000000e+03
8.639000000000000000e+03 8.869000000000000000e+03
1.533100000000000000e+04 1.558300000000000000e+04
2.044800000000000000e+04 2.069300000000000000e+04
2.393300000000000000e+04 2.422600000000000000e+04
2.402600000000000000e+04 2.422000000000000000e+04
2.587600000000000000e+04 2.615400000000000000e+04
2.639700000000000000e+04 2.656800000000000000e+04
2.666500000000000000e+04 2.699300000000000000e+04
2.901200000000000000e+04 2.917100000000000000e+04
4.910900000000000000e+04 4.920900000000000000e+04
5.099300000000000000e+04 5.121500000000000000e+04
5.190900000000000000e+04 5.222000000000000000e+04
5.258700000000000000e+04 5.272100000000000000e+04
5.372600000000000000e+04 5.403200000000000000e+04
5.464800000000000000e+04 5.478200000000000000e+04
5.550400000000000000e+04 5.572600000000000000e+04
5.744300000000000000e+04 5.785400000000000000e+04
5.958700000000000000e+04 5.999900000000000000e+04
5.969300000000000000e+04 6.012000000000000000e+04
6.055400000000000000e+04 6.070900000000000000e+04
6.126500000000000000e+04 6.162000000000000000e+04
6.253300000000000000e+04 6.268900000000000000e+04
6.451300000000000000e+04 6.476700000000000000e+04
6.648700000000000000e+04 6.660400000000000000e+04
6.805400000000000000e+04 6.842000000000000000e+04
6.919300000000000000e+04 6.941500000000000000e+04
7.118700000000000000e+04 7.132600000000000000e+04
7.121600000000000000e+04 7.145200000000000000e+04
7.509800000000000000e+04 7.544300000000000000e+04
7.642600000000000000e+04 7.672000000000000000e+04
7.749300000000000000e+04 7.785900000000000000e+04
7.832600000000000000e+04 7.858200000000000000e+04
8.147600000000000000e+04 8.154800000000000000e+04
8.219800000000000000e+04 8.255400000000000000e+04
8.378300000000000000e+04 8.390400000000000000e+04
8.390200000000000000e+04 8.406800000000000000e+04
8.419800000000000000e+04 8.464300000000000000e+04
8.503200000000000000e+04 8.534300000000000000e+04
8.752000000000000000e+04 8.782000000000000000e+04
3.539750000000000000e+05 3.541250000000000000e+05
3.549820000000000000e+05 3.552090000000000000e+05
3.556590000000000000e+05 3.559820000000000000e+05
3.630860000000000000e+05 3.632620000000000000e+05
3.630870000000000000e+05 3.633640000000000000e+05
3.639320000000000000e+05 3.641930000000000000e+05
3.669290000000000000e+05 3.672120000000000000e+05
3.674380000000000000e+05 3.678230000000000000e+05
3.674380000000000000e+05 3.680310000000000000e+05
3.674980000000000000e+05 3.676650000000000000e+05
3.690530000000000000e+05 3.691700000000000000e+05
3.690730000000000000e+05 3.692860000000000000e+05
3.700530000000000000e+05 3.703050000000000000e+05
3.700590000000000000e+05 3.703460000000000000e+05
3.706560000000000000e+05 3.710500000000000000e+05
3.745870000000000000e+05 3.749320000000000000e+05
3.758590000000000000e+05 3.763040000000000000e+05
3.783370000000000000e+05 3.789590000000000000e+05
3.800870000000000000e+05 3.807150000000000000e+05
3.809520000000000000e+05 3.814150000000000000e+05
3.810430000000000000e+05 3.811510000000000000e+05
3.817350000000000000e+05 3.819710000000000000e+05
3.821380000000000000e+05 3.825030000000000000e+05
3.830320000000000000e+05 3.833040000000000000e+05
3.835760000000000000e+05 3.838090000000000000e+05
3.846840000000000000e+05 3.851280000000000000e+05
3.848260000000000000e+05 3.851430000000000000e+05
3.856370000000000000e+05 3.858480000000000000e+05
3.860030000000000000e+05 3.863090000000000000e+05
3.867700000000000000e+05 3.870700000000000000e+05
3.887640000000000000e+05 3.894860000000000000e+05
3.887870000000000000e+05 3.894090000000000000e+05
3.910320000000000000e+05 3.912540000000000000e+05
3.915480000000000000e+05 3.917150000000000000e+05
3.919620000000000000e+05 3.921190000000000000e+05
3.926820000000000000e+05 3.928430000000000000e+05
3.950000000000000000e+05 3.951940000000000000e+05
3.959770000000000000e+05 3.962060000000000000e+05
3.962680000000000000e+05 3.963980000000000000e+05
3.965450000000000000e+05 3.967260000000000000e+05
3.976700000000000000e+05 3.978920000000000000e+05
4.013480000000000000e+05 4.015760000000000000e+05
4.029760000000000000e+05 4.035260000000000000e+05
4.040220000000000000e+05 4.042670000000000000e+05
4.137430000000000000e+05 4.140700000000000000e+05
4.154080000000000000e+05 4.155930000000000000e+05
4.162370000000000000e+05 4.164870000000000000e+05
4.185200000000000000e+05 4.188590000000000000e+05
4.216840000000000000e+05 4.218760000000000000e+05
4.230040000000000000e+05 4.234200000000000000e+05
4.240130000000000000e+05 4.242860000000000000e+05
4.252350000000000000e+05 4.253690000000000000e+05
4.252730000000000000e+05 4.254540000000000000e+05
4.275280000000000000e+05 4.278000000000000000e+05
4.282430000000000000e+05 4.284870000000000000e+05
4.289980000000000000e+05 4.292370000000000000e+05
4.313460000000000000e+05 4.316140000000000000e+05
4.347370000000000000e+05 4.351150000000000000e+05
4.357670000000000000e+05 4.359710000000000000e+05
4.369930000000000000e+05 4.372320000000000000e+05
4.375400000000000000e+05 4.378000000000000000e+05
4.375980000000000000e+05 4.377320000000000000e+05
4.384940000000000000e+05 4.385870000000000000e+05
4.400000000000000000e+05 4.403980000000000000e+05
4.468980000000000000e+05 4.471180000000000000e+05
4.474930000000000000e+05 4.476590000000000000e+05
4.577200000000000000e+05 4.581650000000000000e+05
4.657720000000000000e+05 4.663690000000000000e+05
4.658870000000000000e+05 4.663090000000000000e+05
4.678760000000000000e+05 4.680150000000000000e+05
4.710700000000000000e+05 4.714200000000000000e+05
4.715150000000000000e+05 4.717260000000000000e+05
4.735650000000000000e+05 4.739540000000000000e+05
4.747180000000000000e+05 4.749110000000000000e+05
4.753480000000000000e+05 4.759700000000000000e+05
4.776750000000000000e+05 4.778300000000000000e+05
4.786200000000000000e+05 4.788820000000000000e+05
4.786380000000000000e+05 4.788580000000000000e+05
4.797480000000000000e+05 4.802320000000000000e+05
4.803500000000000000e+05 4.806330000000000000e+05
4.810770000000000000e+05 4.813830000000000000e+05
4.820700000000000000e+05 4.823980000000000000e+05
4.835190000000000000e+05 4.837510000000000000e+05
4.941430000000000000e+05 4.944200000000000000e+05
4.948260000000000000e+05 4.952650000000000000e+05
5.034200000000000000e+05 5.038260000000000000e+05
5.043150000000000000e+05 5.046370000000000000e+05
5.068870000000000000e+05 5.070870000000000000e+05
5.077930000000000000e+05 5.080820000000000000e+05
5.089090000000000000e+05 5.091540000000000000e+05
5.092760000000000000e+05 5.094980000000000000e+05
5.101150000000000000e+05 5.105700000000000000e+05
5.112370000000000000e+05 5.116260000000000000e+05
5.133480000000000000e+05 5.135370000000000000e+05
5.150480000000000000e+05 5.154370000000000000e+05
5.193260000000000000e+05 5.196370000000000000e+05
5.214540000000000000e+05 5.217930000000000000e+05
5.291280000000000000e+05 5.293460000000000000e+05
5.302480000000000000e+05 5.305700000000000000e+05
5.327650000000000000e+05 5.329540000000000000e+05
5.331040000000000000e+05 5.335930000000000000e+05
5.339080000000000000e+05 5.341730000000000000e+05
5.346150000000000000e+05 5.348200000000000000e+05
5.357870000000000000e+05 5.361590000000000000e+05
5.357870000000000000e+05 5.371840000000000000e+05
5.357950000000000000e+05 5.368830000000000000e+05
5.363430000000000000e+05 5.369040000000000000e+05
5.373590000000000000e+05 5.376200000000000000e+05
5.390430000000000000e+05 5.391980000000000000e+05
5.455640000000000000e+05 5.459710000000000000e+05
5.456380000000000000e+05 5.457500000000000000e+05
5.472980000000000000e+05 5.475040000000000000e+05
5.515590000000000000e+05 5.520320000000000000e+05
5.531480000000000000e+05 5.534320000000000000e+05
5.576820000000000000e+05 5.579200000000000000e+05
5.585660000000000000e+05 5.587010000000000000e+05
5.598820000000000000e+05 5.602320000000000000e+05
5.631370000000000000e+05 5.632820000000000000e+05
5.645980000000000000e+05 5.648090000000000000e+05
5.663480000000000000e+05 5.665820000000000000e+05
5.831200000000000000e+05 5.833040000000000000e+05
5.839090000000000000e+05 5.842870000000000000e+05
5.848540000000000000e+05 5.851090000000000000e+05
5.871150000000000000e+05 5.873040000000000000e+05
5.881150000000000000e+05 5.882590000000000000e+05
5.890770000000000000e+05 5.892950000000000000e+05
5.900870000000000000e+05 5.907200000000000000e+05
5.925480000000000000e+05 5.927820000000000000e+05
5.932760000000000000e+05 5.936760000000000000e+05
5.942980000000000000e+05 5.945980000000000000e+05
5.959460000000000000e+05 5.960970000000000000e+05
5.982480000000000000e+05 5.984870000000000000e+05
6.020590000000000000e+05 6.023040000000000000e+05
6.042760000000000000e+05 6.044650000000000000e+05
6.169430000000000000e+05 6.170650000000000000e+05
6.249870000000000000e+05 6.251320000000000000e+05
6.274320000000000000e+05 6.276590000000000000e+05
6.288800000000000000e+05 6.291190000000000000e+05
6.296870000000000000e+05 6.298540000000000000e+05
6.333760000000000000e+05 6.336370000000000000e+05
6.354040000000000000e+05 6.355590000000000000e+05
6.360070000000000000e+05 6.361110000000000000e+05
6.414930000000000000e+05 6.418980000000000000e+05
6.476650000000000000e+05 6.480090000000000000e+05
6.489540000000000000e+05 6.491760000000000000e+05
6.520430000000000000e+05 6.521980000000000000e+05
6.540090000000000000e+05 6.542150000000000000e+05
6.576930000000000000e+05 6.582430000000000000e+05
6.588090000000000000e+05 6.592370000000000000e+05
6.637370000000000000e+05 6.639480000000000000e+05
6.681260000000000000e+05 6.684700000000000000e+05
6.708040000000000000e+05 6.709260000000000000e+05
6.710430000000000000e+05 6.711200000000000000e+05
6.711510000000000000e+05 6.713720000000000000e+05
6.720780000000000000e+05 6.722790000000000000e+05
6.734430000000000000e+05 6.736540000000000000e+05
6.817480000000000000e+05 6.820540000000000000e+05
6.852930000000000000e+05 6.854760000000000000e+05
6.862260000000000000e+05 6.866090000000000000e+05
6.877090000000000000e+05 6.880200000000000000e+05
6.955050000000000000e+05 6.957310000000000000e+05
6.970320000000000000e+05 6.971700000000000000e+05
6.980040000000000000e+05 6.981980000000000000e+05
6.996370000000000000e+05 6.997980000000000000e+05
7.016650000000000000e+05 7.019150000000000000e+05
7.020540000000000000e+05 7.023540000000000000e+05
7.057930000000000000e+05 7.059480000000000000e+05
7.071370000000000000e+05 7.075090000000000000e+05
7.085150000000000000e+05 7.087090000000000000e+05
7.100200000000000000e+05 7.100780000000000000e+05
7.123040000000000000e+05 7.126090000000000000e+05
7.136930000000000000e+05 7.138590000000000000e+05
7.229700000000000000e+05 7.233320000000000000e+05
7.253870000000000000e+05 7.256590000000000000e+05
7.258270000000000000e+05 7.259520000000000000e+05
7.282350000000000000e+05 7.283470000000000000e+05
7.308980000000000000e+05 7.311430000000000000e+05
7.309020000000000000e+05 7.312950000000000000e+05
7.315820000000000000e+05 7.318760000000000000e+05
7.348590000000000000e+05 7.350870000000000000e+05
7.378930000000000000e+05 7.380930000000000000e+05
7.396710000000000000e+05 7.398030000000000000e+05
7.410930000000000000e+05 7.414760000000000000e+05
7.485260000000000000e+05 7.487870000000000000e+05
7.559940000000000000e+05 7.561610000000000000e+05
7.591240000000000000e+05 7.594060000000000000e+05
7.591320000000000000e+05 7.593930000000000000e+05
7.632650000000000000e+05 7.633760000000000000e+05
7.738540000000000000e+05 7.741980000000000000e+05
7.945370000000000000e+05 7.948150000000000000e+05
7.956700000000000000e+05 7.959320000000000000e+05
7.967200000000000000e+05 7.968760000000000000e+05
7.979370000000000000e+05 7.981090000000000000e+05
7.999700000000000000e+05 8.000760000000000000e+05
8.049980000000000000e+05 8.050820000000000000e+05
8.057320000000000000e+05 8.058820000000000000e+05
8.175480000000000000e+05 8.176370000000000000e+05
8.202690000000000000e+05 8.205440000000000000e+05
8.232150000000000000e+05 8.233430000000000000e+05
8.239930000000000000e+05 8.241150000000000000e+05
8.485590000000000000e+05 8.487150000000000000e+05
8.736260000000000000e+05 8.737930000000000000e+05
8.925020000000000000e+05 8.927320000000000000e+05
8.925870000000000000e+05 8.927320000000000000e+05
8.937090000000000000e+05 8.943650000000000000e+05
8.963200000000000000e+05 8.966040000000000000e+05
8.989200000000000000e+05 8.993090000000000000e+05
8.999220000000000000e+05 9.000300000000000000e+05
9.001270000000000000e+05 9.004760000000000000e+05
9.029090000000000000e+05 9.030980000000000000e+05
9.039700000000000000e+05 9.041590000000000000e+05
9.042200000000000000e+05 9.046760000000000000e+05
9.053700000000000000e+05 9.057760000000000000e+05
9.064700000000000000e+05 9.068150000000000000e+05
9.091980000000000000e+05 9.095480000000000000e+05
9.097760000000000000e+05 9.099370000000000000e+05
9.276700000000000000e+05 9.278930000000000000e+05
9.288430000000000000e+05 9.290760000000000000e+05
9.295650000000000000e+05 9.298040000000000000e+05
9.332200000000000000e+05 9.335700000000000000e+05
9.344760000000000000e+05 9.346480000000000000e+05
9.433260000000000000e+05 9.434880000000000000e+05
9.444180000000000000e+05 9.446570000000000000e+05
9.474900000000000000e+05 9.476280000000000000e+05
9.495980000000000000e+05 9.498320000000000000e+05
9.512540000000000000e+05 9.514590000000000000e+05
9.519200000000000000e+05 9.522480000000000000e+05
9.529540000000000000e+05 9.531200000000000000e+05
9.550090000000000000e+05 9.555430000000000000e+05
9.578930000000000000e+05 9.583370000000000000e+05
9.588980000000000000e+05 9.593540000000000000e+05
9.602590000000000000e+05 9.604430000000000000e+05
9.606480000000000000e+05 9.608820000000000000e+05
9.628370000000000000e+05 9.631930000000000000e+05
9.639540000000000000e+05 9.644870000000000000e+05
9.653590000000000000e+05 9.655980000000000000e+05
9.664200000000000000e+05 9.666590000000000000e+05
9.664330000000000000e+05 9.666680000000000000e+05
9.669820000000000000e+05 9.672930000000000000e+05
9.682980000000000000e+05 9.684980000000000000e+05
9.685820000000000000e+05 9.688260000000000000e+05
9.695650000000000000e+05 9.700040000000000000e+05
9.710930000000000000e+05 9.714760000000000000e+05
9.722040000000000000e+05 9.725540000000000000e+05
9.734820000000000000e+05 9.737930000000000000e+05
9.738480000000000000e+05 9.742760000000000000e+05
9.747260000000000000e+05 9.750090000000000000e+05
9.757260000000000000e+05 9.760260000000000000e+05
9.775150000000000000e+05 9.776590000000000000e+05
9.792930000000000000e+05 9.796980000000000000e+05
9.804370000000000000e+05 9.805200000000000000e+05
9.828260000000000000e+05 9.831820000000000000e+05
9.854200000000000000e+05 9.857700000000000000e+05
9.861470000000000000e+05 9.868230000000000000e+05
9.861590000000000000e+05 9.865040000000000000e+05
9.866880000000000000e+05 9.868360000000000000e+05
9.871140000000000000e+05 9.873640000000000000e+05
9.874700000000000000e+05 9.877260000000000000e+05
9.887200000000000000e+05 9.889200000000000000e+05
9.905370000000000000e+05 9.909090000000000000e+05
9.915930000000000000e+05 9.918870000000000000e+05
9.992150000000000000e+05 9.994870000000000000e+05
9.996820000000000000e+05 9.999590000000000000e+05
1.002565000000000000e+06 1.002770000000000000e+06
1.003782000000000000e+06 1.003943000000000000e+06
1.003790000000000000e+06 1.003942000000000000e+06
1.004804000000000000e+06 1.005232000000000000e+06
1.006198000000000000e+06 1.006448000000000000e+06
1.007320000000000000e+06 1.007482000000000000e+06
1.009609000000000000e+06 1.009843000000000000e+06
1.010765000000000000e+06 1.011109000000000000e+06
1.013009000000000000e+06 1.013709000000000000e+06
1.016933000000000000e+06 1.017436000000000000e+06
1.018009000000000000e+06 1.018154000000000000e+06
1.018909000000000000e+06 1.019470000000000000e+06
1.020570000000000000e+06 1.020904000000000000e+06
1.022532000000000000e+06 1.023015000000000000e+06
1.026732000000000000e+06 1.026844000000000000e+06
1.026904000000000000e+06 1.027426000000000000e+06
1.031837000000000000e+06 1.032170000000000000e+06
1.032804000000000000e+06 1.033087000000000000e+06
1.048870000000000000e+06 1.049032000000000000e+06
1.051076000000000000e+06 1.051443000000000000e+06
1.051678000000000000e+06 1.051798000000000000e+06
1.545159000000000000e+06 1.545382000000000000e+06
1.556682000000000000e+06 1.556820000000000000e+06
1.557604000000000000e+06 1.557926000000000000e+06
1.558795000000000000e+06 1.558832000000000000e+06
1.559109000000000000e+06 1.559326000000000000e+06
1.584682000000000000e+06 1.584848000000000000e+06
1.585943000000000000e+06 1.586532000000000000e+06
1.590276000000000000e+06 1.590732000000000000e+06
1.592870000000000000e+06 1.593054000000000000e+06
1.596826000000000000e+06 1.597120000000000000e+06
1.597701000000000000e+06 1.597809000000000000e+06
1.597876000000000000e+06 1.598143000000000000e+06
1.601459000000000000e+06 1.601643000000000000e+06
1.602482000000000000e+06 1.602604000000000000e+06
1.604565000000000000e+06 1.604682000000000000e+06
1.605225000000000000e+06 1.605706000000000000e+06
1.609991000000000000e+06 1.610433000000000000e+06
1.610098000000000000e+06 1.610287000000000000e+06
1.617696000000000000e+06 1.617849000000000000e+06
1.617887000000000000e+06 1.618132000000000000e+06
1.617893000000000000e+06 1.618123000000000000e+06
1.618804000000000000e+06 1.618937000000000000e+06
1.627787000000000000e+06 1.627926000000000000e+06
1.630987000000000000e+06 1.631337000000000000e+06
1.631737000000000000e+06 1.631943000000000000e+06
1.632593000000000000e+06 1.632698000000000000e+06
1.657548000000000000e+06 1.657920000000000000e+06
1.669798000000000000e+06 1.670109000000000000e+06
1.671167000000000000e+06 1.671519000000000000e+06
1.679304000000000000e+06 1.679404000000000000e+06
1.679809000000000000e+06 1.679976000000000000e+06
1.680011000000000000e+06 1.680140000000000000e+06
1.680059000000000000e+06 1.680104000000000000e+06
1.684932000000000000e+06 1.685048000000000000e+06
1.690596000000000000e+06 1.690850000000000000e+06
1.690759000000000000e+06 1.690882000000000000e+06
1.693515000000000000e+06 1.693598000000000000e+06
1.694337000000000000e+06 1.694554000000000000e+06
1.695459000000000000e+06 1.695715000000000000e+06
1.696387000000000000e+06 1.696482000000000000e+06
1.700676000000000000e+06 1.700954000000000000e+06
1.702737000000000000e+06 1.702815000000000000e+06
1.702876000000000000e+06 1.703009000000000000e+06
1.709293000000000000e+06 1.709659000000000000e+06
1.711637000000000000e+06 1.711898000000000000e+06
1.719515000000000000e+06 1.719643000000000000e+06
1.721148000000000000e+06 1.721426000000000000e+06
1.723126000000000000e+06 1.723415000000000000e+06
1.723787000000000000e+06 1.724037000000000000e+06
1.725843000000000000e+06 1.725943000000000000e+06
1.726793000000000000e+06 1.726926000000000000e+06
1.732509000000000000e+06 1.732765000000000000e+06
1.734637000000000000e+06 1.734854000000000000e+06
1.736276000000000000e+06 1.736448000000000000e+06
1.740626000000000000e+06 1.740720000000000000e+06
1.741033000000000000e+06 1.741165000000000000e+06
1.742559000000000000e+06 1.742848000000000000e+06
1.743516000000000000e+06 1.743665000000000000e+06
1.744032000000000000e+06 1.744198000000000000e+06
1.751432000000000000e+06 1.751604000000000000e+06
1.753348000000000000e+06 1.753576000000000000e+06
1.754076000000000000e+06 1.754282000000000000e+06
1.762543000000000000e+06 1.762670000000000000e+06
1.767515000000000000e+06 1.767804000000000000e+06
1.787179000000000000e+06 1.787295000000000000e+06
1.789109000000000000e+06 1.789215000000000000e+06
1.789273000000000000e+06 1.789432000000000000e+06
1.792315000000000000e+06 1.792643000000000000e+06
1.802337000000000000e+06 1.802498000000000000e+06
1.805354000000000000e+06 1.805459000000000000e+06
1.811582000000000000e+06 1.811787000000000000e+06
1.812376000000000000e+06 1.812509000000000000e+06
1.814980000000000000e+06 1.815281000000000000e+06
1.815070000000000000e+06 1.815287000000000000e+06
1.829637000000000000e+06 1.829765000000000000e+06
1.859597000000000000e+06 1.859771000000000000e+06
1.859603000000000000e+06 1.859808000000000000e+06
1.859614000000000000e+06 1.859959000000000000e+06
1.928537000000000000e+06 1.928620000000000000e+06
1.961137000000000000e+06 1.961304000000000000e+06
1.962237000000000000e+06 1.962465000000000000e+06
1.965582000000000000e+06 1.965720000000000000e+06
1.967798000000000000e+06 1.967943000000000000e+06
1.969582000000000000e+06 1.969987000000000000e+06
