7.880150000000000000e+05 7.881320000000000000e+05
7.883150000000000000e+05 7.884130000000000000e+05
8.205200000000000000e+05 8.207430000000000000e+05
8.241820000000000000e+05 8.245040000000000000e+05
8.255030000000000000e+05 8.261610000000000000e+05
8.255820000000000000e+05 8.257260000000000000e+05
8.269520000000000000e+05 8.274620000000000000e+05
8.269980000000000000e+05 8.273150000000000000e+05
8.323260000000000000e+05 8.325870000000000000e+05
8.348320000000000000e+05 8.349850000000000000e+05
8.354540000000000000e+05 8.356260000000000000e+05
8.388260000000000000e+05 8.389980000000000000e+05
8.439370000000000000e+05 8.442820000000000000e+05
8.454700000000000000e+05 8.456200000000000000e+05
8.463820000000000000e+05 8.468040000000000000e+05
8.472260000000000000e+05 8.473320000000000000e+05
8.476870000000000000e+05 8.478260000000000000e+05
8.477070000000000000e+05 8.483320000000000000e+05
8.487720000000000000e+05 8.491420000000000000e+05
8.528980000000000000e+05 8.532930000000000000e+05
8.529090000000000000e+05 8.533110000000000000e+05
8.537820000000000000e+05 8.541370000000000000e+05
8.544110000000000000e+05 8.548140000000000000e+05
8.546320000000000000e+05 8.548040000000000000e+05
8.555870000000000000e+05 8.557090000000000000e+05
8.668010000000000000e+05 8.669030000000000000e+05
8.822930000000000000e+05 8.823870000000000000e+05
8.827950000000000000e+05 8.834340000000000000e+05
8.828590000000000000e+05 8.832590000000000000e+05
8.873200000000000000e+05 8.874820000000000000e+05
8.892150000000000000e+05 8.895540000000000000e+05
8.916280000000000000e+05 8.919800000000000000e+05
8.916540000000000000e+05 8.918090000000000000e+05
8.956240000000000000e+05 8.957900000000000000e+05
8.981820000000000000e+05 8.983150000000000000e+05
8.987340000000000000e+05 8.988090000000000000e+05
8.987390000000000000e+05 8.991050000000000000e+05
8.989090000000000000e+05 8.990760000000000000e+05
8.997690000000000000e+05 8.999610000000000000e+05
9.096150000000000000e+05 9.098200000000000000e+05
9.129760000000000000e+05 9.132090000000000000e+05
9.249520000000000000e+05 9.251930000000000000e+05
9.263180000000000000e+05 9.265220000000000000e+05
9.371930000000000000e+05 9.373210000000000000e+05
9.397390000000000000e+05 9.400500000000000000e+05
9.398350000000000000e+05 9.399490000000000000e+05
9.398640000000000000e+05 9.400020000000000000e+05
9.484040000000000000e+05 9.484980000000000000e+05
9.484120000000000000e+05 9.485000000000000000e+05
9.485360000000000000e+05 9.486420000000000000e+05
1.016220000000000000e+06 1.016376000000000000e+06
1.065087000000000000e+06 1.065258000000000000e+06
1.065111000000000000e+06 1.065231000000000000e+06
1.203176000000000000e+06 1.203437000000000000e+06
1.205643000000000000e+06 1.205993000000000000e+06
1.208037000000000000e+06 1.208382000000000000e+06
1.208848000000000000e+06 1.209143000000000000e+06
1.219554000000000000e+06 1.219809000000000000e+06
1.220179000000000000e+06 1.220536000000000000e+06
1.220196000000000000e+06 1.220352000000000000e+06
1.220637000000000000e+06 1.220776000000000000e+06
1.220693000000000000e+06 1.221096000000000000e+06
1.221232000000000000e+06 1.221415000000000000e+06
1.224843000000000000e+06 1.225020000000000000e+06
1.225976000000000000e+06 1.226327000000000000e+06
1.226004000000000000e+06 1.226237000000000000e+06
1.229515000000000000e+06 1.230037000000000000e+06
1.231198000000000000e+06 1.231398000000000000e+06
1.238062000000000000e+06 1.238218000000000000e+06
1.240124000000000000e+06 1.240513000000000000e+06
1.240293000000000000e+06 1.240482000000000000e+06
1.247626000000000000e+06 1.247887000000000000e+06
1.251504000000000000e+06 1.251682000000000000e+06
1.252337000000000000e+06 1.252470000000000000e+06
1.256726000000000000e+06 1.256920000000000000e+06
1.310415000000000000e+06 1.310568000000000000e+06
1.312207000000000000e+06 1.312749000000000000e+06
1.312210000000000000e+06 1.312330000000000000e+06
1.312476000000000000e+06 1.312698000000000000e+06
1.321165000000000000e+06 1.321432000000000000e+06
1.321481000000000000e+06 1.321612000000000000e+06
1.322735000000000000e+06 1.322976000000000000e+06
1.322789000000000000e+06 1.322900000000000000e+06
1.348052000000000000e+06 1.348335000000000000e+06
1.358848000000000000e+06 1.359065000000000000e+06
1.369406000000000000e+06 1.369943000000000000e+06
1.369548000000000000e+06 1.369932000000000000e+06
1.371565000000000000e+06 1.371687000000000000e+06
1.387272000000000000e+06 1.387832000000000000e+06
1.389591000000000000e+06 1.389804000000000000e+06
1.390337000000000000e+06 1.390554000000000000e+06
1.391209000000000000e+06 1.391409000000000000e+06
1.393241000000000000e+06 1.393352000000000000e+06
1.401959000000000000e+06 1.402137000000000000e+06
1.403954000000000000e+06 1.404270000000000000e+06
1.409337000000000000e+06 1.409770000000000000e+06
1.413720000000000000e+06 1.413854000000000000e+06
1.415397000000000000e+06 1.415702000000000000e+06
1.415548000000000000e+06 1.415670000000000000e+06
1.416043000000000000e+06 1.416232000000000000e+06
1.418493000000000000e+06 1.419132000000000000e+06
1.420965000000000000e+06 1.421304000000000000e+06
1.422148000000000000e+06 1.422270000000000000e+06
1.422837000000000000e+06 1.423287000000000000e+06
1.424504000000000000e+06 1.424904000000000000e+06
1.426015000000000000e+06 1.426487000000000000e+06
1.428274000000000000e+06 1.428451000000000000e+06
1.429293000000000000e+06 1.429593000000000000e+06
1.439532000000000000e+06 1.439682000000000000e+06
1.439954000000000000e+06 1.440182000000000000e+06
1.445804000000000000e+06 1.445937000000000000e+06
1.450554000000000000e+06 1.450693000000000000e+06
1.456382000000000000e+06 1.456504000000000000e+06
1.457682000000000000e+06 1.457893000000000000e+06
1.471219000000000000e+06 1.471414000000000000e+06
1.471472000000000000e+06 1.471561000000000000e+06
2.218330000000000000e+06 2.218477000000000000e+06
2.218352000000000000e+06 2.218508000000000000e+06
2.218548000000000000e+06 2.218793000000000000e+06
2.220837000000000000e+06 2.221026000000000000e+06
2.225198000000000000e+06 2.225459000000000000e+06
2.229198000000000000e+06 2.229504000000000000e+06
2.230487000000000000e+06 2.230748000000000000e+06
2.236498000000000000e+06 2.236737000000000000e+06
2.238843000000000000e+06 2.239282000000000000e+06
2.239687000000000000e+06 2.239820000000000000e+06
2.239693000000000000e+06 2.240550000000000000e+06
2.239976000000000000e+06 2.240126000000000000e+06
2.243642000000000000e+06 2.244036000000000000e+06
2.243743000000000000e+06 2.243954000000000000e+06
2.246229000000000000e+06 2.246564000000000000e+06
2.246248000000000000e+06 2.246593000000000000e+06
2.250132000000000000e+06 2.250570000000000000e+06
2.254026000000000000e+06 2.254220000000000000e+06
2.254670000000000000e+06 2.255076000000000000e+06
2.255809000000000000e+06 2.256165000000000000e+06
2.256343000000000000e+06 2.256455000000000000e+06
2.257337000000000000e+06 2.257619000000000000e+06
2.257370000000000000e+06 2.257487000000000000e+06
2.262059000000000000e+06 2.262432000000000000e+06
2.263226000000000000e+06 2.263487000000000000e+06
2.264165000000000000e+06 2.264320000000000000e+06
2.264943000000000000e+06 2.265265000000000000e+06
2.268758000000000000e+06 2.268890000000000000e+06
2.271487000000000000e+06 2.271732000000000000e+06
2.273509000000000000e+06 2.274093000000000000e+06
2.280215000000000000e+06 2.280615000000000000e+06
2.280748000000000000e+06 2.280853000000000000e+06
2.282036000000000000e+06 2.282587000000000000e+06
2.282065000000000000e+06 2.282404000000000000e+06
2.282508000000000000e+06 2.282677000000000000e+06
2.283282000000000000e+06 2.283420000000000000e+06
2.283865000000000000e+06 2.284037000000000000e+06
2.284790000000000000e+06 2.285795000000000000e+06
2.284793000000000000e+06 2.285026000000000000e+06
2.285187000000000000e+06 2.285415000000000000e+06
2.285615000000000000e+06 2.285770000000000000e+06
2.286309000000000000e+06 2.286656000000000000e+06
2.286332000000000000e+06 2.286526000000000000e+06
2.288837000000000000e+06 2.288987000000000000e+06
2.290876000000000000e+06 2.291115000000000000e+06
2.293204000000000000e+06 2.293537000000000000e+06
2.293870000000000000e+06 2.294082000000000000e+06
2.294938000000000000e+06 2.295613000000000000e+06
2.295258000000000000e+06 2.295531000000000000e+06
2.295874000000000000e+06 2.296406000000000000e+06
2.296209000000000000e+06 2.296382000000000000e+06
2.302215000000000000e+06 2.302698000000000000e+06
2.303932000000000000e+06 2.304020000000000000e+06
2.304383000000000000e+06 2.305124000000000000e+06
2.304743000000000000e+06 2.304904000000000000e+06
2.306737000000000000e+06 2.306865000000000000e+06
2.311862000000000000e+06 2.312000000000000000e+06
2.320909000000000000e+06 2.321187000000000000e+06
2.322148000000000000e+06 2.322376000000000000e+06
2.322893000000000000e+06 2.323076000000000000e+06
2.334593000000000000e+06 2.334854000000000000e+06
2.334962000000000000e+06 2.335068000000000000e+06
2.335628000000000000e+06 2.335880000000000000e+06
2.335642000000000000e+06 2.336249000000000000e+06
2.335712000000000000e+06 2.335845000000000000e+06
2.335969000000000000e+06 2.336142000000000000e+06
2.343148000000000000e+06 2.343532000000000000e+06
2.344215000000000000e+06 2.344398000000000000e+06
2.356378000000000000e+06 2.356698000000000000e+06
2.356579000000000000e+06 2.356636000000000000e+06
2.356579000000000000e+06 2.356658000000000000e+06
2.360898000000000000e+06 2.361065000000000000e+06
2.367893000000000000e+06 2.368109000000000000e+06
2.373770000000000000e+06 2.373909000000000000e+06
2.383818000000000000e+06 2.383929000000000000e+06
2.383976000000000000e+06 2.384176000000000000e+06
2.384948000000000000e+06 2.385143000000000000e+06
2.393314000000000000e+06 2.393462000000000000e+06
2.399420000000000000e+06 2.399670000000000000e+06
2.399436000000000000e+06 2.399564000000000000e+06
2.406937000000000000e+06 2.407126000000000000e+06
2.451277000000000000e+06 2.451386000000000000e+06
2.473815000000000000e+06 2.473937000000000000e+06
2.474848000000000000e+06 2.474982000000000000e+06
2.474878000000000000e+06 2.475147000000000000e+06
2.480418000000000000e+06 2.480554000000000000e+06
2.481854000000000000e+06 2.481982000000000000e+06
2.482504000000000000e+06 2.482626000000000000e+06
2.488409000000000000e+06 2.488520000000000000e+06
2.493749000000000000e+06 2.493988000000000000e+06
2.617248000000000000e+06 2.617320000000000000e+06
2.776272000000000000e+06 2.776411000000000000e+06
2.908476000000000000e+06 2.908643000000000000e+06
2.928498000000000000e+06 2.928609000000000000e+06
2.939515000000000000e+06 2.939826000000000000e+06
2.940459000000000000e+06 2.940635000000000000e+06
2.941404000000000000e+06 2.941643000000000000e+06
3.117354000000000000e+06 3.117659000000000000e+06
3.118632000000000000e+06 3.118959000000000000e+06
3.119532000000000000e+06 3.119732000000000000e+06
3.122037000000000000e+06 3.122132000000000000e+06
3.125232000000000000e+06 3.125643000000000000e+06
3.130598000000000000e+06 3.130909000000000000e+06
3.134220000000000000e+06 3.134470000000000000e+06
3.138187000000000000e+06 3.138426000000000000e+06
3.139204000000000000e+06 3.139466000000000000e+06
3.142193000000000000e+06 3.142320000000000000e+06
3.142926000000000000e+06 3.143148000000000000e+06
3.143793000000000000e+06 3.144254000000000000e+06
3.146915000000000000e+06 3.147624000000000000e+06
3.146993000000000000e+06 3.147293000000000000e+06
3.147404000000000000e+06 3.147609000000000000e+06
3.149204000000000000e+06 3.149515000000000000e+06
3.152476000000000000e+06 3.152715000000000000e+06
3.156220000000000000e+06 3.156670000000000000e+06
3.158009000000000000e+06 3.158426000000000000e+06
3.159387000000000000e+06 3.159501000000000000e+06
3.160643000000000000e+06 3.161293000000000000e+06
3.162576000000000000e+06 3.162732000000000000e+06
3.162748000000000000e+06 3.162868000000000000e+06
3.164378000000000000e+06 3.164911000000000000e+06
3.164408000000000000e+06 3.164599000000000000e+06
3.166105000000000000e+06 3.166411000000000000e+06
3.166192000000000000e+06 3.166304000000000000e+06
3.167215000000000000e+06 3.167448000000000000e+06
3.168165000000000000e+06 3.168609000000000000e+06
3.169259000000000000e+06 3.169598000000000000e+06
3.170959000000000000e+06 3.171215000000000000e+06
3.171793000000000000e+06 3.171982000000000000e+06
3.172739000000000000e+06 3.172976000000000000e+06
3.173582000000000000e+06 3.173837000000000000e+06
3.174865000000000000e+06 3.175126000000000000e+06
3.176732000000000000e+06 3.176998000000000000e+06
3.178320000000000000e+06 3.178537000000000000e+06
3.179702000000000000e+06 3.179806000000000000e+06
3.188732000000000000e+06 3.188904000000000000e+06
3.191326000000000000e+06 3.191504000000000000e+06
3.191555000000000000e+06 3.191737000000000000e+06
3.196459000000000000e+06 3.196676000000000000e+06
3.197454000000000000e+06 3.197587000000000000e+06
3.205687000000000000e+06 3.205887000000000000e+06
3.209457000000000000e+06 3.210026000000000000e+06
3.209815000000000000e+06 3.210020000000000000e+06
3.215152000000000000e+06 3.215383000000000000e+06
3.217198000000000000e+06 3.217682000000000000e+06
3.218132000000000000e+06 3.218526000000000000e+06
3.220398000000000000e+06 3.220715000000000000e+06
3.228282000000000000e+06 3.228420000000000000e+06
3.229532000000000000e+06 3.229759000000000000e+06
3.230476000000000000e+06 3.230637000000000000e+06
3.231216000000000000e+06 3.231406000000000000e+06
3.232202000000000000e+06 3.232370000000000000e+06
3.232698000000000000e+06 3.232915000000000000e+06
3.234120000000000000e+06 3.234409000000000000e+06
3.235165000000000000e+06 3.235326000000000000e+06
3.243315000000000000e+06 3.243576000000000000e+06
3.244609000000000000e+06 3.244865000000000000e+06
3.246559000000000000e+06 3.246820000000000000e+06
3.247637000000000000e+06 3.247798000000000000e+06
3.248515000000000000e+06 3.248726000000000000e+06
3.248522000000000000e+06 3.248929000000000000e+06
3.248816000000000000e+06 3.248930000000000000e+06
3.249569000000000000e+06 3.249715000000000000e+06
3.251022000000000000e+06 3.251522000000000000e+06
3.251087000000000000e+06 3.251370000000000000e+06
3.254582000000000000e+06 3.254909000000000000e+06
3.257598000000000000e+06 3.257743000000000000e+06
3.261220000000000000e+06 3.261420000000000000e+06
3.261242000000000000e+06 3.261707000000000000e+06
3.262382000000000000e+06 3.262654000000000000e+06
3.265693000000000000e+06 3.265870000000000000e+06
3.267615000000000000e+06 3.267920000000000000e+06
3.269048000000000000e+06 3.269393000000000000e+06
3.270198000000000000e+06 3.270398000000000000e+06
3.272409000000000000e+06 3.272648000000000000e+06
3.274970000000000000e+06 3.275259000000000000e+06
3.278364000000000000e+06 3.278531000000000000e+06
3.284898000000000000e+06 3.285043000000000000e+06
3.290348000000000000e+06 3.290676000000000000e+06
3.292832000000000000e+06 3.293076000000000000e+06
3.293503000000000000e+06 3.294161000000000000e+06
3.293526000000000000e+06 3.293898000000000000e+06
3.294304000000000000e+06 3.294604000000000000e+06
3.295209000000000000e+06 3.295459000000000000e+06
3.297232000000000000e+06 3.297582000000000000e+06
3.298883000000000000e+06 3.299198000000000000e+06
3.299748000000000000e+06 3.299943000000000000e+06
3.300865000000000000e+06 3.301148000000000000e+06
3.301848000000000000e+06 3.302070000000000000e+06
3.303230000000000000e+06 3.303661000000000000e+06
3.303261000000000000e+06 3.303371000000000000e+06
3.304504000000000000e+06 3.304698000000000000e+06
3.306034000000000000e+06 3.306207000000000000e+06
3.306040000000000000e+06 3.306184000000000000e+06
3.307185000000000000e+06 3.307352000000000000e+06
3.307221000000000000e+06 3.307374000000000000e+06
3.308209000000000000e+06 3.308404000000000000e+06
3.320208000000000000e+06 3.320810000000000000e+06
3.320270000000000000e+06 3.320815000000000000e+06
3.321804000000000000e+06 3.322226000000000000e+06
3.321890000000000000e+06 3.322008000000000000e+06
3.325982000000000000e+06 3.326470000000000000e+06
3.327161000000000000e+06 3.327698000000000000e+06
3.327215000000000000e+06 3.327509000000000000e+06
3.331647000000000000e+06 3.331735000000000000e+06
3.343587000000000000e+06 3.343804000000000000e+06
3.354337000000000000e+06 3.354620000000000000e+06
3.355576000000000000e+06 3.355820000000000000e+06
3.364848000000000000e+06 3.365026000000000000e+06
3.368037000000000000e+06 3.368409000000000000e+06
3.369393000000000000e+06 3.369704000000000000e+06
3.370665000000000000e+06 3.371087000000000000e+06
3.380485000000000000e+06 3.380712000000000000e+06
3.381587000000000000e+06 3.381874000000000000e+06
3.381670000000000000e+06 3.381865000000000000e+06
3.417687000000000000e+06 3.417882000000000000e+06
3.417692000000000000e+06 3.417964000000000000e+06
3.419554000000000000e+06 3.419787000000000000e+06
3.420665000000000000e+06 3.421048000000000000e+06
3.421702000000000000e+06 3.422179000000000000e+06
3.421737000000000000e+06 3.421959000000000000e+06
3.423318000000000000e+06 3.423749000000000000e+06
3.423388000000000000e+06 3.423671000000000000e+06
3.423404000000000000e+06 3.423693000000000000e+06
3.425520000000000000e+06 3.426059000000000000e+06
3.426826000000000000e+06 3.427243000000000000e+06
3.429054000000000000e+06 3.429237000000000000e+06
3.433426000000000000e+06 3.433870000000000000e+06
3.439509000000000000e+06 3.439759000000000000e+06
3.439870000000000000e+06 3.440043000000000000e+06
3.440737000000000000e+06 3.440937000000000000e+06
3.448643000000000000e+06 3.448959000000000000e+06
3.465004000000000000e+06 3.465193000000000000e+06
3.466226000000000000e+06 3.466532000000000000e+06
3.467182000000000000e+06 3.467409000000000000e+06
3.469357000000000000e+06 3.469468000000000000e+06
3.472237000000000000e+06 3.472504000000000000e+06
3.473494000000000000e+06 3.473837000000000000e+06
3.473570000000000000e+06 3.473798000000000000e+06
3.477059000000000000e+06 3.477315000000000000e+06
3.483739000000000000e+06 3.483957000000000000e+06
3.492298000000000000e+06 3.492543000000000000e+06
3.494315000000000000e+06 3.494582000000000000e+06
3.500032000000000000e+06 3.500204000000000000e+06
3.501487000000000000e+06 3.501887000000000000e+06
3.502832000000000000e+06 3.502993000000000000e+06
3.506254000000000000e+06 3.506443000000000000e+06
3.506256000000000000e+06 3.506465000000000000e+06
3.510559000000000000e+06 3.510870000000000000e+06
3.512037000000000000e+06 3.512332000000000000e+06
3.512954000000000000e+06 3.513193000000000000e+06
3.514215000000000000e+06 3.514481000000000000e+06
3.514232000000000000e+06 3.514382000000000000e+06
3.515420000000000000e+06 3.515582000000000000e+06
3.517493000000000000e+06 3.517665000000000000e+06
3.520141000000000000e+06 3.520293000000000000e+06
3.523504000000000000e+06 3.523682000000000000e+06
3.539954000000000000e+06 3.540182000000000000e+06
3.541176000000000000e+06 3.541459000000000000e+06
3.542004000000000000e+06 3.542204000000000000e+06
3.542848000000000000e+06 3.543054000000000000e+06
3.551893000000000000e+06 3.552170000000000000e+06
3.554874000000000000e+06 3.555253000000000000e+06
3.554976000000000000e+06 3.555165000000000000e+06
3.555170000000000000e+06 3.555306000000000000e+06
3.565254000000000000e+06 3.565459000000000000e+06
3.570126000000000000e+06 3.570320000000000000e+06
3.574887000000000000e+06 3.575165000000000000e+06
3.583887000000000000e+06 3.584165000000000000e+06
3.584920000000000000e+06 3.585137000000000000e+06
3.586332000000000000e+06 3.586582000000000000e+06
3.587393000000000000e+06 3.587570000000000000e+06
3.591487000000000000e+06 3.591661000000000000e+06
3.592453000000000000e+06 3.592752000000000000e+06
3.594398000000000000e+06 3.594698000000000000e+06
3.596448000000000000e+06 3.596709000000000000e+06
3.597409000000000000e+06 3.597543000000000000e+06
3.599098000000000000e+06 3.599343000000000000e+06
3.602704000000000000e+06 3.602993000000000000e+06
3.603787000000000000e+06 3.604026000000000000e+06
3.605659000000000000e+06 3.605893000000000000e+06
3.606676000000000000e+06 3.606920000000000000e+06
3.612209000000000000e+06 3.612415000000000000e+06
3.633489000000000000e+06 3.633675000000000000e+06
3.636854000000000000e+06 3.637093000000000000e+06
3.645115000000000000e+06 3.645404000000000000e+06
3.646487000000000000e+06 3.646682000000000000e+06
3.647165000000000000e+06 3.647493000000000000e+06
3.656487000000000000e+06 3.656732000000000000e+06
3.658832000000000000e+06 3.659226000000000000e+06
3.660676000000000000e+06 3.660843000000000000e+06
3.662837000000000000e+06 3.662998000000000000e+06
3.666526000000000000e+06 3.666682000000000000e+06
3.671704000000000000e+06 3.671948000000000000e+06
3.676676000000000000e+06 3.676926000000000000e+06
3.683920000000000000e+06 3.684204000000000000e+06
3.685926000000000000e+06 3.686143000000000000e+06
3.689220000000000000e+06 3.689354000000000000e+06
3.689837000000000000e+06 3.689937000000000000e+06
3.691976000000000000e+06 3.692365000000000000e+06
3.694615000000000000e+06 3.694848000000000000e+06
3.696191000000000000e+06 3.696379000000000000e+06
3.696739000000000000e+06 3.697110000000000000e+06
3.696743000000000000e+06 3.696998000000000000e+06
3.697582000000000000e+06 3.697739000000000000e+06
3.697589000000000000e+06 3.697762000000000000e+06
3.698374000000000000e+06 3.698564000000000000e+06
3.700296000000000000e+06 3.700409000000000000e+06
3.705704000000000000e+06 3.705882000000000000e+06
3.708083000000000000e+06 3.708205000000000000e+06
3.708543000000000000e+06 3.708743000000000000e+06
3.711137000000000000e+06 3.711265000000000000e+06
3.711365000000000000e+06 3.711554000000000000e+06
3.713243000000000000e+06 3.713437000000000000e+06
3.714076000000000000e+06 3.714276000000000000e+06
3.714926000000000000e+06 3.715043000000000000e+06
3.716854000000000000e+06 3.717037000000000000e+06
3.718859000000000000e+06 3.719076000000000000e+06
3.731682000000000000e+06 3.731815000000000000e+06
3.743026000000000000e+06 3.743198000000000000e+06
3.764715000000000000e+06 3.764982000000000000e+06
3.771476000000000000e+06 3.771637000000000000e+06
3.778543000000000000e+06 3.778715000000000000e+06
4.230226000000000000e+06 4.230398000000000000e+06
4.230643000000000000e+06 4.230887000000000000e+06
4.234504000000000000e+06 4.234659000000000000e+06
4.235504000000000000e+06 4.235787000000000000e+06
4.236406000000000000e+06 4.236675000000000000e+06
4.237459000000000000e+06 4.237926000000000000e+06
4.238404000000000000e+06 4.238507000000000000e+06
4.239665000000000000e+06 4.240105000000000000e+06
4.239965000000000000e+06 4.240109000000000000e+06
4.246020000000000000e+06 4.246248000000000000e+06
4.246732000000000000e+06 4.246876000000000000e+06
4.247633000000000000e+06 4.248110000000000000e+06
4.247662000000000000e+06 4.247981000000000000e+06
4.248565000000000000e+06 4.248770000000000000e+06
4.249179000000000000e+06 4.249300000000000000e+06
4.249568000000000000e+06 4.250013000000000000e+06
4.249587000000000000e+06 4.249787000000000000e+06
4.250826000000000000e+06 4.251093000000000000e+06
4.255015000000000000e+06 4.255348000000000000e+06
4.257367000000000000e+06 4.257576000000000000e+06
4.261398000000000000e+06 4.261826000000000000e+06
4.271985000000000000e+06 4.272226000000000000e+06
4.274798000000000000e+06 4.275009000000000000e+06
4.276187000000000000e+06 4.276687000000000000e+06
4.277276000000000000e+06 4.277854000000000000e+06
4.277440000000000000e+06 4.277839000000000000e+06
4.279554000000000000e+06 4.279720000000000000e+06
4.279568000000000000e+06 4.279878000000000000e+06
4.281348000000000000e+06 4.281582000000000000e+06
4.285124000000000000e+06 4.285323000000000000e+06
4.291426000000000000e+06 4.291559000000000000e+06
4.291765000000000000e+06 4.292043000000000000e+06
4.292604000000000000e+06 4.292982000000000000e+06
4.293698000000000000e+06 4.293959000000000000e+06
4.294648000000000000e+06 4.294809000000000000e+06
4.300276000000000000e+06 4.300632000000000000e+06
4.306994000000000000e+06 4.307184000000000000e+06
4.307031000000000000e+06 4.307149000000000000e+06
4.307659000000000000e+06 4.307948000000000000e+06
4.308770000000000000e+06 4.308976000000000000e+06
4.313504000000000000e+06 4.313926000000000000e+06
4.321682000000000000e+06 4.322154000000000000e+06
4.322414000000000000e+06 4.322518000000000000e+06
4.329282000000000000e+06 4.329487000000000000e+06
4.329294000000000000e+06 4.329613000000000000e+06
4.342276000000000000e+06 4.342543000000000000e+06
4.343507000000000000e+06 4.343983000000000000e+06
4.343543000000000000e+06 4.343915000000000000e+06
4.346147000000000000e+06 4.346471000000000000e+06
4.346320000000000000e+06 4.346509000000000000e+06
4.347565000000000000e+06 4.347715000000000000e+06
4.349570000000000000e+06 4.349898000000000000e+06
4.351815000000000000e+06 4.352054000000000000e+06
4.355637000000000000e+06 4.355904000000000000e+06
4.356576000000000000e+06 4.356920000000000000e+06
4.359059000000000000e+06 4.359337000000000000e+06
4.360065000000000000e+06 4.360298000000000000e+06
4.360925000000000000e+06 4.361096000000000000e+06
4.361201000000000000e+06 4.361331000000000000e+06
4.370659000000000000e+06 4.370954000000000000e+06
4.371709000000000000e+06 4.372226000000000000e+06
4.374687000000000000e+06 4.374893000000000000e+06
4.374707000000000000e+06 4.375022000000000000e+06
4.375765000000000000e+06 4.376126000000000000e+06
4.396082000000000000e+06 4.396309000000000000e+06
4.397082000000000000e+06 4.397270000000000000e+06
4.413982000000000000e+06 4.414170000000000000e+06
4.420442000000000000e+06 4.420672000000000000e+06
4.420443000000000000e+06 4.420605000000000000e+06
4.423615000000000000e+06 4.423748000000000000e+06
4.424676000000000000e+06 4.424826000000000000e+06
4.433670000000000000e+06 4.434109000000000000e+06
4.441537000000000000e+06 4.441809000000000000e+06
4.450949000000000000e+06 4.451120000000000000e+06
4.452043000000000000e+06 4.452248000000000000e+06
4.453272000000000000e+06 4.453425000000000000e+06
4.457587000000000000e+06 4.457897000000000000e+06
4.457676000000000000e+06 4.457882000000000000e+06
4.461056000000000000e+06 4.461176000000000000e+06
4.467654000000000000e+06 4.467859000000000000e+06
4.469237000000000000e+06 4.469365000000000000e+06
4.495387000000000000e+06 4.495670000000000000e+06
4.509132000000000000e+06 4.509265000000000000e+06
4.512670000000000000e+06 4.512782000000000000e+06
4.530637000000000000e+06 4.530815000000000000e+06
4.531481000000000000e+06 4.531676000000000000e+06
4.531737000000000000e+06 4.532054000000000000e+06
4.538809000000000000e+06 4.539076000000000000e+06
4.539748000000000000e+06 4.540059000000000000e+06
4.543315000000000000e+06 4.543465000000000000e+06
4.545320000000000000e+06 4.545420000000000000e+06
4.548782000000000000e+06 4.548898000000000000e+06
4.550265000000000000e+06 4.550587000000000000e+06
4.553765000000000000e+06 4.553987000000000000e+06
4.554758000000000000e+06 4.555064000000000000e+06
4.554854000000000000e+06 4.555043000000000000e+06
4.555815000000000000e+06 4.555948000000000000e+06
4.563276000000000000e+06 4.563465000000000000e+06
4.564009000000000000e+06 4.564226000000000000e+06
4.565637000000000000e+06 4.566020000000000000e+06
4.572087000000000000e+06 4.572376000000000000e+06
4.577576000000000000e+06 4.577787000000000000e+06
4.579176000000000000e+06 4.579315000000000000e+06
4.580965000000000000e+06 4.581287000000000000e+06
4.583215000000000000e+06 4.583420000000000000e+06
4.584726000000000000e+06 4.585098000000000000e+06
4.585993000000000000e+06 4.586220000000000000e+06
4.587920000000000000e+06 4.588165000000000000e+06
4.590965000000000000e+06 4.591198000000000000e+06
4.591693000000000000e+06 4.591937000000000000e+06
4.597304000000000000e+06 4.597682000000000000e+06
4.598893000000000000e+06 4.599087000000000000e+06
4.609893000000000000e+06 4.610148000000000000e+06
4.612437000000000000e+06 4.612687000000000000e+06
4.622093000000000000e+06 4.622454000000000000e+06
4.623382000000000000e+06 4.623559000000000000e+06
4.625783000000000000e+06 4.625886000000000000e+06
4.626043000000000000e+06 4.626343000000000000e+06
4.627665000000000000e+06 4.628048000000000000e+06
4.631815000000000000e+06 4.632048000000000000e+06
4.633443000000000000e+06 4.633782000000000000e+06
4.638626000000000000e+06 4.638848000000000000e+06
4.639415000000000000e+06 4.639732000000000000e+06
4.643576000000000000e+06 4.643909000000000000e+06
4.644665000000000000e+06 4.644770000000000000e+06
4.646354000000000000e+06 4.646759000000000000e+06
4.663031000000000000e+06 4.663152000000000000e+06
4.664232000000000000e+06 4.664404000000000000e+06
4.664239000000000000e+06 4.664568000000000000e+06
4.664453000000000000e+06 4.664573000000000000e+06
4.665270000000000000e+06 4.665626000000000000e+06
4.667404000000000000e+06 4.667693000000000000e+06
4.668454000000000000e+06 4.668782000000000000e+06
4.687682000000000000e+06 4.687837000000000000e+06
4.728044000000000000e+06 4.728152000000000000e+06
4.729783000000000000e+06 4.729978000000000000e+06
4.747059000000000000e+06 4.747348000000000000e+06
4.752582000000000000e+06 4.752815000000000000e+06
4.753632000000000000e+06 4.753904000000000000e+06
4.758197000000000000e+06 4.758424000000000000e+06
4.762854000000000000e+06 4.763143000000000000e+06
4.768109000000000000e+06 4.768309000000000000e+06
4.778105000000000000e+06 4.778221000000000000e+06
5.322906000000000000e+06 5.323184000000000000e+06
5.339048000000000000e+06 5.339159000000000000e+06
5.340693000000000000e+06 5.341221000000000000e+06
5.340737000000000000e+06 5.341098000000000000e+06
5.343383000000000000e+06 5.343786000000000000e+06
5.343526000000000000e+06 5.343698000000000000e+06
5.345355000000000000e+06 5.345920000000000000e+06
5.345798000000000000e+06 5.345887000000000000e+06
5.346726000000000000e+06 5.346909000000000000e+06
5.349782000000000000e+06 5.350026000000000000e+06
5.351304000000000000e+06 5.351576000000000000e+06
5.354059000000000000e+06 5.354679000000000000e+06
5.354098000000000000e+06 5.354365000000000000e+06
5.357626000000000000e+06 5.357832000000000000e+06
5.367226000000000000e+06 5.367509000000000000e+06
5.368109000000000000e+06 5.368254000000000000e+06
5.370165000000000000e+06 5.370318000000000000e+06
5.372508000000000000e+06 5.372962000000000000e+06
5.372676000000000000e+06 5.372887000000000000e+06
5.373744000000000000e+06 5.373883000000000000e+06
5.374545000000000000e+06 5.374680000000000000e+06
5.376676000000000000e+06 5.377115000000000000e+06
5.380249000000000000e+06 5.380587000000000000e+06
5.380437000000000000e+06 5.380593000000000000e+06
5.385226000000000000e+06 5.385370000000000000e+06
5.387220000000000000e+06 5.387587000000000000e+06
5.391513000000000000e+06 5.391902000000000000e+06
5.391754000000000000e+06 5.391870000000000000e+06
5.392765000000000000e+06 5.393109000000000000e+06
5.393360000000000000e+06 5.393536000000000000e+06
5.393882000000000000e+06 5.394126000000000000e+06
5.394610000000000000e+06 5.394745000000000000e+06
5.394647000000000000e+06 5.395064000000000000e+06
5.394809000000000000e+06 5.395059000000000000e+06
5.401492000000000000e+06 5.402099000000000000e+06
5.401610000000000000e+06 5.402040000000000000e+06
5.401754000000000000e+06 5.402065000000000000e+06
5.402993000000000000e+06 5.403382000000000000e+06
5.404309000000000000e+06 5.404482000000000000e+06
5.405093000000000000e+06 5.405393000000000000e+06
5.407954000000000000e+06 5.408159000000000000e+06
5.408915000000000000e+06 5.409043000000000000e+06
5.409482000000000000e+06 5.409593000000000000e+06
5.411582000000000000e+06 5.411737000000000000e+06
5.412790000000000000e+06 5.413036000000000000e+06
5.418065000000000000e+06 5.418326000000000000e+06
5.420404000000000000e+06 5.420770000000000000e+06
5.421526000000000000e+06 5.421759000000000000e+06
5.422493000000000000e+06 5.422737000000000000e+06
5.424876000000000000e+06 5.425259000000000000e+06
5.426448000000000000e+06 5.426704000000000000e+06
5.428193000000000000e+06 5.428437000000000000e+06
5.429361000000000000e+06 5.429495000000000000e+06
5.430232000000000000e+06 5.430626000000000000e+06
5.431459000000000000e+06 5.431698000000000000e+06
5.436165000000000000e+06 5.436287000000000000e+06
5.444826000000000000e+06 5.444946000000000000e+06
5.446570000000000000e+06 5.446854000000000000e+06
5.447545000000000000e+06 5.447776000000000000e+06
5.453465000000000000e+06 5.453832000000000000e+06
5.456834000000000000e+06 5.457116000000000000e+06
5.457854000000000000e+06 5.458187000000000000e+06
5.458798000000000000e+06 5.459298000000000000e+06
5.461554000000000000e+06 5.461787000000000000e+06
5.462309000000000000e+06 5.462565000000000000e+06
5.472544000000000000e+06 5.472645000000000000e+06
5.487348000000000000e+06 5.487776000000000000e+06
5.488179000000000000e+06 5.488402000000000000e+06
5.490601000000000000e+06 5.490713000000000000e+06
5.491721000000000000e+06 5.491976000000000000e+06
5.492209000000000000e+06 5.492470000000000000e+06
5.497048000000000000e+06 5.497309000000000000e+06
5.498570000000000000e+06 5.499015000000000000e+06
5.500482000000000000e+06 5.500665000000000000e+06
5.504743000000000000e+06 5.504998000000000000e+06
5.510133000000000000e+06 5.510402000000000000e+06
5.511415000000000000e+06 5.511576000000000000e+06
5.516370000000000000e+06 5.516543000000000000e+06
5.520632000000000000e+06 5.520843000000000000e+06
5.526059000000000000e+06 5.526293000000000000e+06
5.530454000000000000e+06 5.530597000000000000e+06
5.533815000000000000e+06 5.533965000000000000e+06
5.534859000000000000e+06 5.535032000000000000e+06
5.535832000000000000e+06 5.536020000000000000e+06
5.537282000000000000e+06 5.537409000000000000e+06
5.538054000000000000e+06 5.538220000000000000e+06
5.539076000000000000e+06 5.539420000000000000e+06
5.540948000000000000e+06 5.541082000000000000e+06
5.541954000000000000e+06 5.542109000000000000e+06
5.544043000000000000e+06 5.544204000000000000e+06
5.545525000000000000e+06 5.545694000000000000e+06
5.546288000000000000e+06 5.546430000000000000e+06
5.547265000000000000e+06 5.547548000000000000e+06
5.558010000000000000e+06 5.558171000000000000e+06
5.558087000000000000e+06 5.558249000000000000e+06
5.564159000000000000e+06 5.564370000000000000e+06
5.565532000000000000e+06 5.565698000000000000e+06
5.566593000000000000e+06 5.566865000000000000e+06
5.567554000000000000e+06 5.567820000000000000e+06
5.568550000000000000e+06 5.568818000000000000e+06
5.569809000000000000e+06 5.569937000000000000e+06
5.577893000000000000e+06 5.578070000000000000e+06
5.579254000000000000e+06 5.579548000000000000e+06
5.580632000000000000e+06 5.580737000000000000e+06
5.581498000000000000e+06 5.581976000000000000e+06
5.582914000000000000e+06 5.583045000000000000e+06
5.583248000000000000e+06 5.583454000000000000e+06
5.584443000000000000e+06 5.584554000000000000e+06
5.586165000000000000e+06 5.586319000000000000e+06
5.587376000000000000e+06 5.587526000000000000e+06
5.588165000000000000e+06 5.588520000000000000e+06
5.589126000000000000e+06 5.589354000000000000e+06
5.599254000000000000e+06 5.599454000000000000e+06
5.601032000000000000e+06 5.601159000000000000e+06
5.608982000000000000e+06 5.609193000000000000e+06
5.614679000000000000e+06 5.614869000000000000e+06
5.614796000000000000e+06 5.614897000000000000e+06
5.615376000000000000e+06 5.615637000000000000e+06
5.626837000000000000e+06 5.627004000000000000e+06
5.628104000000000000e+06 5.628237000000000000e+06
5.639982000000000000e+06 5.640104000000000000e+06
5.641937000000000000e+06 5.642098000000000000e+06
5.647570000000000000e+06 5.647679000000000000e+06
5.648261000000000000e+06 5.648438000000000000e+06
5.652382000000000000e+06 5.652509000000000000e+06
5.654704000000000000e+06 5.654887000000000000e+06
5.660643000000000000e+06 5.660754000000000000e+06
5.666325000000000000e+06 5.666500000000000000e+06
5.667759000000000000e+06 5.667920000000000000e+06
5.667984000000000000e+06 5.668077000000000000e+06
5.698582000000000000e+06 5.698709000000000000e+06
5.710030000000000000e+06 5.710176000000000000e+06
5.728559000000000000e+06 5.728748000000000000e+06
5.743148000000000000e+06 5.743298000000000000e+06
5.778095000000000000e+06 5.778276000000000000e+06
5.780732000000000000e+06 5.780849000000000000e+06
5.780818000000000000e+06 5.780980000000000000e+06
5.783693000000000000e+06 5.783820000000000000e+06
5.786026000000000000e+06 5.786120000000000000e+06
5.788176000000000000e+06 5.788287000000000000e+06
5.791076000000000000e+06 5.791232000000000000e+06
5.794337000000000000e+06 5.794476000000000000e+06
5.796759000000000000e+06 5.797015000000000000e+06
5.798293000000000000e+06 5.798443000000000000e+06
5.798954000000000000e+06 5.799104000000000000e+06
5.802176000000000000e+06 5.802309000000000000e+06
5.804070000000000000e+06 5.804165000000000000e+06
5.807814000000000000e+06 5.807986000000000000e+06
5.808829000000000000e+06 5.808971000000000000e+06
5.811184000000000000e+06 5.811596000000000000e+06
5.811293000000000000e+06 5.811582000000000000e+06
5.812556000000000000e+06 5.812667000000000000e+06
5.813737000000000000e+06 5.813882000000000000e+06
5.814679000000000000e+06 5.814850000000000000e+06
5.817846000000000000e+06 5.817962000000000000e+06
6.313439000000000000e+06 6.313549000000000000e+06
6.368782000000000000e+06 6.369315000000000000e+06
6.370587000000000000e+06 6.371036000000000000e+06
6.370605000000000000e+06 6.371281000000000000e+06
6.370854000000000000e+06 6.370959000000000000e+06
6.372148000000000000e+06 6.372248000000000000e+06
6.373184000000000000e+06 6.373378000000000000e+06
6.382290000000000000e+06 6.382920000000000000e+06
6.382320000000000000e+06 6.382737000000000000e+06
6.384582000000000000e+06 6.384804000000000000e+06
6.385237000000000000e+06 6.385409000000000000e+06
6.387026000000000000e+06 6.387170000000000000e+06
6.389237000000000000e+06 6.389443000000000000e+06
6.405854000000000000e+06 6.405970000000000000e+06
6.409432000000000000e+06 6.409570000000000000e+06
6.410265000000000000e+06 6.410543000000000000e+06
6.411587000000000000e+06 6.412137000000000000e+06
6.412587000000000000e+06 6.413098000000000000e+06
6.420676000000000000e+06 6.420854000000000000e+06
6.421682000000000000e+06 6.422220000000000000e+06
6.465409000000000000e+06 6.465804000000000000e+06
6.469744000000000000e+06 6.470064000000000000e+06
6.478237000000000000e+06 6.478348000000000000e+06
6.483215000000000000e+06 6.483620000000000000e+06
6.484148000000000000e+06 6.484298000000000000e+06
6.486587000000000000e+06 6.486860000000000000e+06
6.494082000000000000e+06 6.494204000000000000e+06
6.496404000000000000e+06 6.496620000000000000e+06
6.502259000000000000e+06 6.502704000000000000e+06
6.504105000000000000e+06 6.504346000000000000e+06
6.504465000000000000e+06 6.504832000000000000e+06
6.505487000000000000e+06 6.505937000000000000e+06
6.507934000000000000e+06 6.508286000000000000e+06
6.508004000000000000e+06 6.508182000000000000e+06
6.523659000000000000e+06 6.523932000000000000e+06
6.523709000000000000e+06 6.523976000000000000e+06
6.527049000000000000e+06 6.527196000000000000e+06
6.528043000000000000e+06 6.528237000000000000e+06
