8.205280000000000000e+05 8.207430000000000000e+05
8.241480000000000000e+05 8.245250000000000000e+05
8.254880000000000000e+05 8.261260000000000000e+05
8.269630000000000000e+05 8.273130000000000000e+05
8.281870000000000000e+05 8.283760000000000000e+05
8.314930000000000000e+05 8.317260000000000000e+05
8.323140000000000000e+05 8.325860000000000000e+05
8.343720000000000000e+05 8.345400000000000000e+05
8.348430000000000000e+05 8.349790000000000000e+05
8.353450000000000000e+05 8.356380000000000000e+05
8.384980000000000000e+05 8.386700000000000000e+05
8.387860000000000000e+05 8.391420000000000000e+05
8.400170000000000000e+05 8.403520000000000000e+05
8.407230000000000000e+05 8.408900000000000000e+05
8.424480000000000000e+05 8.427650000000000000e+05
8.439150000000000000e+05 8.446610000000000000e+05
8.449570000000000000e+05 8.456470000000000000e+05
8.462940000000000000e+05 8.468280000000000000e+05
8.475130000000000000e+05 8.478210000000000000e+05
8.487290000000000000e+05 8.488650000000000000e+05
8.529030000000000000e+05 8.533010000000000000e+05
8.538030000000000000e+05 8.541380000000000000e+05
8.546980000000000000e+05 8.547970000000000000e+05
8.555820000000000000e+05 8.557230000000000000e+05
8.582980000000000000e+05 8.586090000000000000e+05
8.599590000000000000e+05 8.601150000000000000e+05
8.612870000000000000e+05 8.614040000000000000e+05
8.621430000000000000e+05 8.622760000000000000e+05
8.629650000000000000e+05 8.631590000000000000e+05
8.646760000000000000e+05 8.648040000000000000e+05
8.663230000000000000e+05 8.665310000000000000e+05
8.674290000000000000e+05 8.675730000000000000e+05
8.688260000000000000e+05 8.689370000000000000e+05
8.733150000000000000e+05 8.734320000000000000e+05
8.774540000000000000e+05 8.775980000000000000e+05
8.821710000000000000e+05 8.823590000000000000e+05
8.824590000000000000e+05 8.826420000000000000e+05
8.828350000000000000e+05 8.833950000000000000e+05
8.857600000000000000e+05 8.858590000000000000e+05
8.862680000000000000e+05 8.863970000000000000e+05
8.873290000000000000e+05 8.875590000000000000e+05
8.892020000000000000e+05 8.896250000000000000e+05
8.908090000000000000e+05 8.909430000000000000e+05
8.915970000000000000e+05 8.920000000000000000e+05
8.956360000000000000e+05 8.957090000000000000e+05
8.980580000000000000e+05 8.983190000000000000e+05
8.987220000000000000e+05 8.990720000000000000e+05
8.999290000000000000e+05 9.001330000000000000e+05
9.053260000000000000e+05 9.054430000000000000e+05
9.085590000000000000e+05 9.086700000000000000e+05
9.089280000000000000e+05 9.090340000000000000e+05
9.095010000000000000e+05 9.098300000000000000e+05
9.107480000000000000e+05 9.108590000000000000e+05
9.115410000000000000e+05 9.116030000000000000e+05
9.116590000000000000e+05 9.117760000000000000e+05
9.129430000000000000e+05 9.133610000000000000e+05
9.171930000000000000e+05 9.173590000000000000e+05
9.198090000000000000e+05 9.198320000000000000e+05
9.220640000000000000e+05 9.225080000000000000e+05
9.249530000000000000e+05 9.252720000000000000e+05
9.263550000000000000e+05 9.264440000000000000e+05
9.348140000000000000e+05 9.349430000000000000e+05
9.372560000000000000e+05 9.373660000000000000e+05
9.379040000000000000e+05 9.379870000000000000e+05
9.396990000000000000e+05 9.399920000000000000e+05
9.484090000000000000e+05 9.486550000000000000e+05
9.627350000000000000e+05 9.628410000000000000e+05
9.675480000000000000e+05 9.676820000000000000e+05
9.743640000000000000e+05 9.744940000000000000e+05
9.843490000000000000e+05 9.845110000000000000e+05
9.964010000000000000e+05 9.964740000000000000e+05
9.972010000000000000e+05 9.973260000000000000e+05
9.987200000000000000e+05 9.988320000000000000e+05
1.016235000000000000e+06 1.016531000000000000e+06
1.065100000000000000e+06 1.065216000000000000e+06
1.088498000000000000e+06 1.088620000000000000e+06
1.096015000000000000e+06 1.096143000000000000e+06
1.101613000000000000e+06 1.101712000000000000e+06
1.125665000000000000e+06 1.125760000000000000e+06
1.127020000000000000e+06 1.127193000000000000e+06
1.129542000000000000e+06 1.129688000000000000e+06
1.132814000000000000e+06 1.132938000000000000e+06
1.135287000000000000e+06 1.135409000000000000e+06
1.147298000000000000e+06 1.147404000000000000e+06
1.201698000000000000e+06 1.202104000000000000e+06
1.202692000000000000e+06 1.203038000000000000e+06
1.203158000000000000e+06 1.203540000000000000e+06
1.204104000000000000e+06 1.204259000000000000e+06
1.205624000000000000e+06 1.206069000000000000e+06
1.208031000000000000e+06 1.208428000000000000e+06
1.208844000000000000e+06 1.209153000000000000e+06
1.219484000000000000e+06 1.219814000000000000e+06
1.220206000000000000e+06 1.220420000000000000e+06
1.220661000000000000e+06 1.221069000000000000e+06
1.221242000000000000e+06 1.221514000000000000e+06
1.222243000000000000e+06 1.222748000000000000e+06
1.224851000000000000e+06 1.225113000000000000e+06
1.225929000000000000e+06 1.226378000000000000e+06
1.227110000000000000e+06 1.227274000000000000e+06
1.228232000000000000e+06 1.228876000000000000e+06
1.229394000000000000e+06 1.230022000000000000e+06
1.230372000000000000e+06 1.230461000000000000e+06
1.230540000000000000e+06 1.230665000000000000e+06
1.231068000000000000e+06 1.231415000000000000e+06
1.232087000000000000e+06 1.232237000000000000e+06
1.238052000000000000e+06 1.238235000000000000e+06
1.240060000000000000e+06 1.240479000000000000e+06
1.244720000000000000e+06 1.244904000000000000e+06
1.247624000000000000e+06 1.247886000000000000e+06
1.249348000000000000e+06 1.249476000000000000e+06
1.251490000000000000e+06 1.251663000000000000e+06
1.252358000000000000e+06 1.252641000000000000e+06
1.253526000000000000e+06 1.253654000000000000e+06
1.255470000000000000e+06 1.255726000000000000e+06
1.256624000000000000e+06 1.256876000000000000e+06
1.265089000000000000e+06 1.265191000000000000e+06
1.268509000000000000e+06 1.268713000000000000e+06
1.288165000000000000e+06 1.288304000000000000e+06
1.310457000000000000e+06 1.310562000000000000e+06
1.312502000000000000e+06 1.312712000000000000e+06
1.321186000000000000e+06 1.321583000000000000e+06
1.322750000000000000e+06 1.322854000000000000e+06
1.323715000000000000e+06 1.323893000000000000e+06
1.325320000000000000e+06 1.325565000000000000e+06
1.339066000000000000e+06 1.339191000000000000e+06
1.348021000000000000e+06 1.348314000000000000e+06
1.358776000000000000e+06 1.359114000000000000e+06
1.362654000000000000e+06 1.362854000000000000e+06
1.369379000000000000e+06 1.369929000000000000e+06
1.371561000000000000e+06 1.371749000000000000e+06
1.378793000000000000e+06 1.379020000000000000e+06
1.382603000000000000e+06 1.382844000000000000e+06
1.387688000000000000e+06 1.387808000000000000e+06
1.389015000000000000e+06 1.389115000000000000e+06
1.389613000000000000e+06 1.389744000000000000e+06
1.389817000000000000e+06 1.389932000000000000e+06
1.390330000000000000e+06 1.390591000000000000e+06
1.391091000000000000e+06 1.391420000000000000e+06
1.393259000000000000e+06 1.393463000000000000e+06
1.394820000000000000e+06 1.395382000000000000e+06
1.396604000000000000e+06 1.396726000000000000e+06
1.398043000000000000e+06 1.398765000000000000e+06
1.399393000000000000e+06 1.399882000000000000e+06
1.400520000000000000e+06 1.400643000000000000e+06
1.401969000000000000e+06 1.402262000000000000e+06
1.402415000000000000e+06 1.402665000000000000e+06
1.403854000000000000e+06 1.404284000000000000e+06
1.404959000000000000e+06 1.405120000000000000e+06
1.405965000000000000e+06 1.406126000000000000e+06
1.408343000000000000e+06 1.408809000000000000e+06
1.409216000000000000e+06 1.409980000000000000e+06
1.410276000000000000e+06 1.410843000000000000e+06
1.413159000000000000e+06 1.413404000000000000e+06
1.413699000000000000e+06 1.413867000000000000e+06
1.415441000000000000e+06 1.415797000000000000e+06
1.416058000000000000e+06 1.416310000000000000e+06
1.417120000000000000e+06 1.417570000000000000e+06
1.418488000000000000e+06 1.419189000000000000e+06
1.419937000000000000e+06 1.420143000000000000e+06
1.420973000000000000e+06 1.421360000000000000e+06
1.422105000000000000e+06 1.422397000000000000e+06
1.422827000000000000e+06 1.423564000000000000e+06
1.424337000000000000e+06 1.424902000000000000e+06
1.426021000000000000e+06 1.426471000000000000e+06
1.427409000000000000e+06 1.427504000000000000e+06
1.429165000000000000e+06 1.429707000000000000e+06
1.430258000000000000e+06 1.430337000000000000e+06
1.431037000000000000e+06 1.431204000000000000e+06
1.432204000000000000e+06 1.432343000000000000e+06
1.433215000000000000e+06 1.433620000000000000e+06
1.439572000000000000e+06 1.439729000000000000e+06
1.439891000000000000e+06 1.440168000000000000e+06
1.442716000000000000e+06 1.442846000000000000e+06
1.443026000000000000e+06 1.443154000000000000e+06
1.444564000000000000e+06 1.444883000000000000e+06
1.445790000000000000e+06 1.446300000000000000e+06
1.447253000000000000e+06 1.447425000000000000e+06
1.448906000000000000e+06 1.449068000000000000e+06
1.450489000000000000e+06 1.450840000000000000e+06
1.453324000000000000e+06 1.453466000000000000e+06
1.456374000000000000e+06 1.456500000000000000e+06
1.457729000000000000e+06 1.457902000000000000e+06
1.459139000000000000e+06 1.459335000000000000e+06
1.464415000000000000e+06 1.464737000000000000e+06
1.468932000000000000e+06 1.469032000000000000e+06
1.471199000000000000e+06 1.471602000000000000e+06
1.472920000000000000e+06 1.473093000000000000e+06
2.215637000000000000e+06 2.215848000000000000e+06
2.218335000000000000e+06 2.218764000000000000e+06
2.220638000000000000e+06 2.221179000000000000e+06
2.225114000000000000e+06 2.225512000000000000e+06
2.229194000000000000e+06 2.229550000000000000e+06
2.230487000000000000e+06 2.230800000000000000e+06
2.235031000000000000e+06 2.235161000000000000e+06
2.236513000000000000e+06 2.236753000000000000e+06
2.238835000000000000e+06 2.239306000000000000e+06
2.239688000000000000e+06 2.240431000000000000e+06
2.240849000000000000e+06 2.241001000000000000e+06
2.242132000000000000e+06 2.242648000000000000e+06
2.243734000000000000e+06 2.244022000000000000e+06
2.246229000000000000e+06 2.246569000000000000e+06
2.247673000000000000e+06 2.247804000000000000e+06
2.250132000000000000e+06 2.250644000000000000e+06
2.254024000000000000e+06 2.254270000000000000e+06
2.254624000000000000e+06 2.255323000000000000e+06
2.255776000000000000e+06 2.256591000000000000e+06
2.257124000000000000e+06 2.257531000000000000e+06
2.260982000000000000e+06 2.261182000000000000e+06
2.262043000000000000e+06 2.262498000000000000e+06
2.263188000000000000e+06 2.263503000000000000e+06
2.264156000000000000e+06 2.264402000000000000e+06
2.264917000000000000e+06 2.265325000000000000e+06
2.265759000000000000e+06 2.266015000000000000e+06
2.266281000000000000e+06 2.266410000000000000e+06
2.266534000000000000e+06 2.266667000000000000e+06
2.266764000000000000e+06 2.266832000000000000e+06
2.267943000000000000e+06 2.268143000000000000e+06
2.268752000000000000e+06 2.269123000000000000e+06
2.271467000000000000e+06 2.271786000000000000e+06
2.272748000000000000e+06 2.273015000000000000e+06
2.273488000000000000e+06 2.274106000000000000e+06
2.274660000000000000e+06 2.274817000000000000e+06
2.278437000000000000e+06 2.278720000000000000e+06
2.279748000000000000e+06 2.279898000000000000e+06
2.280230000000000000e+06 2.280869000000000000e+06
2.281973000000000000e+06 2.282585000000000000e+06
2.283150000000000000e+06 2.283401000000000000e+06
2.283820000000000000e+06 2.284024000000000000e+06
2.284604000000000000e+06 2.285766000000000000e+06
2.286310000000000000e+06 2.286524000000000000e+06
2.288708000000000000e+06 2.288959000000000000e+06
2.290874000000000000e+06 2.291329000000000000e+06
2.291721000000000000e+06 2.291852000000000000e+06
2.293196000000000000e+06 2.293536000000000000e+06
2.293855000000000000e+06 2.294185000000000000e+06
2.297879000000000000e+06 2.297972000000000000e+06
2.298056000000000000e+06 2.298145000000000000e+06
2.299450000000000000e+06 2.299641000000000000e+06
2.301309000000000000e+06 2.301420000000000000e+06
2.302233000000000000e+06 2.302730000000000000e+06
2.303846000000000000e+06 2.304064000000000000e+06
2.304388000000000000e+06 2.305272000000000000e+06
2.306690000000000000e+06 2.306873000000000000e+06
2.308470000000000000e+06 2.308670000000000000e+06
2.309420000000000000e+06 2.309720000000000000e+06
2.310426000000000000e+06 2.310548000000000000e+06
2.311244000000000000e+06 2.311610000000000000e+06
2.311855000000000000e+06 2.312355000000000000e+06
2.313526000000000000e+06 2.314020000000000000e+06
2.314715000000000000e+06 2.315109000000000000e+06
2.315593000000000000e+06 2.316020000000000000e+06
2.319848000000000000e+06 2.320009000000000000e+06
2.320913000000000000e+06 2.321284000000000000e+06
2.322054000000000000e+06 2.322434000000000000e+06
2.322906000000000000e+06 2.323198000000000000e+06
2.330243000000000000e+06 2.330443000000000000e+06
2.330514000000000000e+06 2.330718000000000000e+06
2.332100000000000000e+06 2.332173000000000000e+06
2.334587000000000000e+06 2.334995000000000000e+06
2.335675000000000000e+06 2.336167000000000000e+06
2.339748000000000000e+06 2.339876000000000000e+06
2.341559000000000000e+06 2.341659000000000000e+06
2.343032000000000000e+06 2.343535000000000000e+06
2.344225000000000000e+06 2.344481000000000000e+06
2.345087000000000000e+06 2.345248000000000000e+06
2.351548000000000000e+06 2.351654000000000000e+06
2.356481000000000000e+06 2.356654000000000000e+06
2.358393000000000000e+06 2.358543000000000000e+06
2.360906000000000000e+06 2.361087000000000000e+06
2.364506000000000000e+06 2.364652000000000000e+06
2.367901000000000000e+06 2.368110000000000000e+06
2.370814000000000000e+06 2.370945000000000000e+06
2.373754000000000000e+06 2.374052000000000000e+06
2.383819000000000000e+06 2.384190000000000000e+06
2.384928000000000000e+06 2.385216000000000000e+06
2.385472000000000000e+06 2.385718000000000000e+06
2.390548000000000000e+06 2.390687000000000000e+06
2.393151000000000000e+06 2.393407000000000000e+06
2.397744000000000000e+06 2.397897000000000000e+06
2.399449000000000000e+06 2.399737000000000000e+06
2.404681000000000000e+06 2.404809000000000000e+06
2.406924000000000000e+06 2.407186000000000000e+06
2.424082000000000000e+06 2.424187000000000000e+06
2.426823000000000000e+06 2.426902000000000000e+06
2.447585000000000000e+06 2.447705000000000000e+06
2.451314000000000000e+06 2.451420000000000000e+06
2.454749000000000000e+06 2.454842000000000000e+06
2.464253000000000000e+06 2.464397000000000000e+06
2.470934000000000000e+06 2.471049000000000000e+06
2.473803000000000000e+06 2.474028000000000000e+06
2.474854000000000000e+06 2.475148000000000000e+06
2.480426000000000000e+06 2.480708000000000000e+06
2.481817000000000000e+06 2.481979000000000000e+06
2.482502000000000000e+06 2.482633000000000000e+06
2.488419000000000000e+06 2.488570000000000000e+06
2.489517000000000000e+06 2.489690000000000000e+06
2.493749000000000000e+06 2.494016000000000000e+06
2.494576000000000000e+06 2.494659000000000000e+06
2.526065000000000000e+06 2.526181000000000000e+06
2.583624000000000000e+06 2.583758000000000000e+06
2.602102000000000000e+06 2.602207000000000000e+06
2.603352000000000000e+06 2.603473000000000000e+06
2.615933000000000000e+06 2.616027000000000000e+06
2.617255000000000000e+06 2.617423000000000000e+06
2.620587000000000000e+06 2.620661000000000000e+06
2.629337000000000000e+06 2.629503000000000000e+06
2.653162000000000000e+06 2.653230000000000000e+06
2.681724000000000000e+06 2.681990000000000000e+06
2.710885000000000000e+06 2.710978000000000000e+06
2.736812000000000000e+06 2.736979000000000000e+06
2.738114000000000000e+06 2.738282000000000000e+06
2.744643000000000000e+06 2.744765000000000000e+06
2.776086000000000000e+06 2.776207000000000000e+06
2.776306000000000000e+06 2.776442000000000000e+06
2.779900000000000000e+06 2.779984000000000000e+06
2.804858000000000000e+06 2.804975000000000000e+06
2.806698000000000000e+06 2.806781000000000000e+06
2.845645000000000000e+06 2.845734000000000000e+06
2.859263000000000000e+06 2.859360000000000000e+06
2.904676000000000000e+06 2.904882000000000000e+06
2.906522000000000000e+06 2.906675000000000000e+06
2.907365000000000000e+06 2.907876000000000000e+06
2.908309000000000000e+06 2.908781000000000000e+06
2.909309000000000000e+06 2.909576000000000000e+06
2.915048000000000000e+06 2.915232000000000000e+06
2.917793000000000000e+06 2.918237000000000000e+06
2.919143000000000000e+06 2.919332000000000000e+06
2.924971000000000000e+06 2.925110000000000000e+06
2.926309000000000000e+06 2.926459000000000000e+06
2.928438000000000000e+06 2.928675000000000000e+06
2.936765000000000000e+06 2.937048000000000000e+06
2.939485000000000000e+06 2.940022000000000000e+06
2.940452000000000000e+06 2.940698000000000000e+06
2.941441000000000000e+06 2.941774000000000000e+06
2.942815000000000000e+06 2.943020000000000000e+06
2.944982000000000000e+06 2.945198000000000000e+06
2.945498000000000000e+06 2.945887000000000000e+06
2.947120000000000000e+06 2.947309000000000000e+06
2.948891000000000000e+06 2.949279000000000000e+06
2.950048000000000000e+06 2.950209000000000000e+06
2.950809000000000000e+06 2.951119000000000000e+06
2.951671000000000000e+06 2.951855000000000000e+06
2.952498000000000000e+06 2.952620000000000000e+06
2.958911000000000000e+06 2.959170000000000000e+06
2.961298000000000000e+06 2.961604000000000000e+06
2.962076000000000000e+06 2.962420000000000000e+06
2.963043000000000000e+06 2.963232000000000000e+06
2.964748000000000000e+06 2.965037000000000000e+06
2.966065000000000000e+06 2.966182000000000000e+06
2.969854000000000000e+06 2.970115000000000000e+06
2.970498000000000000e+06 2.970776000000000000e+06
2.974037000000000000e+06 2.974243000000000000e+06
2.979770000000000000e+06 2.980004000000000000e+06
2.982126000000000000e+06 2.982337000000000000e+06
2.984814000000000000e+06 2.985026000000000000e+06
2.993032000000000000e+06 2.993120000000000000e+06
3.117299000000000000e+06 3.117692000000000000e+06
3.118523000000000000e+06 3.118963000000000000e+06
3.119462000000000000e+06 3.119975000000000000e+06
3.122036000000000000e+06 3.122140000000000000e+06
3.122865000000000000e+06 3.123065000000000000e+06
3.124290000000000000e+06 3.124434000000000000e+06
3.125214000000000000e+06 3.125637000000000000e+06
3.127809000000000000e+06 3.127976000000000000e+06
3.129032000000000000e+06 3.129111000000000000e+06
3.130586000000000000e+06 3.131088000000000000e+06
3.134216000000000000e+06 3.134494000000000000e+06
3.138061000000000000e+06 3.138522000000000000e+06
3.139175000000000000e+06 3.139583000000000000e+06
3.139982000000000000e+06 3.140098000000000000e+06
3.142173000000000000e+06 3.142497000000000000e+06
3.142942000000000000e+06 3.143120000000000000e+06
3.143781000000000000e+06 3.144315000000000000e+06
3.146954000000000000e+06 3.147592000000000000e+06
3.149120000000000000e+06 3.149496000000000000e+06
3.152499000000000000e+06 3.152818000000000000e+06
3.156223000000000000e+06 3.156684000000000000e+06
3.157997000000000000e+06 3.158504000000000000e+06
3.159362000000000000e+06 3.159493000000000000e+06
3.160638000000000000e+06 3.161350000000000000e+06
3.162508000000000000e+06 3.162749000000000000e+06
3.162948000000000000e+06 3.163094000000000000e+06
3.164305000000000000e+06 3.164514000000000000e+06
3.165995000000000000e+06 3.166356000000000000e+06
3.167229000000000000e+06 3.167470000000000000e+06
3.168134000000000000e+06 3.168678000000000000e+06
3.169254000000000000e+06 3.169589000000000000e+06
3.170954000000000000e+06 3.171263000000000000e+06
3.171807000000000000e+06 3.172000000000000000e+06
3.172727000000000000e+06 3.172900000000000000e+06
3.173567000000000000e+06 3.174064000000000000e+06
3.174864000000000000e+06 3.175330000000000000e+06
3.176745000000000000e+06 3.177048000000000000e+06
3.178324000000000000e+06 3.178670000000000000e+06
3.179590000000000000e+06 3.179847000000000000e+06
3.186043000000000000e+06 3.186143000000000000e+06
3.187676000000000000e+06 3.188054000000000000e+06
3.188730000000000000e+06 3.189068000000000000e+06
3.189715000000000000e+06 3.190087000000000000e+06
3.190648000000000000e+06 3.190815000000000000e+06
3.191290000000000000e+06 3.191716000000000000e+06
3.192320000000000000e+06 3.192748000000000000e+06
3.193604000000000000e+06 3.193893000000000000e+06
3.194515000000000000e+06 3.194765000000000000e+06
3.196272000000000000e+06 3.196680000000000000e+06
3.197460000000000000e+06 3.197590000000000000e+06
3.198480000000000000e+06 3.198631000000000000e+06
3.199678000000000000e+06 3.199902000000000000e+06
3.200188000000000000e+06 3.200411000000000000e+06
3.202082000000000000e+06 3.202609000000000000e+06
3.204522000000000000e+06 3.205076000000000000e+06
3.205670000000000000e+06 3.206013000000000000e+06
3.207248000000000000e+06 3.207582000000000000e+06
3.208337000000000000e+06 3.208643000000000000e+06
3.209478000000000000e+06 3.209985000000000000e+06
3.210359000000000000e+06 3.210659000000000000e+06
3.211532000000000000e+06 3.211898000000000000e+06
3.212493000000000000e+06 3.212870000000000000e+06
3.215180000000000000e+06 3.215363000000000000e+06
3.217183000000000000e+06 3.217685000000000000e+06
3.218093000000000000e+06 3.218522000000000000e+06
3.220437000000000000e+06 3.220740000000000000e+06
3.222987000000000000e+06 3.223170000000000000e+06
3.224142000000000000e+06 3.224323000000000000e+06
3.225198000000000000e+06 3.225354000000000000e+06
3.228216000000000000e+06 3.228425000000000000e+06
3.228514000000000000e+06 3.228665000000000000e+06
3.229539000000000000e+06 3.229753000000000000e+06
3.230350000000000000e+06 3.230674000000000000e+06
3.231234000000000000e+06 3.231417000000000000e+06
3.232170000000000000e+06 3.232390000000000000e+06
3.232725000000000000e+06 3.233002000000000000e+06
3.233588000000000000e+06 3.234409000000000000e+06
3.235131000000000000e+06 3.235387000000000000e+06
3.238182000000000000e+06 3.238393000000000000e+06
3.239570000000000000e+06 3.239687000000000000e+06
3.240959000000000000e+06 3.241354000000000000e+06
3.240964000000000000e+06 3.241664000000000000e+06
3.243307000000000000e+06 3.243590000000000000e+06
3.244536000000000000e+06 3.244855000000000000e+06
3.246503000000000000e+06 3.246864000000000000e+06
3.247628000000000000e+06 3.247811000000000000e+06
3.248525000000000000e+06 3.248928000000000000e+06
3.249529000000000000e+06 3.249712000000000000e+06
3.250858000000000000e+06 3.251522000000000000e+06
3.254599000000000000e+06 3.254866000000000000e+06
3.256397000000000000e+06 3.256522000000000000e+06
3.256748000000000000e+06 3.257070000000000000e+06
3.257538000000000000e+06 3.257747000000000000e+06
3.258426000000000000e+06 3.258659000000000000e+06
3.259943000000000000e+06 3.260109000000000000e+06
3.261174000000000000e+06 3.261801000000000000e+06
3.262251000000000000e+06 3.262680000000000000e+06
3.263582000000000000e+06 3.263815000000000000e+06
3.264302000000000000e+06 3.264652000000000000e+06
3.265688000000000000e+06 3.265944000000000000e+06
3.267603000000000000e+06 3.267885000000000000e+06
3.269072000000000000e+06 3.269433000000000000e+06
3.270208000000000000e+06 3.270401000000000000e+06
3.272337000000000000e+06 3.272656000000000000e+06
3.274984000000000000e+06 3.275219000000000000e+06
3.275843000000000000e+06 3.276104000000000000e+06
3.276959000000000000e+06 3.277382000000000000e+06
3.278240000000000000e+06 3.278533000000000000e+06
3.279784000000000000e+06 3.279922000000000000e+06
3.281070000000000000e+06 3.281274000000000000e+06
3.283109000000000000e+06 3.283532000000000000e+06
3.284624000000000000e+06 3.285053000000000000e+06
3.287320000000000000e+06 3.287504000000000000e+06
3.288286000000000000e+06 3.288412000000000000e+06
3.290347000000000000e+06 3.290755000000000000e+06
3.292816000000000000e+06 3.293072000000000000e+06
3.293499000000000000e+06 3.293917000000000000e+06
3.294320000000000000e+06 3.294739000000000000e+06
3.295136000000000000e+06 3.295450000000000000e+06
3.296256000000000000e+06 3.296507000000000000e+06
3.297229000000000000e+06 3.297605000000000000e+06
3.298808000000000000e+06 3.299122000000000000e+06
3.299703000000000000e+06 3.299964000000000000e+06
3.300838000000000000e+06 3.301372000000000000e+06
3.301832000000000000e+06 3.302067000000000000e+06
3.303208000000000000e+06 3.303637000000000000e+06
3.304505000000000000e+06 3.304704000000000000e+06
3.305996000000000000e+06 3.306236000000000000e+06
3.307152000000000000e+06 3.307267000000000000e+06
3.308224000000000000e+06 3.308465000000000000e+06
3.310249000000000000e+06 3.310337000000000000e+06
3.310787000000000000e+06 3.311120000000000000e+06
3.311659000000000000e+06 3.311815000000000000e+06
3.312193000000000000e+06 3.312359000000000000e+06
3.312461000000000000e+06 3.312728000000000000e+06
3.320208000000000000e+06 3.320915000000000000e+06
3.321966000000000000e+06 3.322212000000000000e+06
3.323619000000000000e+06 3.323920000000000000e+06
3.325076000000000000e+06 3.325293000000000000e+06
3.325966000000000000e+06 3.326633000000000000e+06
3.327150000000000000e+06 3.327778000000000000e+06
3.328264000000000000e+06 3.328447000000000000e+06
3.329432000000000000e+06 3.329737000000000000e+06
3.331539000000000000e+06 3.331717000000000000e+06
3.332161000000000000e+06 3.332292000000000000e+06
3.333604000000000000e+06 3.333837000000000000e+06
3.334959000000000000e+06 3.335137000000000000e+06
3.335698000000000000e+06 3.336054000000000000e+06
3.339298000000000000e+06 3.339454000000000000e+06
3.340998000000000000e+06 3.341359000000000000e+06
3.342286000000000000e+06 3.342605000000000000e+06
3.343214000000000000e+06 3.343345000000000000e+06
3.343531000000000000e+06 3.344040000000000000e+06
3.344670000000000000e+06 3.344865000000000000e+06
3.345397000000000000e+06 3.345605000000000000e+06
3.346487000000000000e+06 3.346682000000000000e+06
3.348709000000000000e+06 3.348932000000000000e+06
3.350804000000000000e+06 3.351070000000000000e+06
3.352065000000000000e+06 3.352287000000000000e+06
3.353137000000000000e+06 3.353387000000000000e+06
3.354349000000000000e+06 3.354647000000000000e+06
3.355432000000000000e+06 3.355981000000000000e+06
3.357593000000000000e+06 3.357870000000000000e+06
3.359115000000000000e+06 3.359398000000000000e+06
3.360922000000000000e+06 3.361024000000000000e+06
3.362159000000000000e+06 3.362409000000000000e+06
3.363709000000000000e+06 3.363859000000000000e+06
3.364459000000000000e+06 3.364682000000000000e+06
3.364800000000000000e+06 3.365020000000000000e+06
3.367105000000000000e+06 3.367350000000000000e+06
3.368033000000000000e+06 3.368405000000000000e+06
3.369367000000000000e+06 3.369702000000000000e+06
3.370638000000000000e+06 3.371188000000000000e+06
3.371569000000000000e+06 3.371695000000000000e+06
3.372302000000000000e+06 3.372422000000000000e+06
3.373482000000000000e+06 3.373693000000000000e+06
3.374387000000000000e+06 3.374643000000000000e+06
3.374862000000000000e+06 3.374987000000000000e+06
3.376727000000000000e+06 3.376947000000000000e+06
3.377151000000000000e+06 3.377433000000000000e+06
3.377271000000000000e+06 3.377407000000000000e+06
3.380389000000000000e+06 3.380708000000000000e+06
3.381524000000000000e+06 3.381937000000000000e+06
3.404404000000000000e+06 3.404554000000000000e+06
3.413565000000000000e+06 3.413787000000000000e+06
3.415332000000000000e+06 3.415484000000000000e+06
3.416462000000000000e+06 3.416776000000000000e+06
3.416834000000000000e+06 3.417027000000000000e+06
3.417692000000000000e+06 3.417953000000000000e+06
3.418408000000000000e+06 3.418549000000000000e+06
3.419533000000000000e+06 3.419920000000000000e+06
3.420647000000000000e+06 3.421018000000000000e+06
3.421735000000000000e+06 3.421950000000000000e+06
3.422096000000000000e+06 3.422216000000000000e+06
3.422642000000000000e+06 3.422739000000000000e+06
3.422976000000000000e+06 3.423216000000000000e+06
3.423404000000000000e+06 3.423697000000000000e+06
3.424398000000000000e+06 3.424815000000000000e+06
3.425509000000000000e+06 3.426440000000000000e+06
3.426807000000000000e+06 3.427413000000000000e+06
3.427882000000000000e+06 3.428187000000000000e+06
3.429082000000000000e+06 3.429553000000000000e+06
3.431437000000000000e+06 3.431620000000000000e+06
3.432791000000000000e+06 3.433120000000000000e+06
3.433403000000000000e+06 3.434015000000000000e+06
3.435126000000000000e+06 3.435376000000000000e+06
3.436726000000000000e+06 3.436965000000000000e+06
3.438398000000000000e+06 3.438582000000000000e+06
3.439466000000000000e+06 3.440099000000000000e+06
3.440645000000000000e+06 3.440970000000000000e+06
3.441887000000000000e+06 3.442030000000000000e+06
3.442610000000000000e+06 3.442795000000000000e+06
3.443298000000000000e+06 3.443493000000000000e+06
3.444119000000000000e+06 3.444286000000000000e+06
3.444698000000000000e+06 3.444781000000000000e+06
3.445489000000000000e+06 3.445702000000000000e+06
3.445960000000000000e+06 3.446358000000000000e+06
3.448644000000000000e+06 3.448957000000000000e+06
3.453137000000000000e+06 3.453309000000000000e+06
3.454097000000000000e+06 3.454323000000000000e+06
3.455248000000000000e+06 3.455643000000000000e+06
3.457866000000000000e+06 3.458080000000000000e+06
3.460220000000000000e+06 3.460366000000000000e+06
3.460595000000000000e+06 3.460861000000000000e+06
3.463015000000000000e+06 3.463176000000000000e+06
3.463754000000000000e+06 3.463898000000000000e+06
3.464990000000000000e+06 3.465205000000000000e+06
3.466288000000000000e+06 3.466534000000000000e+06
3.467188000000000000e+06 3.467428000000000000e+06
3.469458000000000000e+06 3.469557000000000000e+06
3.469826000000000000e+06 3.470004000000000000e+06
3.472119000000000000e+06 3.472573000000000000e+06
3.473480000000000000e+06 3.473868000000000000e+06
3.475176000000000000e+06 3.475293000000000000e+06
3.476037000000000000e+06 3.476159000000000000e+06
3.476284000000000000e+06 3.476483000000000000e+06
3.476823000000000000e+06 3.477364000000000000e+06
3.478470000000000000e+06 3.478598000000000000e+06
3.479793000000000000e+06 3.480098000000000000e+06
3.481170000000000000e+06 3.481343000000000000e+06
3.482259000000000000e+06 3.482398000000000000e+06
3.483726000000000000e+06 3.483992000000000000e+06
3.487437000000000000e+06 3.487637000000000000e+06
3.489076000000000000e+06 3.489476000000000000e+06
3.490442000000000000e+06 3.490594000000000000e+06
3.492357000000000000e+06 3.492576000000000000e+06
3.494198000000000000e+06 3.494580000000000000e+06
3.495476000000000000e+06 3.495909000000000000e+06
3.496737000000000000e+06 3.497204000000000000e+06
3.500036000000000000e+06 3.500339000000000000e+06
3.501412000000000000e+06 3.501888000000000000e+06
3.502824000000000000e+06 3.503044000000000000e+06
3.506240000000000000e+06 3.506548000000000000e+06
3.507595000000000000e+06 3.507684000000000000e+06
3.510456000000000000e+06 3.510932000000000000e+06
3.511931000000000000e+06 3.512386000000000000e+06
3.512944000000000000e+06 3.513320000000000000e+06
3.514220000000000000e+06 3.514863000000000000e+06
3.515412000000000000e+06 3.515601000000000000e+06
3.517484000000000000e+06 3.517766000000000000e+06
3.519320000000000000e+06 3.519498000000000000e+06
3.520136000000000000e+06 3.520534000000000000e+06
3.523474000000000000e+06 3.523725000000000000e+06
3.525498000000000000e+06 3.525765000000000000e+06
3.526043000000000000e+06 3.526282000000000000e+06
3.526737000000000000e+06 3.526848000000000000e+06
3.527703000000000000e+06 3.527881000000000000e+06
3.528526000000000000e+06 3.528804000000000000e+06
3.529937000000000000e+06 3.530154000000000000e+06
3.530653000000000000e+06 3.530810000000000000e+06
3.532043000000000000e+06 3.532326000000000000e+06
3.532970000000000000e+06 3.533201000000000000e+06
3.534467000000000000e+06 3.534571000000000000e+06
3.536226000000000000e+06 3.536337000000000000e+06
3.537437000000000000e+06 3.537548000000000000e+06
3.538823000000000000e+06 3.539018000000000000e+06
3.539771000000000000e+06 3.539870000000000000e+06
3.539964000000000000e+06 3.540482000000000000e+06
3.541178000000000000e+06 3.541492000000000000e+06
3.541999000000000000e+06 3.542245000000000000e+06
3.542755000000000000e+06 3.543032000000000000e+06
3.543686000000000000e+06 3.543875000000000000e+06
3.545120000000000000e+06 3.545208000000000000e+06
3.550759000000000000e+06 3.551037000000000000e+06
3.551797000000000000e+06 3.552153000000000000e+06
3.552909000000000000e+06 3.553320000000000000e+06
3.553837000000000000e+06 3.554082000000000000e+06
3.554865000000000000e+06 3.555315000000000000e+06
3.556094000000000000e+06 3.556256000000000000e+06
3.557451000000000000e+06 3.557557000000000000e+06
3.559254000000000000e+06 3.559382000000000000e+06
3.561620000000000000e+06 3.561743000000000000e+06
3.565264000000000000e+06 3.565447000000000000e+06
3.568685000000000000e+06 3.568889000000000000e+06
3.570114000000000000e+06 3.570349000000000000e+06
3.572604000000000000e+06 3.572709000000000000e+06
3.574889000000000000e+06 3.575344000000000000e+06
3.575754000000000000e+06 3.575987000000000000e+06
3.583918000000000000e+06 3.584222000000000000e+06
3.584928000000000000e+06 3.585205000000000000e+06
3.585437000000000000e+06 3.585604000000000000e+06
3.586283000000000000e+06 3.586633000000000000e+06
3.587392000000000000e+06 3.587601000000000000e+06
3.587698000000000000e+06 3.587920000000000000e+06
3.588637000000000000e+06 3.588993000000000000e+06
3.590459000000000000e+06 3.590754000000000000e+06
3.591485000000000000e+06 3.591678000000000000e+06
3.592458000000000000e+06 3.592777000000000000e+06
3.593409000000000000e+06 3.593815000000000000e+06
3.594367000000000000e+06 3.594712000000000000e+06
3.595537000000000000e+06 3.595776000000000000e+06
3.596462000000000000e+06 3.596671000000000000e+06
3.597399000000000000e+06 3.597613000000000000e+06
3.599072000000000000e+06 3.599324000000000000e+06
3.602630000000000000e+06 3.602980000000000000e+06
3.603791000000000000e+06 3.604000000000000000e+06
3.605656000000000000e+06 3.605954000000000000e+06
3.606268000000000000e+06 3.606901000000000000e+06
3.610908000000000000e+06 3.611143000000000000e+06
3.612257000000000000e+06 3.612414000000000000e+06
3.618143000000000000e+06 3.618354000000000000e+06
3.619987000000000000e+06 3.620165000000000000e+06
3.623232000000000000e+06 3.623604000000000000e+06
3.624182000000000000e+06 3.624465000000000000e+06
3.626204000000000000e+06 3.626437000000000000e+06
3.627070000000000000e+06 3.627415000000000000e+06
3.628159000000000000e+06 3.628476000000000000e+06
3.629909000000000000e+06 3.630465000000000000e+06
3.632156000000000000e+06 3.632271000000000000e+06
3.633501000000000000e+06 3.633705000000000000e+06
3.635215000000000000e+06 3.635532000000000000e+06
3.635743000000000000e+06 3.636154000000000000e+06
3.636765000000000000e+06 3.637152000000000000e+06
3.638682000000000000e+06 3.638843000000000000e+06
3.639587000000000000e+06 3.639759000000000000e+06
3.640693000000000000e+06 3.640876000000000000e+06
3.641870000000000000e+06 3.642137000000000000e+06
3.643926000000000000e+06 3.644137000000000000e+06
3.645092000000000000e+06 3.645511000000000000e+06
3.646474000000000000e+06 3.646725000000000000e+06
3.647138000000000000e+06 3.647562000000000000e+06
3.648687000000000000e+06 3.648948000000000000e+06
3.650243000000000000e+06 3.650482000000000000e+06
3.651370000000000000e+06 3.651620000000000000e+06
3.653109000000000000e+06 3.653315000000000000e+06
3.656475000000000000e+06 3.656810000000000000e+06
3.658841000000000000e+06 3.659540000000000000e+06
3.660004000000000000e+06 3.660276000000000000e+06
3.660660000000000000e+06 3.660869000000000000e+06
3.661931000000000000e+06 3.662057000000000000e+06
3.662304000000000000e+06 3.662426000000000000e+06
3.662802000000000000e+06 3.663017000000000000e+06
3.664232000000000000e+06 3.664582000000000000e+06
3.665382000000000000e+06 3.665820000000000000e+06
3.666532000000000000e+06 3.666767000000000000e+06
3.669817000000000000e+06 3.669964000000000000e+06
3.670221000000000000e+06 3.670434000000000000e+06
3.671718000000000000e+06 3.671985000000000000e+06
3.672865000000000000e+06 3.673126000000000000e+06
3.673770000000000000e+06 3.674070000000000000e+06
3.676670000000000000e+06 3.676931000000000000e+06
3.677659000000000000e+06 3.677765000000000000e+06
3.678420000000000000e+06 3.678876000000000000e+06
3.683504000000000000e+06 3.683640000000000000e+06
3.683922000000000000e+06 3.684284000000000000e+06
3.685863000000000000e+06 3.686151000000000000e+06
3.688082000000000000e+06 3.688259000000000000e+06
3.689227000000000000e+06 3.689431000000000000e+06
3.689834000000000000e+06 3.689970000000000000e+06
3.691863000000000000e+06 3.692632000000000000e+06
3.693694000000000000e+06 3.693814000000000000e+06
3.694615000000000000e+06 3.694834000000000000e+06
3.696205000000000000e+06 3.696378000000000000e+06
3.696676000000000000e+06 3.697005000000000000e+06
3.697392000000000000e+06 3.697712000000000000e+06
3.698412000000000000e+06 3.698559000000000000e+06
3.700309000000000000e+06 3.700443000000000000e+06
3.702720000000000000e+06 3.702903000000000000e+06
3.705655000000000000e+06 3.705901000000000000e+06
3.706236000000000000e+06 3.706403000000000000e+06
3.708035000000000000e+06 3.708197000000000000e+06
3.708448000000000000e+06 3.708804000000000000e+06
3.711156000000000000e+06 3.711587000000000000e+06
3.712187000000000000e+06 3.712593000000000000e+06
3.713235000000000000e+06 3.713491000000000000e+06
3.714051000000000000e+06 3.714270000000000000e+06
3.714914000000000000e+06 3.715050000000000000e+06
3.716781000000000000e+06 3.717132000000000000e+06
3.718680000000000000e+06 3.719031000000000000e+06
3.721081000000000000e+06 3.721301000000000000e+06
3.721997000000000000e+06 3.722300000000000000e+06
3.722484000000000000e+06 3.722603000000000000e+06
3.725459000000000000e+06 3.725809000000000000e+06
3.726187000000000000e+06 3.726380000000000000e+06
3.726590000000000000e+06 3.726699000000000000e+06
3.727082000000000000e+06 3.727248000000000000e+06
3.727570000000000000e+06 3.727776000000000000e+06
3.728530000000000000e+06 3.728745000000000000e+06
3.730476000000000000e+06 3.730693000000000000e+06
3.731538000000000000e+06 3.731826000000000000e+06
3.733604000000000000e+06 3.733787000000000000e+06
3.734815000000000000e+06 3.734932000000000000e+06
3.736393000000000000e+06 3.736659000000000000e+06
3.737598000000000000e+06 3.737826000000000000e+06
3.739132000000000000e+06 3.739315000000000000e+06
3.739932000000000000e+06 3.740215000000000000e+06
3.742973000000000000e+06 3.743318000000000000e+06
3.754337000000000000e+06 3.754615000000000000e+06
3.755693000000000000e+06 3.756093000000000000e+06
3.756870000000000000e+06 3.757143000000000000e+06
3.757843000000000000e+06 3.758393000000000000e+06
3.758987000000000000e+06 3.759520000000000000e+06
3.760315000000000000e+06 3.760493000000000000e+06
3.761493000000000000e+06 3.761582000000000000e+06
3.764724000000000000e+06 3.765032000000000000e+06
3.767409000000000000e+06 3.767726000000000000e+06
3.768492000000000000e+06 3.768779000000000000e+06
3.771414000000000000e+06 3.771817000000000000e+06
3.772643000000000000e+06 3.772826000000000000e+06
3.773843000000000000e+06 3.774009000000000000e+06
3.774765000000000000e+06 3.774987000000000000e+06
3.775482000000000000e+06 3.775732000000000000e+06
3.778542000000000000e+06 3.778824000000000000e+06
3.815059000000000000e+06 3.815133000000000000e+06
3.819070000000000000e+06 3.819265000000000000e+06
4.219109000000000000e+06 4.219220000000000000e+06
4.220237000000000000e+06 4.220504000000000000e+06
4.221308000000000000e+06 4.221514000000000000e+06
4.223098000000000000e+06 4.223248000000000000e+06
4.224179000000000000e+06 4.224679000000000000e+06
4.227432000000000000e+06 4.227715000000000000e+06
4.230213000000000000e+06 4.230464000000000000e+06
4.230647000000000000e+06 4.230882000000000000e+06
4.234450000000000000e+06 4.234670000000000000e+06
4.235501000000000000e+06 4.235773000000000000e+06
4.236370000000000000e+06 4.236684000000000000e+06
4.237447000000000000e+06 4.238012000000000000e+06
4.238405000000000000e+06 4.238556000000000000e+06
4.238787000000000000e+06 4.239026000000000000e+06
4.239634000000000000e+06 4.240089000000000000e+06
4.241998000000000000e+06 4.242232000000000000e+06
4.242876000000000000e+06 4.243243000000000000e+06
4.244496000000000000e+06 4.244684000000000000e+06
4.245197000000000000e+06 4.245365000000000000e+06
4.246003000000000000e+06 4.246264000000000000e+06
4.246740000000000000e+06 4.246882000000000000e+06
4.247661000000000000e+06 4.248132000000000000e+06
4.248582000000000000e+06 4.248775000000000000e+06
4.249188000000000000e+06 4.249277000000000000e+06
4.249539000000000000e+06 4.250041000000000000e+06
4.250823000000000000e+06 4.251080000000000000e+06
4.252193000000000000e+06 4.252354000000000000e+06
4.252537000000000000e+06 4.252737000000000000e+06
4.254987000000000000e+06 4.255358000000000000e+06
4.257352000000000000e+06 4.257592000000000000e+06
4.259320000000000000e+06 4.259482000000000000e+06
4.260582000000000000e+06 4.260737000000000000e+06
4.261290000000000000e+06 4.261939000000000000e+06
4.262326000000000000e+06 4.262648000000000000e+06
4.263426000000000000e+06 4.263626000000000000e+06
4.266748000000000000e+06 4.266943000000000000e+06
4.269718000000000000e+06 4.269901000000000000e+06
4.270548000000000000e+06 4.270837000000000000e+06
4.271654000000000000e+06 4.271820000000000000e+06
4.272001000000000000e+06 4.272247000000000000e+06
4.274687000000000000e+06 4.275126000000000000e+06
4.276105000000000000e+06 4.276691000000000000e+06
4.277266000000000000e+06 4.277852000000000000e+06
4.278459000000000000e+06 4.278820000000000000e+06
4.279411000000000000e+06 4.279908000000000000e+06
4.281393000000000000e+06 4.281624000000000000e+06
4.282248000000000000e+06 4.282504000000000000e+06
4.283964000000000000e+06 4.284236000000000000e+06
4.285115000000000000e+06 4.285361000000000000e+06
4.287193000000000000e+06 4.287420000000000000e+06
4.289898000000000000e+06 4.290143000000000000e+06
4.291372000000000000e+06 4.291565000000000000e+06
4.291743000000000000e+06 4.292088000000000000e+06
4.292582000000000000e+06 4.293038000000000000e+06
4.293712000000000000e+06 4.293943000000000000e+06
4.294581000000000000e+06 4.294848000000000000e+06
4.300126000000000000e+06 4.300738000000000000e+06
4.301076000000000000e+06 4.301237000000000000e+06
4.303315000000000000e+06 4.303732000000000000e+06
4.304498000000000000e+06 4.304915000000000000e+06
4.305509000000000000e+06 4.305859000000000000e+06
4.306978000000000000e+06 4.307135000000000000e+06
4.307365000000000000e+06 4.307543000000000000e+06
4.307713000000000000e+06 4.308080000000000000e+06
4.308770000000000000e+06 4.309068000000000000e+06
4.311765000000000000e+06 4.311998000000000000e+06
4.313488000000000000e+06 4.313907000000000000e+06
4.318932000000000000e+06 4.319232000000000000e+06
4.320182000000000000e+06 4.320448000000000000e+06
4.321649000000000000e+06 4.322125000000000000e+06
4.322392000000000000e+06 4.322528000000000000e+06
4.323087000000000000e+06 4.323354000000000000e+06
4.324048000000000000e+06 4.324320000000000000e+06
4.326404000000000000e+06 4.326732000000000000e+06
4.326937000000000000e+06 4.327232000000000000e+06
4.327798000000000000e+06 4.328132000000000000e+06
4.328326000000000000e+06 4.328559000000000000e+06
4.328917000000000000e+06 4.329624000000000000e+06
4.332332000000000000e+06 4.332737000000000000e+06
4.333476000000000000e+06 4.333693000000000000e+06
4.334115000000000000e+06 4.334343000000000000e+06
4.334876000000000000e+06 4.335104000000000000e+06
4.335698000000000000e+06 4.335864000000000000e+06
4.338568000000000000e+06 4.338693000000000000e+06
4.339454000000000000e+06 4.339620000000000000e+06
4.340954000000000000e+06 4.341248000000000000e+06
4.342230000000000000e+06 4.342549000000000000e+06
4.343504000000000000e+06 4.344001000000000000e+06
4.344807000000000000e+06 4.344927000000000000e+06
4.346099000000000000e+06 4.346486000000000000e+06
4.347569000000000000e+06 4.347699000000000000e+06
4.349572000000000000e+06 4.349907000000000000e+06
4.351811000000000000e+06 4.352046000000000000e+06
4.352848000000000000e+06 4.353076000000000000e+06
4.354104000000000000e+06 4.354220000000000000e+06
4.355635000000000000e+06 4.355928000000000000e+06
4.356566000000000000e+06 4.356937000000000000e+06
4.359056000000000000e+06 4.359302000000000000e+06
4.360113000000000000e+06 4.360327000000000000e+06
4.360892000000000000e+06 4.361326000000000000e+06
4.363086000000000000e+06 4.363254000000000000e+06
4.365387000000000000e+06 4.365587000000000000e+06
4.366120000000000000e+06 4.366493000000000000e+06
4.369309000000000000e+06 4.369648000000000000e+06
4.370656000000000000e+06 4.370954000000000000e+06
4.371618000000000000e+06 4.372277000000000000e+06
4.372665000000000000e+06 4.373070000000000000e+06
4.373843000000000000e+06 4.374132000000000000e+06
4.374660000000000000e+06 4.375047000000000000e+06
4.375764000000000000e+06 4.376156000000000000e+06
4.380661000000000000e+06 4.380758000000000000e+06
4.382343000000000000e+06 4.382520000000000000e+06
4.386126000000000000e+06 4.386293000000000000e+06
4.393343000000000000e+06 4.393515000000000000e+06
4.396052000000000000e+06 4.396293000000000000e+06
4.397057000000000000e+06 4.397235000000000000e+06
4.398698000000000000e+06 4.398859000000000000e+06
4.399737000000000000e+06 4.399982000000000000e+06
4.403067000000000000e+06 4.403250000000000000e+06
4.404309000000000000e+06 4.404537000000000000e+06
4.405576000000000000e+06 4.405782000000000000e+06
4.406559000000000000e+06 4.406704000000000000e+06
4.407432000000000000e+06 4.407593000000000000e+06
4.408509000000000000e+06 4.408787000000000000e+06
4.410595000000000000e+06 4.410882000000000000e+06
4.411532000000000000e+06 4.411632000000000000e+06
4.413969000000000000e+06 4.414236000000000000e+06
4.414720000000000000e+06 4.414887000000000000e+06
4.415720000000000000e+06 4.416076000000000000e+06
4.417717000000000000e+06 4.417999000000000000e+06
4.418611000000000000e+06 4.418721000000000000e+06
4.418965000000000000e+06 4.419104000000000000e+06
4.419615000000000000e+06 4.419726000000000000e+06
4.420432000000000000e+06 4.420620000000000000e+06
4.421259000000000000e+06 4.421404000000000000e+06
4.423557000000000000e+06 4.423824000000000000e+06
4.424671000000000000e+06 4.424990000000000000e+06
4.427346000000000000e+06 4.427466000000000000e+06
4.428215000000000000e+06 4.428509000000000000e+06
4.430237000000000000e+06 4.430420000000000000e+06
4.433593000000000000e+06 4.434132000000000000e+06
4.441549000000000000e+06 4.441884000000000000e+06
4.446187000000000000e+06 4.446482000000000000e+06
4.448293000000000000e+06 4.448493000000000000e+06
4.451990000000000000e+06 4.452257000000000000e+06
4.453304000000000000e+06 4.453429000000000000e+06
4.456864000000000000e+06 4.456957000000000000e+06
4.457582000000000000e+06 4.457870000000000000e+06
4.460944000000000000e+06 4.461184000000000000e+06
4.466593000000000000e+06 4.466698000000000000e+06
4.467603000000000000e+06 4.467864000000000000e+06
4.469229000000000000e+06 4.469360000000000000e+06
4.471170000000000000e+06 4.471298000000000000e+06
4.482265000000000000e+06 4.482509000000000000e+06
4.483476000000000000e+06 4.483654000000000000e+06
4.485948000000000000e+06 4.486170000000000000e+06
4.493265000000000000e+06 4.493476000000000000e+06
4.495343000000000000e+06 4.495803000000000000e+06
4.505998000000000000e+06 4.506148000000000000e+06
4.509150000000000000e+06 4.509542000000000000e+06
4.512561000000000000e+06 4.512812000000000000e+06
4.526948000000000000e+06 4.527298000000000000e+06
4.528343000000000000e+06 4.528454000000000000e+06
4.530582000000000000e+06 4.530906000000000000e+06
4.531497000000000000e+06 4.532083000000000000e+06
4.532998000000000000e+06 4.533254000000000000e+06
4.534670000000000000e+06 4.534970000000000000e+06
4.537032000000000000e+06 4.537141000000000000e+06
4.538792000000000000e+06 4.539058000000000000e+06
4.539760000000000000e+06 4.540089000000000000e+06
4.542035000000000000e+06 4.542197000000000000e+06
4.543175000000000000e+06 4.543463000000000000e+06
4.545331000000000000e+06 4.545545000000000000e+06
4.548825000000000000e+06 4.548945000000000000e+06
4.550263000000000000e+06 4.550609000000000000e+06
4.552376000000000000e+06 4.552504000000000000e+06
4.553577000000000000e+06 4.554050000000000000e+06
4.554671000000000000e+06 4.555037000000000000e+06
4.555800000000000000e+06 4.556083000000000000e+06
4.557165000000000000e+06 4.557393000000000000e+06
4.557752000000000000e+06 4.558118000000000000e+06
4.559970000000000000e+06 4.560076000000000000e+06
4.561137000000000000e+06 4.561259000000000000e+06
4.562734000000000000e+06 4.562964000000000000e+06
4.563236000000000000e+06 4.563451000000000000e+06
4.564005000000000000e+06 4.564246000000000000e+06
4.564848000000000000e+06 4.564965000000000000e+06
4.565630000000000000e+06 4.566210000000000000e+06
4.567123000000000000e+06 4.567364000000000000e+06
4.570398000000000000e+06 4.570565000000000000e+06
4.571980000000000000e+06 4.572372000000000000e+06
4.573082000000000000e+06 4.573237000000000000e+06
4.574886000000000000e+06 4.575027000000000000e+06
4.576032000000000000e+06 4.576176000000000000e+06
4.576785000000000000e+06 4.576978000000000000e+06
4.577567000000000000e+06 4.577933000000000000e+06
4.579178000000000000e+06 4.579403000000000000e+06
4.580970000000000000e+06 4.581378000000000000e+06
4.583146000000000000e+06 4.583444000000000000e+06
4.583898000000000000e+06 4.584109000000000000e+06
4.584634000000000000e+06 4.585084000000000000e+06
4.585957000000000000e+06 4.586203000000000000e+06
4.587220000000000000e+06 4.587482000000000000e+06
4.587877000000000000e+06 4.588175000000000000e+06
4.590133000000000000e+06 4.590271000000000000e+06
4.590916000000000000e+06 4.591199000000000000e+06
4.591696000000000000e+06 4.591931000000000000e+06
4.597298000000000000e+06 4.597696000000000000e+06
4.598886000000000000e+06 4.599085000000000000e+06
4.600162000000000000e+06 4.600351000000000000e+06
4.602698000000000000e+06 4.602882000000000000e+06
4.604770000000000000e+06 4.604909000000000000e+06
4.608437000000000000e+06 4.608570000000000000e+06
4.609876000000000000e+06 4.610138000000000000e+06
4.612445000000000000e+06 4.612769000000000000e+06
4.613304000000000000e+06 4.613504000000000000e+06
4.617153000000000000e+06 4.617257000000000000e+06
4.620948000000000000e+06 4.621120000000000000e+06
4.622091000000000000e+06 4.622426000000000000e+06
4.623325000000000000e+06 4.623692000000000000e+06
4.625382000000000000e+06 4.625565000000000000e+06
4.625760000000000000e+06 4.626320000000000000e+06
4.627644000000000000e+06 4.628271000000000000e+06
4.631818000000000000e+06 4.632064000000000000e+06
4.633434000000000000e+06 4.633811000000000000e+06
4.634670000000000000e+06 4.634904000000000000e+06
4.635570000000000000e+06 4.635720000000000000e+06
4.636382000000000000e+06 4.636754000000000000e+06
4.637687000000000000e+06 4.637787000000000000e+06
4.638370000000000000e+06 4.638493000000000000e+06
4.638624000000000000e+06 4.638890000000000000e+06
4.639403000000000000e+06 4.639868000000000000e+06
4.640146000000000000e+06 4.640418000000000000e+06
4.642226000000000000e+06 4.642576000000000000e+06
4.643588000000000000e+06 4.643922000000000000e+06
4.646371000000000000e+06 4.646805000000000000e+06
4.647787000000000000e+06 4.647948000000000000e+06
4.648683000000000000e+06 4.648840000000000000e+06
4.649787000000000000e+06 4.649943000000000000e+06
4.650659000000000000e+06 4.650976000000000000e+06
4.655405000000000000e+06 4.655588000000000000e+06
4.656243000000000000e+06 4.656582000000000000e+06
4.658318000000000000e+06 4.658705000000000000e+06
4.659259000000000000e+06 4.659537000000000000e+06
4.662953000000000000e+06 4.663136000000000000e+06
4.664229000000000000e+06 4.664705000000000000e+06
4.665255000000000000e+06 4.665626000000000000e+06
4.666636000000000000e+06 4.666871000000000000e+06
4.667405000000000000e+06 4.667698000000000000e+06
4.668467000000000000e+06 4.668922000000000000e+06
4.670067000000000000e+06 4.670261000000000000e+06
4.670653000000000000e+06 4.670820000000000000e+06
4.671209000000000000e+06 4.671498000000000000e+06
4.674248000000000000e+06 4.674420000000000000e+06
4.674888000000000000e+06 4.674976000000000000e+06
4.675204000000000000e+06 4.675330000000000000e+06
4.675670000000000000e+06 4.676093000000000000e+06
4.677898000000000000e+06 4.678232000000000000e+06
4.679487000000000000e+06 4.679604000000000000e+06
4.683244000000000000e+06 4.683349000000000000e+06
4.686801000000000000e+06 4.686890000000000000e+06
4.687586000000000000e+06 4.687848000000000000e+06
4.688954000000000000e+06 4.689098000000000000e+06
4.690115000000000000e+06 4.690293000000000000e+06
4.693288000000000000e+06 4.693654000000000000e+06
4.694437000000000000e+06 4.694654000000000000e+06
4.695426000000000000e+06 4.695576000000000000e+06
4.695959000000000000e+06 4.696082000000000000e+06
4.698287000000000000e+06 4.698470000000000000e+06
4.699293000000000000e+06 4.699420000000000000e+06
4.700004000000000000e+06 4.700348000000000000e+06
4.700987000000000000e+06 4.701276000000000000e+06
4.710720000000000000e+06 4.710882000000000000e+06
4.715915000000000000e+06 4.716032000000000000e+06
4.716487000000000000e+06 4.716643000000000000e+06
4.717359000000000000e+06 4.717565000000000000e+06
4.718172000000000000e+06 4.718297000000000000e+06
4.721770000000000000e+06 4.721882000000000000e+06
4.722609000000000000e+06 4.722832000000000000e+06
4.723727000000000000e+06 4.723811000000000000e+06
4.725593000000000000e+06 4.725704000000000000e+06
4.726800000000000000e+06 4.726962000000000000e+06
4.728068000000000000e+06 4.728290000000000000e+06
4.730779000000000000e+06 4.730946000000000000e+06
4.740404000000000000e+06 4.740693000000000000e+06
4.741348000000000000e+06 4.741609000000000000e+06
4.742232000000000000e+06 4.742587000000000000e+06
4.743684000000000000e+06 4.744008000000000000e+06
4.744987000000000000e+06 4.745248000000000000e+06
4.746158000000000000e+06 4.746383000000000000e+06
4.747032000000000000e+06 4.747523000000000000e+06
4.748487000000000000e+06 4.748620000000000000e+06
4.750426000000000000e+06 4.750641000000000000e+06
4.751593000000000000e+06 4.751976000000000000e+06
4.752587000000000000e+06 4.752833000000000000e+06
4.753607000000000000e+06 4.753999000000000000e+06
4.755465000000000000e+06 4.755732000000000000e+06
4.756837000000000000e+06 4.757237000000000000e+06
4.758068000000000000e+06 4.758568000000000000e+06
4.762714000000000000e+06 4.763169000000000000e+06
4.763881000000000000e+06 4.763980000000000000e+06
4.768123000000000000e+06 4.768358000000000000e+06
4.769316000000000000e+06 4.769661000000000000e+06
4.771604000000000000e+06 4.771787000000000000e+06
4.777984000000000000e+06 4.778214000000000000e+06
5.321998000000000000e+06 5.322193000000000000e+06
5.322901000000000000e+06 5.323047000000000000e+06
5.324804000000000000e+06 5.325182000000000000e+06
5.329570000000000000e+06 5.329690000000000000e+06
5.333120000000000000e+06 5.333271000000000000e+06
5.334698000000000000e+06 5.334793000000000000e+06
5.335004000000000000e+06 5.335120000000000000e+06
5.338963000000000000e+06 5.339271000000000000e+06
5.340480000000000000e+06 5.341264000000000000e+06
5.343367000000000000e+06 5.343812000000000000e+06
5.345331000000000000e+06 5.345975000000000000e+06
5.346566000000000000e+06 5.346890000000000000e+06
5.347593000000000000e+06 5.347732000000000000e+06
5.349670000000000000e+06 5.350239000000000000e+06
5.351295000000000000e+06 5.351802000000000000e+06
5.353994000000000000e+06 5.354684000000000000e+06
5.354959000000000000e+06 5.355554000000000000e+06
5.356126000000000000e+06 5.356632000000000000e+06
5.357575000000000000e+06 5.357842000000000000e+06
5.358387000000000000e+06 5.358615000000000000e+06
5.361393000000000000e+06 5.361582000000000000e+06
5.362326000000000000e+06 5.362726000000000000e+06
5.367155000000000000e+06 5.367511000000000000e+06
5.368071000000000000e+06 5.368259000000000000e+06
5.370168000000000000e+06 5.370357000000000000e+06
5.371354000000000000e+06 5.371620000000000000e+06
5.372032000000000000e+06 5.372270000000000000e+06
5.372499000000000000e+06 5.372949000000000000e+06
5.373728000000000000e+06 5.373869000000000000e+06
5.374497000000000000e+06 5.374743000000000000e+06
5.376642000000000000e+06 5.377272000000000000e+06
5.378632000000000000e+06 5.378837000000000000e+06
5.380081000000000000e+06 5.380573000000000000e+06
5.382259000000000000e+06 5.382676000000000000e+06
5.383632000000000000e+06 5.383976000000000000e+06
5.385140000000000000e+06 5.385359000000000000e+06
5.387222000000000000e+06 5.387572000000000000e+06
5.390004000000000000e+06 5.390120000000000000e+06
5.390665000000000000e+06 5.390876000000000000e+06
5.391474000000000000e+06 5.391851000000000000e+06
5.392766000000000000e+06 5.393112000000000000e+06
5.393363000000000000e+06 5.394121000000000000e+06
5.394508000000000000e+06 5.395110000000000000e+06
5.395826000000000000e+06 5.396176000000000000e+06
5.399604000000000000e+06 5.399748000000000000e+06
5.400736000000000000e+06 5.400908000000000000e+06
5.400976000000000000e+06 5.401126000000000000e+06
5.401487000000000000e+06 5.402208000000000000e+06
5.402881000000000000e+06 5.403378000000000000e+06
5.404089000000000000e+06 5.404476000000000000e+06
5.405062000000000000e+06 5.405397000000000000e+06
5.407897000000000000e+06 5.408201000000000000e+06
5.408922000000000000e+06 5.409090000000000000e+06
5.409498000000000000e+06 5.409624000000000000e+06
5.411585000000000000e+06 5.411768000000000000e+06
5.412689000000000000e+06 5.413024000000000000e+06
5.414603000000000000e+06 5.414739000000000000e+06
5.415354000000000000e+06 5.415965000000000000e+06
5.416970000000000000e+06 5.417209000000000000e+06
5.417865000000000000e+06 5.418310000000000000e+06
5.418915000000000000e+06 5.419309000000000000e+06
5.419406000000000000e+06 5.419550000000000000e+06
5.420344000000000000e+06 5.420800000000000000e+06
5.421474000000000000e+06 5.421835000000000000e+06
5.422458000000000000e+06 5.423049000000000000e+06
5.424859000000000000e+06 5.425403000000000000e+06
5.426465000000000000e+06 5.426826000000000000e+06
5.428154000000000000e+06 5.428746000000000000e+06
5.429321000000000000e+06 5.429556000000000000e+06
5.430216000000000000e+06 5.430676000000000000e+06
5.431450000000000000e+06 5.431743000000000000e+06
5.435938000000000000e+06 5.436290000000000000e+06
5.444808000000000000e+06 5.445048000000000000e+06
5.446356000000000000e+06 5.446848000000000000e+06
5.447538000000000000e+06 5.447910000000000000e+06
5.448176000000000000e+06 5.448459000000000000e+06
5.450015000000000000e+06 5.450165000000000000e+06
5.451937000000000000e+06 5.452209000000000000e+06
5.453276000000000000e+06 5.453846000000000000e+06
5.456828000000000000e+06 5.457163000000000000e+06
5.457760000000000000e+06 5.458304000000000000e+06
5.458753000000000000e+06 5.459554000000000000e+06
5.460129000000000000e+06 5.460229000000000000e+06
5.460654000000000000e+06 5.461065000000000000e+06
5.461416000000000000e+06 5.461939000000000000e+06
5.462279000000000000e+06 5.462546000000000000e+06
5.463343000000000000e+06 5.463543000000000000e+06
5.464026000000000000e+06 5.464137000000000000e+06
5.464904000000000000e+06 5.465026000000000000e+06
5.467694000000000000e+06 5.467835000000000000e+06
5.468687000000000000e+06 5.469143000000000000e+06
5.469565000000000000e+06 5.469965000000000000e+06
5.472198000000000000e+06 5.472619000000000000e+06
5.474337000000000000e+06 5.474648000000000000e+06
5.476582000000000000e+06 5.476732000000000000e+06
5.479892000000000000e+06 5.480059000000000000e+06
5.480666000000000000e+06 5.480768000000000000e+06
5.484243000000000000e+06 5.484459000000000000e+06
5.485370000000000000e+06 5.485587000000000000e+06
5.486031000000000000e+06 5.486128000000000000e+06
5.487212000000000000e+06 5.487823000000000000e+06
5.488168000000000000e+06 5.488508000000000000e+06
5.489120000000000000e+06 5.489348000000000000e+06
5.490605000000000000e+06 5.490888000000000000e+06
5.491552000000000000e+06 5.492551000000000000e+06
5.492954000000000000e+06 5.493104000000000000e+06
5.497024000000000000e+06 5.497317000000000000e+06
5.498546000000000000e+06 5.499111000000000000e+06
5.500455000000000000e+06 5.500644000000000000e+06
5.501815000000000000e+06 5.501998000000000000e+06
5.504734000000000000e+06 5.505017000000000000e+06
5.506609000000000000e+06 5.506915000000000000e+06
5.510028000000000000e+06 5.510410000000000000e+06
5.511388000000000000e+06 5.511681000000000000e+06
5.512415000000000000e+06 5.512548000000000000e+06
5.513249000000000000e+06 5.513466000000000000e+06
5.516368000000000000e+06 5.516572000000000000e+06
5.518485000000000000e+06 5.518600000000000000e+06
5.519690000000000000e+06 5.519805000000000000e+06
5.520579000000000000e+06 5.520903000000000000e+06
5.526087000000000000e+06 5.526359000000000000e+06
5.528209000000000000e+06 5.528320000000000000e+06
5.529137000000000000e+06 5.529254000000000000e+06
5.530314000000000000e+06 5.530612000000000000e+06
5.533819000000000000e+06 5.534038000000000000e+06
5.534802000000000000e+06 5.535022000000000000e+06
5.535686000000000000e+06 5.535974000000000000e+06
5.536416000000000000e+06 5.536521000000000000e+06
5.537177000000000000e+06 5.537407000000000000e+06
5.537700000000000000e+06 5.537842000000000000e+06
5.538051000000000000e+06 5.538265000000000000e+06
5.538940000000000000e+06 5.539411000000000000e+06
5.540959000000000000e+06 5.541179000000000000e+06
5.541953000000000000e+06 5.542110000000000000e+06
5.543088000000000000e+06 5.543350000000000000e+06
5.543870000000000000e+06 5.544226000000000000e+06
5.544472000000000000e+06 5.544613000000000000e+06
5.545518000000000000e+06 5.545654000000000000e+06
5.546119000000000000e+06 5.546360000000000000e+06
5.547250000000000000e+06 5.547579000000000000e+06
5.556832000000000000e+06 5.556925000000000000e+06
5.557921000000000000e+06 5.558397000000000000e+06
5.559576000000000000e+06 5.559759000000000000e+06
5.561712000000000000e+06 5.562031000000000000e+06
5.562926000000000000e+06 5.563393000000000000e+06
5.564146000000000000e+06 5.564501000000000000e+06
5.565506000000000000e+06 5.565736000000000000e+06
5.566573000000000000e+06 5.566923000000000000e+06
5.567582000000000000e+06 5.567839000000000000e+06
5.568519000000000000e+06 5.568786000000000000e+06
5.569600000000000000e+06 5.569911000000000000e+06
5.570715000000000000e+06 5.571009000000000000e+06
5.575226000000000000e+06 5.575532000000000000e+06
5.577796000000000000e+06 5.578068000000000000e+06
5.579125000000000000e+06 5.579538000000000000e+06
5.580338000000000000e+06 5.580820000000000000e+06
5.581531000000000000e+06 5.582018000000000000e+06
5.582934000000000000e+06 5.583494000000000000e+06
5.584293000000000000e+06 5.584612000000000000e+06
5.585332000000000000e+06 5.585487000000000000e+06
5.586187000000000000e+06 5.586354000000000000e+06
5.587374000000000000e+06 5.587552000000000000e+06
5.588133000000000000e+06 5.588593000000000000e+06
5.588990000000000000e+06 5.589488000000000000e+06
5.591476000000000000e+06 5.591587000000000000e+06
5.591460000000000000e+06 5.591732000000000000e+06
5.593796000000000000e+06 5.593960000000000000e+06
5.597031000000000000e+06 5.597165000000000000e+06
5.599238000000000000e+06 5.599740000000000000e+06
5.600964000000000000e+06 5.601163000000000000e+06
5.608858000000000000e+06 5.609167000000000000e+06
5.611187000000000000e+06 5.611459000000000000e+06
5.613859000000000000e+06 5.613970000000000000e+06
5.614508000000000000e+06 5.614879000000000000e+06
5.615381000000000000e+06 5.615711000000000000e+06
5.618891000000000000e+06 5.618996000000000000e+06
5.619184000000000000e+06 5.619294000000000000e+06
5.621665000000000000e+06 5.621870000000000000e+06
5.622987000000000000e+06 5.623060000000000000e+06
5.623337000000000000e+06 5.623493000000000000e+06
5.626147000000000000e+06 5.626398000000000000e+06
5.626780000000000000e+06 5.627052000000000000e+06
5.628030000000000000e+06 5.628495000000000000e+06
5.637582000000000000e+06 5.637911000000000000e+06
5.639041000000000000e+06 5.639219000000000000e+06
5.639990000000000000e+06 5.640247000000000000e+06
5.640619000000000000e+06 5.641017000000000000e+06
5.641864000000000000e+06 5.642142000000000000e+06
5.645476000000000000e+06 5.645587000000000000e+06
5.647545000000000000e+06 5.647633000000000000e+06
5.648258000000000000e+06 5.648438000000000000e+06
5.649426000000000000e+06 5.649654000000000000e+06
5.650543000000000000e+06 5.650837000000000000e+06
5.652372000000000000e+06 5.652582000000000000e+06
5.654695000000000000e+06 5.654925000000000000e+06
5.657321000000000000e+06 5.657514000000000000e+06
5.659811000000000000e+06 5.659905000000000000e+06
5.659991000000000000e+06 5.660107000000000000e+06
5.660575000000000000e+06 5.660773000000000000e+06
5.666214000000000000e+06 5.666507000000000000e+06
5.667776000000000000e+06 5.668059000000000000e+06
5.670487000000000000e+06 5.670648000000000000e+06
5.671954000000000000e+06 5.672082000000000000e+06
5.675459000000000000e+06 5.675748000000000000e+06
5.676198000000000000e+06 5.676320000000000000e+06
5.677237000000000000e+06 5.677432000000000000e+06
5.678989000000000000e+06 5.679105000000000000e+06
5.679259000000000000e+06 5.679359000000000000e+06
5.688632000000000000e+06 5.688759000000000000e+06
5.695204000000000000e+06 5.695343000000000000e+06
5.698591000000000000e+06 5.698814000000000000e+06
5.707320000000000000e+06 5.707498000000000000e+06
5.710175000000000000e+06 5.710309000000000000e+06
5.717004000000000000e+06 5.717170000000000000e+06
5.719532000000000000e+06 5.719637000000000000e+06
5.721270000000000000e+06 5.721432000000000000e+06
5.726010000000000000e+06 5.726161000000000000e+06
5.728526000000000000e+06 5.728883000000000000e+06
5.729933000000000000e+06 5.730053000000000000e+06
5.731026000000000000e+06 5.731246000000000000e+06
5.736624000000000000e+06 5.736712000000000000e+06
5.739354000000000000e+06 5.739487000000000000e+06
5.742015000000000000e+06 5.742126000000000000e+06
5.743141000000000000e+06 5.743288000000000000e+06
5.744709000000000000e+06 5.744798000000000000e+06
5.753389000000000000e+06 5.753504000000000000e+06
5.774426000000000000e+06 5.774559000000000000e+06
5.777174000000000000e+06 5.777300000000000000e+06
5.778092000000000000e+06 5.778213000000000000e+06
5.778493000000000000e+06 5.778681000000000000e+06
5.780729000000000000e+06 5.781001000000000000e+06
5.783684000000000000e+06 5.783899000000000000e+06
5.784783000000000000e+06 5.784987000000000000e+06
5.786033000000000000e+06 5.786321000000000000e+06
5.788178000000000000e+06 5.788377000000000000e+06
5.790490000000000000e+06 5.790626000000000000e+06
5.791039000000000000e+06 5.791222000000000000e+06
5.794283000000000000e+06 5.794487000000000000e+06
5.796741000000000000e+06 5.797050000000000000e+06
5.798253000000000000e+06 5.798473000000000000e+06
5.798959000000000000e+06 5.799216000000000000e+06
5.802134000000000000e+06 5.802380000000000000e+06
5.804044000000000000e+06 5.804216000000000000e+06
5.807808000000000000e+06 5.807964000000000000e+06
5.808650000000000000e+06 5.809079000000000000e+06
5.811171000000000000e+06 5.811652000000000000e+06
5.812516000000000000e+06 5.812685000000000000e+06
5.813624000000000000e+06 5.813891000000000000e+06
5.814582000000000000e+06 5.814916000000000000e+06
5.817833000000000000e+06 5.818104000000000000e+06
5.820812000000000000e+06 5.820958000000000000e+06
6.313406000000000000e+06 6.313614000000000000e+06
6.328005000000000000e+06 6.328147000000000000e+06
6.336920000000000000e+06 6.337126000000000000e+06
6.366872000000000000e+06 6.367003000000000000e+06
6.368766000000000000e+06 6.369352000000000000e+06
6.370591000000000000e+06 6.371313000000000000e+06
6.372114000000000000e+06 6.372304000000000000e+06
6.373092000000000000e+06 6.373390000000000000e+06
6.380038000000000000e+06 6.380180000000000000e+06
6.382293000000000000e+06 6.382999000000000000e+06
6.384548000000000000e+06 6.384825000000000000e+06
6.385198000000000000e+06 6.385735000000000000e+06
6.386928000000000000e+06 6.387289000000000000e+06
6.389208000000000000e+06 6.389439000000000000e+06
6.390620000000000000e+06 6.390743000000000000e+06
6.398443000000000000e+06 6.398604000000000000e+06
6.400957000000000000e+06 6.401138000000000000e+06
6.405804000000000000e+06 6.405971000000000000e+06
6.409413000000000000e+06 6.409727000000000000e+06
6.410266000000000000e+06 6.410695000000000000e+06
6.411574000000000000e+06 6.412118000000000000e+06
6.412583000000000000e+06 6.413096000000000000e+06
6.420650000000000000e+06 6.420969000000000000e+06
6.421680000000000000e+06 6.422261000000000000e+06
6.423326000000000000e+06 6.424043000000000000e+06
6.430448000000000000e+06 6.430587000000000000e+06
6.435159000000000000e+06 6.435276000000000000e+06
6.437132000000000000e+06 6.437237000000000000e+06
6.439776000000000000e+06 6.439998000000000000e+06
6.441332000000000000e+06 6.441409000000000000e+06
6.445015000000000000e+06 6.445504000000000000e+06
6.448604000000000000e+06 6.448793000000000000e+06
6.451037000000000000e+06 6.451454000000000000e+06
6.451904000000000000e+06 6.452126000000000000e+06
6.452676000000000000e+06 6.452876000000000000e+06
6.462526000000000000e+06 6.462693000000000000e+06
6.463276000000000000e+06 6.463409000000000000e+06
6.463645000000000000e+06 6.463801000000000000e+06
6.465422000000000000e+06 6.465930000000000000e+06
6.469780000000000000e+06 6.470004000000000000e+06
6.472624000000000000e+06 6.472753000000000000e+06
6.483260000000000000e+06 6.483668000000000000e+06
6.484134000000000000e+06 6.484301000000000000e+06
6.485476000000000000e+06 6.485676000000000000e+06
6.485954000000000000e+06 6.486070000000000000e+06
6.486733000000000000e+06 6.486869000000000000e+06
6.487098000000000000e+06 6.487226000000000000e+06
6.494093000000000000e+06 6.494276000000000000e+06
6.495576000000000000e+06 6.495843000000000000e+06
6.496378000000000000e+06 6.496897000000000000e+06
6.497429000000000000e+06 6.497587000000000000e+06
6.497893000000000000e+06 6.498120000000000000e+06
6.502264000000000000e+06 6.502698000000000000e+06
6.504226000000000000e+06 6.504310000000000000e+06
6.504472000000000000e+06 6.504828000000000000e+06
6.505523000000000000e+06 6.505926000000000000e+06
6.506882000000000000e+06 6.507104000000000000e+06
6.507916000000000000e+06 6.508230000000000000e+06
6.517032000000000000e+06 6.517370000000000000e+06
6.523657000000000000e+06 6.524002000000000000e+06
6.526905000000000000e+06 6.527167000000000000e+06
6.528030000000000000e+06 6.528270000000000000e+06
6.536298000000000000e+06 6.536598000000000000e+06
6.539308000000000000e+06 6.539522000000000000e+06
6.561293000000000000e+06 6.561737000000000000e+06
6.563687000000000000e+06 6.563920000000000000e+06
6.574712000000000000e+06 6.574863000000000000e+06
