1.711660000000000000e+06 1.711770000000000000e+06
1.713615000000000000e+06 1.713787000000000000e+06
1.737287000000000000e+06 1.737537000000000000e+06
1.744792000000000000e+06 1.744978000000000000e+06
1.744818000000000000e+06 1.744951000000000000e+06
1.749559000000000000e+06 1.749659000000000000e+06
1.750309000000000000e+06 1.750454000000000000e+06
1.750370000000000000e+06 1.750476000000000000e+06
1.751760000000000000e+06 1.751968000000000000e+06
1.769577000000000000e+06 1.769707000000000000e+06
1.769585000000000000e+06 1.769763000000000000e+06
1.773737000000000000e+06 1.773948000000000000e+06
1.778293000000000000e+06 1.778433000000000000e+06
1.780179000000000000e+06 1.780438000000000000e+06
1.780287000000000000e+06 1.780426000000000000e+06
1.781767000000000000e+06 1.781931000000000000e+06
1.785868000000000000e+06 1.785990000000000000e+06
1.785954000000000000e+06 1.786148000000000000e+06
1.801504000000000000e+06 1.801670000000000000e+06
1.802235000000000000e+06 1.802600000000000000e+06
1.821687000000000000e+06 1.821870000000000000e+06
1.825327000000000000e+06 1.825790000000000000e+06
1.825332000000000000e+06 1.825487000000000000e+06
1.826813000000000000e+06 1.827010000000000000e+06
1.826837000000000000e+06 1.826932000000000000e+06
1.831187000000000000e+06 1.831343000000000000e+06
1.833272000000000000e+06 1.833402000000000000e+06
1.834087000000000000e+06 1.834293000000000000e+06
1.867075000000000000e+06 1.867196000000000000e+06
1.868231000000000000e+06 1.868383000000000000e+06
1.871289000000000000e+06 1.871422000000000000e+06
1.874106000000000000e+06 1.874237000000000000e+06
1.881984000000000000e+06 1.882107000000000000e+06
1.897744000000000000e+06 1.897902000000000000e+06
1.898433000000000000e+06 1.898555000000000000e+06
1.898494000000000000e+06 1.898610000000000000e+06
1.915248000000000000e+06 1.915526000000000000e+06
1.924569000000000000e+06 1.924738000000000000e+06
1.964304000000000000e+06 1.964536000000000000e+06
1.980437000000000000e+06 1.980598000000000000e+06
2.018087000000000000e+06 2.018220000000000000e+06
2.019637000000000000e+06 2.019770000000000000e+06
2.048173000000000000e+06 2.048287000000000000e+06
2.100852000000000000e+06 2.100960000000000000e+06
2.110759000000000000e+06 2.110887000000000000e+06
2.154198000000000000e+06 2.154332000000000000e+06
2.154209000000000000e+06 2.154364000000000000e+06
2.155225000000000000e+06 2.155355000000000000e+06
2.155226000000000000e+06 2.155304000000000000e+06
2.159267000000000000e+06 2.159371000000000000e+06
2.159304000000000000e+06 2.159387000000000000e+06
2.165143000000000000e+06 2.165247000000000000e+06
2.166003000000000000e+06 2.166247000000000000e+06
2.182943000000000000e+06 2.183050000000000000e+06
2.183550000000000000e+06 2.183683000000000000e+06
2.184765000000000000e+06 2.184912000000000000e+06
2.195742000000000000e+06 2.195842000000000000e+06
2.279925000000000000e+06 2.280091000000000000e+06
2.279936000000000000e+06 2.280055000000000000e+06
2.288644000000000000e+06 2.288768000000000000e+06
2.466244000000000000e+06 2.466358000000000000e+06
2.466282000000000000e+06 2.466443000000000000e+06
2.467554000000000000e+06 2.467854000000000000e+06
2.467565000000000000e+06 2.467799000000000000e+06
2.468758000000000000e+06 2.468985000000000000e+06
2.468826000000000000e+06 2.468993000000000000e+06
2.469710000000000000e+06 2.469826000000000000e+06
2.469715000000000000e+06 2.469954000000000000e+06
2.471284000000000000e+06 2.471428000000000000e+06
2.471298000000000000e+06 2.471515000000000000e+06
2.473012000000000000e+06 2.473306000000000000e+06
2.473015000000000000e+06 2.473332000000000000e+06
2.475837000000000000e+06 2.476137000000000000e+06
2.475885000000000000e+06 2.476000000000000000e+06
2.476026000000000000e+06 2.476135000000000000e+06
2.478458000000000000e+06 2.478691000000000000e+06
2.478470000000000000e+06 2.478682000000000000e+06
2.479943000000000000e+06 2.480300000000000000e+06
2.481259000000000000e+06 2.481465000000000000e+06
2.481289000000000000e+06 2.481437000000000000e+06
2.482048000000000000e+06 2.482248000000000000e+06
2.482050000000000000e+06 2.482236000000000000e+06
2.483054000000000000e+06 2.483282000000000000e+06
2.483077000000000000e+06 2.483285000000000000e+06
2.484148000000000000e+06 2.484376000000000000e+06
2.484162000000000000e+06 2.484264000000000000e+06
2.485456000000000000e+06 2.485630000000000000e+06
2.486348000000000000e+06 2.486487000000000000e+06
2.487326000000000000e+06 2.487498000000000000e+06
2.488693000000000000e+06 2.488809000000000000e+06
2.489776000000000000e+06 2.489943000000000000e+06
2.490578000000000000e+06 2.490743000000000000e+06
2.493745000000000000e+06 2.493877000000000000e+06
2.493748000000000000e+06 2.493870000000000000e+06
2.494909000000000000e+06 2.495072000000000000e+06
2.494954000000000000e+06 2.495087000000000000e+06
2.500026000000000000e+06 2.500354000000000000e+06
2.500217000000000000e+06 2.500334000000000000e+06
2.504348000000000000e+06 2.504587000000000000e+06
2.504384000000000000e+06 2.504573000000000000e+06
2.515093000000000000e+06 2.515259000000000000e+06
2.515698000000000000e+06 2.515820000000000000e+06
2.516233000000000000e+06 2.516414000000000000e+06
2.516670000000000000e+06 2.516876000000000000e+06
2.516993000000000000e+06 2.517443000000000000e+06
2.519120000000000000e+06 2.519349000000000000e+06
2.521034000000000000e+06 2.521175000000000000e+06
2.521043000000000000e+06 2.521209000000000000e+06
2.521967000000000000e+06 2.522119000000000000e+06
2.522589000000000000e+06 2.522690000000000000e+06
2.523780000000000000e+06 2.524241000000000000e+06
2.523943000000000000e+06 2.524220000000000000e+06
2.535929000000000000e+06 2.536095000000000000e+06
2.537904000000000000e+06 2.538071000000000000e+06
2.540154000000000000e+06 2.540354000000000000e+06
2.540178000000000000e+06 2.540337000000000000e+06
2.541386000000000000e+06 2.541662000000000000e+06
2.545065000000000000e+06 2.545437000000000000e+06
2.545155000000000000e+06 2.545384000000000000e+06
2.545927000000000000e+06 2.546093000000000000e+06
2.547046000000000000e+06 2.547191000000000000e+06
2.550932000000000000e+06 2.551282000000000000e+06
2.550970000000000000e+06 2.551094000000000000e+06
2.551693000000000000e+06 2.552022000000000000e+06
2.564809000000000000e+06 2.564965000000000000e+06
2.640126000000000000e+06 2.640248000000000000e+06
2.645980000000000000e+06 2.646158000000000000e+06
2.646664000000000000e+06 2.646782000000000000e+06
2.649509000000000000e+06 2.649670000000000000e+06
2.650482000000000000e+06 2.650837000000000000e+06
2.650542000000000000e+06 2.650778000000000000e+06
2.651059000000000000e+06 2.651482000000000000e+06
2.651155000000000000e+06 2.651284000000000000e+06
2.651357000000000000e+06 2.651465000000000000e+06
2.653389000000000000e+06 2.653518000000000000e+06
2.655176000000000000e+06 2.655626000000000000e+06
2.656520000000000000e+06 2.656770000000000000e+06
2.658760000000000000e+06 2.658943000000000000e+06
2.659715000000000000e+06 2.660276000000000000e+06
2.659721000000000000e+06 2.659822000000000000e+06
2.662087000000000000e+06 2.662434000000000000e+06
2.662237000000000000e+06 2.662404000000000000e+06
2.663593000000000000e+06 2.663904000000000000e+06
2.663669000000000000e+06 2.663869000000000000e+06
2.666565000000000000e+06 2.666826000000000000e+06
2.666623000000000000e+06 2.666737000000000000e+06
2.667598000000000000e+06 2.667965000000000000e+06
2.670029000000000000e+06 2.670208000000000000e+06
2.670032000000000000e+06 2.670265000000000000e+06
2.671165000000000000e+06 2.671387000000000000e+06
2.671932000000000000e+06 2.672120000000000000e+06
2.672443000000000000e+06 2.672854000000000000e+06
2.672621000000000000e+06 2.672827000000000000e+06
2.673609000000000000e+06 2.674015000000000000e+06
2.674743000000000000e+06 2.675032000000000000e+06
2.678106000000000000e+06 2.678227000000000000e+06
2.678850000000000000e+06 2.678972000000000000e+06
2.684965000000000000e+06 2.685104000000000000e+06
2.686098000000000000e+06 2.686376000000000000e+06
2.687054000000000000e+06 2.687298000000000000e+06
2.688315000000000000e+06 2.688615000000000000e+06
2.688325000000000000e+06 2.688461000000000000e+06
2.690059000000000000e+06 2.690165000000000000e+06
2.690064000000000000e+06 2.690480000000000000e+06
2.691115000000000000e+06 2.691420000000000000e+06
2.691175000000000000e+06 2.691348000000000000e+06
2.691970000000000000e+06 2.692104000000000000e+06
2.692604000000000000e+06 2.692809000000000000e+06
2.696343000000000000e+06 2.696482000000000000e+06
2.698569000000000000e+06 2.698706000000000000e+06
2.698570000000000000e+06 2.698737000000000000e+06
2.699673000000000000e+06 2.699801000000000000e+06
2.701465000000000000e+06 2.701559000000000000e+06
2.701491000000000000e+06 2.701604000000000000e+06
2.703070000000000000e+06 2.703409000000000000e+06
2.703169000000000000e+06 2.703396000000000000e+06
2.704270000000000000e+06 2.704532000000000000e+06
2.708729000000000000e+06 2.708921000000000000e+06
2.708754000000000000e+06 2.709026000000000000e+06
2.709948000000000000e+06 2.710182000000000000e+06
2.709969000000000000e+06 2.710082000000000000e+06
2.716369000000000000e+06 2.716468000000000000e+06
2.717376000000000000e+06 2.717643000000000000e+06
2.717378000000000000e+06 2.717650000000000000e+06
2.719120000000000000e+06 2.719337000000000000e+06
2.720165000000000000e+06 2.720376000000000000e+06
2.720177000000000000e+06 2.720507000000000000e+06
2.720210000000000000e+06 2.720359000000000000e+06
2.722404000000000000e+06 2.722665000000000000e+06
2.722527000000000000e+06 2.722669000000000000e+06
2.723687000000000000e+06 2.723804000000000000e+06
2.724868000000000000e+06 2.725006000000000000e+06
2.727188000000000000e+06 2.727370000000000000e+06
2.731540000000000000e+06 2.731643000000000000e+06
2.733752000000000000e+06 2.734006000000000000e+06
2.733776000000000000e+06 2.734087000000000000e+06
2.734834000000000000e+06 2.735110000000000000e+06
2.734915000000000000e+06 2.735182000000000000e+06
2.740054000000000000e+06 2.740237000000000000e+06
2.741009000000000000e+06 2.741404000000000000e+06
2.742287000000000000e+06 2.742543000000000000e+06
2.743363000000000000e+06 2.743585000000000000e+06
2.745253000000000000e+06 2.745457000000000000e+06
2.746647000000000000e+06 2.746772000000000000e+06
2.747419000000000000e+06 2.747541000000000000e+06
2.747454000000000000e+06 2.747770000000000000e+06
2.751068000000000000e+06 2.751290000000000000e+06
2.753198000000000000e+06 2.753326000000000000e+06
2.756665000000000000e+06 2.756815000000000000e+06
2.757513000000000000e+06 2.757684000000000000e+06
2.758542000000000000e+06 2.758722000000000000e+06
2.761265000000000000e+06 2.761437000000000000e+06
2.761325000000000000e+06 2.761442000000000000e+06
2.762082000000000000e+06 2.762315000000000000e+06
2.762176000000000000e+06 2.762280000000000000e+06
2.763159000000000000e+06 2.763432000000000000e+06
2.763223000000000000e+06 2.763350000000000000e+06
2.768920000000000000e+06 2.769087000000000000e+06
2.770343000000000000e+06 2.770444000000000000e+06
2.770401000000000000e+06 2.770494000000000000e+06
2.773617000000000000e+06 2.773863000000000000e+06
2.777832000000000000e+06 2.778093000000000000e+06
2.780240000000000000e+06 2.780470000000000000e+06
2.780259000000000000e+06 2.780415000000000000e+06
2.780279000000000000e+06 2.780424000000000000e+06
2.784904000000000000e+06 2.785165000000000000e+06
2.784944000000000000e+06 2.785066000000000000e+06
2.785776000000000000e+06 2.785959000000000000e+06
2.786837000000000000e+06 2.787037000000000000e+06
2.786972000000000000e+06 2.787075000000000000e+06
2.791580000000000000e+06 2.791755000000000000e+06
2.793498000000000000e+06 2.793637000000000000e+06
2.793934000000000000e+06 2.794133000000000000e+06
2.793959000000000000e+06 2.794182000000000000e+06
2.795159000000000000e+06 2.795465000000000000e+06
2.795182000000000000e+06 2.795399000000000000e+06
2.802957000000000000e+06 2.803087000000000000e+06
2.809515000000000000e+06 2.809820000000000000e+06
2.810463000000000000e+06 2.810582000000000000e+06
2.810509000000000000e+06 2.810632000000000000e+06
2.813809000000000000e+06 2.814002000000000000e+06
2.813815000000000000e+06 2.813970000000000000e+06
2.814437000000000000e+06 2.814582000000000000e+06
2.835776000000000000e+06 2.836070000000000000e+06
2.838032000000000000e+06 2.838237000000000000e+06
2.858786000000000000e+06 2.858926000000000000e+06
2.868465000000000000e+06 2.868598000000000000e+06
2.871948000000000000e+06 2.872115000000000000e+06
2.915007000000000000e+06 2.915117000000000000e+06
2.915860000000000000e+06 2.916048000000000000e+06
2.989685000000000000e+06 2.989816000000000000e+06
2.989730000000000000e+06 2.989864000000000000e+06
3.024409000000000000e+06 3.024515000000000000e+06
3.028343000000000000e+06 3.028543000000000000e+06
3.028920000000000000e+06 3.029120000000000000e+06
3.034670000000000000e+06 3.034954000000000000e+06
3.034792000000000000e+06 3.034987000000000000e+06
3.034826000000000000e+06 3.034976000000000000e+06
3.037743000000000000e+06 3.037965000000000000e+06
3.037767000000000000e+06 3.038007000000000000e+06
3.040142000000000000e+06 3.040364000000000000e+06
3.041969000000000000e+06 3.042115000000000000e+06
3.051115000000000000e+06 3.051304000000000000e+06
3.052232000000000000e+06 3.052386000000000000e+06
3.054106000000000000e+06 3.054211000000000000e+06
3.055643000000000000e+06 3.055870000000000000e+06
3.055670000000000000e+06 3.056031000000000000e+06
3.055832000000000000e+06 3.055993000000000000e+06
3.058982000000000000e+06 3.059133000000000000e+06
3.059954000000000000e+06 3.060220000000000000e+06
3.060026000000000000e+06 3.060157000000000000e+06
3.060897000000000000e+06 3.061605000000000000e+06
3.060932000000000000e+06 3.061193000000000000e+06
3.060932000000000000e+06 3.061570000000000000e+06
3.062397000000000000e+06 3.062658000000000000e+06
3.062429000000000000e+06 3.062642000000000000e+06
3.065420000000000000e+06 3.065693000000000000e+06
3.066425000000000000e+06 3.066702000000000000e+06
3.067704000000000000e+06 3.067870000000000000e+06
3.067706000000000000e+06 3.067874000000000000e+06
3.072106000000000000e+06 3.072289000000000000e+06
3.075405000000000000e+06 3.075563000000000000e+06
3.075433000000000000e+06 3.075715000000000000e+06
3.075437000000000000e+06 3.075598000000000000e+06
3.078126000000000000e+06 3.078276000000000000e+06
3.079509000000000000e+06 3.079732000000000000e+06
3.081179000000000000e+06 3.081323000000000000e+06
3.083454000000000000e+06 3.083598000000000000e+06
3.090350000000000000e+06 3.090610000000000000e+06
3.090359000000000000e+06 3.090632000000000000e+06
3.094270000000000000e+06 3.094526000000000000e+06
3.094311000000000000e+06 3.094536000000000000e+06
3.095454000000000000e+06 3.095698000000000000e+06
3.114807000000000000e+06 3.114974000000000000e+06
3.115759000000000000e+06 3.115892000000000000e+06
3.123499000000000000e+06 3.123684000000000000e+06
3.125537000000000000e+06 3.125676000000000000e+06
3.126370000000000000e+06 3.126676000000000000e+06
3.126391000000000000e+06 3.126504000000000000e+06
3.127515000000000000e+06 3.127743000000000000e+06
3.127548000000000000e+06 3.127653000000000000e+06
3.131472000000000000e+06 3.131604000000000000e+06
3.132254000000000000e+06 3.132437000000000000e+06
3.134245000000000000e+06 3.134437000000000000e+06
3.134304000000000000e+06 3.134482000000000000e+06
3.136043000000000000e+06 3.136220000000000000e+06
3.140072000000000000e+06 3.140202000000000000e+06
3.145482000000000000e+06 3.145770000000000000e+06
3.146448000000000000e+06 3.146637000000000000e+06
3.148754000000000000e+06 3.149054000000000000e+06
3.149504000000000000e+06 3.149732000000000000e+06
3.153290000000000000e+06 3.153517000000000000e+06
3.154652000000000000e+06 3.154784000000000000e+06
3.154654000000000000e+06 3.154798000000000000e+06
3.157259000000000000e+06 3.157487000000000000e+06
3.157369000000000000e+06 3.157490000000000000e+06
3.158165000000000000e+06 3.158420000000000000e+06
3.158256000000000000e+06 3.158357000000000000e+06
3.201778000000000000e+06 3.201891000000000000e+06
3.203870000000000000e+06 3.204076000000000000e+06
3.204593000000000000e+06 3.204720000000000000e+06
3.206498000000000000e+06 3.206667000000000000e+06
3.209112000000000000e+06 3.209248000000000000e+06
3.210074000000000000e+06 3.210362000000000000e+06
3.210901000000000000e+06 3.211549000000000000e+06
3.211276000000000000e+06 3.211632000000000000e+06
3.211454000000000000e+06 3.211584000000000000e+06
3.212104000000000000e+06 3.212254000000000000e+06
3.213008000000000000e+06 3.213176000000000000e+06
3.213709000000000000e+06 3.213887000000000000e+06
3.214481000000000000e+06 3.214807000000000000e+06
3.214482000000000000e+06 3.214837000000000000e+06
3.215398000000000000e+06 3.215637000000000000e+06
3.215483000000000000e+06 3.215618000000000000e+06
3.217087000000000000e+06 3.217298000000000000e+06
3.217094000000000000e+06 3.217617000000000000e+06
3.217202000000000000e+06 3.217326000000000000e+06
3.217444000000000000e+06 3.217599000000000000e+06
3.219386000000000000e+06 3.219513000000000000e+06
3.219387000000000000e+06 3.219565000000000000e+06
3.220820000000000000e+06 3.221070000000000000e+06
3.222054000000000000e+06 3.222215000000000000e+06
3.223852000000000000e+06 3.223966000000000000e+06
3.224770000000000000e+06 3.225015000000000000e+06
3.225570000000000000e+06 3.225765000000000000e+06
3.225587000000000000e+06 3.225843000000000000e+06
3.226287000000000000e+06 3.226482000000000000e+06
3.227426000000000000e+06 3.227643000000000000e+06
3.227449000000000000e+06 3.227642000000000000e+06
3.229517000000000000e+06 3.229639000000000000e+06
3.233098000000000000e+06 3.233311000000000000e+06
3.234682000000000000e+06 3.234820000000000000e+06
3.235740000000000000e+06 3.235843000000000000e+06
3.236744000000000000e+06 3.236881000000000000e+06
3.237911000000000000e+06 3.238239000000000000e+06
3.238098000000000000e+06 3.238254000000000000e+06
3.245874000000000000e+06 3.246024000000000000e+06
3.246723000000000000e+06 3.246937000000000000e+06
3.248359000000000000e+06 3.248565000000000000e+06
3.248380000000000000e+06 3.248494000000000000e+06
3.249001000000000000e+06 3.249158000000000000e+06
3.249995000000000000e+06 3.250256000000000000e+06
3.249995000000000000e+06 3.250272000000000000e+06
3.250013000000000000e+06 3.250286000000000000e+06
3.250748000000000000e+06 3.251193000000000000e+06
3.250748000000000000e+06 3.251198000000000000e+06
3.250769000000000000e+06 3.250979000000000000e+06
3.260798000000000000e+06 3.261011000000000000e+06
3.261951000000000000e+06 3.262188000000000000e+06
3.263265000000000000e+06 3.263389000000000000e+06
3.264545000000000000e+06 3.264660000000000000e+06
3.264559000000000000e+06 3.264926000000000000e+06
3.264714000000000000e+06 3.264823000000000000e+06
3.265151000000000000e+06 3.265296000000000000e+06
3.265750000000000000e+06 3.266062000000000000e+06
3.265770000000000000e+06 3.266026000000000000e+06
3.267693000000000000e+06 3.267943000000000000e+06
3.267743000000000000e+06 3.267885000000000000e+06
3.268663000000000000e+06 3.268783000000000000e+06
3.269503000000000000e+06 3.269668000000000000e+06
3.272307000000000000e+06 3.272409000000000000e+06
3.273136000000000000e+06 3.273372000000000000e+06
3.274962000000000000e+06 3.275346000000000000e+06
3.275733000000000000e+06 3.275935000000000000e+06
3.276677000000000000e+06 3.276819000000000000e+06
3.278164000000000000e+06 3.278424000000000000e+06
3.279002000000000000e+06 3.279142000000000000e+06
3.280620000000000000e+06 3.280837000000000000e+06
3.280626000000000000e+06 3.280758000000000000e+06
3.281096000000000000e+06 3.281347000000000000e+06
3.281104000000000000e+06 3.281354000000000000e+06
3.281321000000000000e+06 3.281358000000000000e+06
3.281687000000000000e+06 3.281887000000000000e+06
3.281698000000000000e+06 3.281921000000000000e+06
3.286332000000000000e+06 3.286458000000000000e+06
3.287365000000000000e+06 3.287495000000000000e+06
3.288977000000000000e+06 3.289125000000000000e+06
3.293398000000000000e+06 3.293720000000000000e+06
3.294140000000000000e+06 3.294253000000000000e+06
3.294287000000000000e+06 3.294487000000000000e+06
3.294303000000000000e+06 3.294404000000000000e+06
3.295100000000000000e+06 3.295406000000000000e+06
3.296009000000000000e+06 3.296143000000000000e+06
3.296010000000000000e+06 3.296134000000000000e+06
3.296730000000000000e+06 3.296885000000000000e+06
3.297489000000000000e+06 3.297622000000000000e+06
3.300015000000000000e+06 3.300192000000000000e+06
3.302678000000000000e+06 3.302910000000000000e+06
3.304382000000000000e+06 3.304661000000000000e+06
3.305654000000000000e+06 3.305774000000000000e+06
3.306532000000000000e+06 3.306770000000000000e+06
3.306580000000000000e+06 3.306699000000000000e+06
3.319165000000000000e+06 3.319420000000000000e+06
3.319403000000000000e+06 3.319526000000000000e+06
3.322849000000000000e+06 3.322955000000000000e+06
3.325716000000000000e+06 3.325876000000000000e+06
3.326954000000000000e+06 3.327120000000000000e+06
3.329286000000000000e+06 3.329449000000000000e+06
3.329298000000000000e+06 3.329509000000000000e+06
3.329893000000000000e+06 3.330087000000000000e+06
3.333954000000000000e+06 3.334309000000000000e+06
3.334565000000000000e+06 3.334754000000000000e+06
3.335565000000000000e+06 3.335876000000000000e+06
3.335601000000000000e+06 3.335735000000000000e+06
3.340243000000000000e+06 3.340482000000000000e+06
3.340577000000000000e+06 3.340976000000000000e+06
3.347809000000000000e+06 3.348132000000000000e+06
3.347824000000000000e+06 3.348000000000000000e+06
3.348654000000000000e+06 3.348887000000000000e+06
3.348745000000000000e+06 3.348901000000000000e+06
3.349865000000000000e+06 3.350087000000000000e+06
3.349900000000000000e+06 3.350031000000000000e+06
3.350820000000000000e+06 3.351132000000000000e+06
3.352054000000000000e+06 3.352282000000000000e+06
3.358115000000000000e+06 3.358305000000000000e+06
3.358842000000000000e+06 3.358961000000000000e+06
3.361061000000000000e+06 3.361206000000000000e+06
3.365593000000000000e+06 3.365932000000000000e+06
3.370682000000000000e+06 3.370859000000000000e+06
3.371827000000000000e+06 3.371902000000000000e+06
3.374271000000000000e+06 3.374393000000000000e+06
3.376629000000000000e+06 3.376780000000000000e+06
3.376754000000000000e+06 3.376948000000000000e+06
3.378345000000000000e+06 3.378512000000000000e+06
3.379289000000000000e+06 3.379429000000000000e+06
3.383017000000000000e+06 3.383134000000000000e+06
3.385043000000000000e+06 3.385243000000000000e+06
3.385687000000000000e+06 3.385998000000000000e+06
3.385773000000000000e+06 3.385962000000000000e+06
3.387300000000000000e+06 3.387432000000000000e+06
3.388176000000000000e+06 3.388387000000000000e+06
3.388210000000000000e+06 3.388387000000000000e+06
3.388965000000000000e+06 3.389132000000000000e+06
3.390520000000000000e+06 3.390726000000000000e+06
3.392759000000000000e+06 3.392965000000000000e+06
3.392800000000000000e+06 3.392935000000000000e+06
3.393374000000000000e+06 3.393684000000000000e+06
3.394882000000000000e+06 3.395265000000000000e+06
3.394952000000000000e+06 3.395178000000000000e+06
3.395590000000000000e+06 3.396046000000000000e+06
3.395593000000000000e+06 3.395909000000000000e+06
3.396565000000000000e+06 3.396843000000000000e+06
3.396579000000000000e+06 3.396794000000000000e+06
3.397262000000000000e+06 3.397365000000000000e+06
3.398290000000000000e+06 3.398503000000000000e+06
3.399732000000000000e+06 3.399847000000000000e+06
3.400826000000000000e+06 3.401037000000000000e+06
3.403249000000000000e+06 3.403400000000000000e+06
3.405554000000000000e+06 3.405693000000000000e+06
3.405620000000000000e+06 3.405729000000000000e+06
3.405826000000000000e+06 3.405948000000000000e+06
3.407454000000000000e+06 3.407600000000000000e+06
3.429978000000000000e+06 3.430091000000000000e+06
3.430854000000000000e+06 3.431104000000000000e+06
3.439687000000000000e+06 3.439948000000000000e+06
3.441548000000000000e+06 3.441743000000000000e+06
3.441561000000000000e+06 3.441705000000000000e+06
3.442315000000000000e+06 3.442487000000000000e+06
3.444709000000000000e+06 3.444887000000000000e+06
3.445476000000000000e+06 3.445648000000000000e+06
3.445507000000000000e+06 3.445736000000000000e+06
3.452509000000000000e+06 3.452743000000000000e+06
3.455489000000000000e+06 3.455795000000000000e+06
3.455559000000000000e+06 3.455659000000000000e+06
3.457848000000000000e+06 3.458148000000000000e+06
3.458348000000000000e+06 3.458598000000000000e+06
3.458369000000000000e+06 3.458542000000000000e+06
3.463603000000000000e+06 3.463826000000000000e+06
3.464356000000000000e+06 3.464467000000000000e+06
3.466526000000000000e+06 3.466665000000000000e+06
3.467165000000000000e+06 3.467532000000000000e+06
3.467247000000000000e+06 3.467394000000000000e+06
3.468615000000000000e+06 3.468832000000000000e+06
3.468628000000000000e+06 3.468764000000000000e+06
3.469293000000000000e+06 3.469420000000000000e+06
3.470320000000000000e+06 3.470454000000000000e+06
3.471948000000000000e+06 3.472076000000000000e+06
3.472648000000000000e+06 3.472859000000000000e+06
3.474815000000000000e+06 3.475020000000000000e+06
3.477193000000000000e+06 3.477420000000000000e+06
3.477654000000000000e+06 3.477809000000000000e+06
3.477993000000000000e+06 3.478265000000000000e+06
3.480209000000000000e+06 3.480493000000000000e+06
3.480257000000000000e+06 3.480521000000000000e+06
3.489904000000000000e+06 3.490165000000000000e+06
3.490676000000000000e+06 3.491054000000000000e+06
3.491343000000000000e+06 3.491559000000000000e+06
3.491404000000000000e+06 3.491531000000000000e+06
3.491915000000000000e+06 3.492232000000000000e+06
3.492010000000000000e+06 3.492115000000000000e+06
3.493487000000000000e+06 3.493670000000000000e+06
3.494387000000000000e+06 3.494693000000000000e+06
3.498193000000000000e+06 3.498424000000000000e+06
3.498932000000000000e+06 3.499183000000000000e+06
3.501329000000000000e+06 3.501477000000000000e+06
3.502841000000000000e+06 3.503101000000000000e+06
3.502854000000000000e+06 3.503143000000000000e+06
3.503687000000000000e+06 3.503987000000000000e+06
3.503747000000000000e+06 3.503940000000000000e+06
3.504647000000000000e+06 3.504774000000000000e+06
3.508482000000000000e+06 3.508709000000000000e+06
3.508556000000000000e+06 3.508684000000000000e+06
3.509237000000000000e+06 3.509415000000000000e+06
3.511982000000000000e+06 3.512165000000000000e+06
3.513793000000000000e+06 3.513976000000000000e+06
3.513831000000000000e+06 3.513956000000000000e+06
3.516684000000000000e+06 3.516817000000000000e+06
3.517604000000000000e+06 3.517865000000000000e+06
3.517707000000000000e+06 3.517819000000000000e+06
3.518085000000000000e+06 3.518189000000000000e+06
3.518098000000000000e+06 3.518259000000000000e+06
3.518512000000000000e+06 3.518726000000000000e+06
3.518554000000000000e+06 3.518715000000000000e+06
3.521698000000000000e+06 3.521809000000000000e+06
3.522720000000000000e+06 3.522843000000000000e+06
3.526837000000000000e+06 3.527026000000000000e+06
3.528898000000000000e+06 3.529276000000000000e+06
3.529715000000000000e+06 3.529920000000000000e+06
3.531237000000000000e+06 3.531426000000000000e+06
3.531273000000000000e+06 3.531407000000000000e+06
3.532970000000000000e+06 3.533187000000000000e+06
3.532994000000000000e+06 3.533171000000000000e+06
3.534020000000000000e+06 3.534243000000000000e+06
3.534033000000000000e+06 3.534135000000000000e+06
3.535125000000000000e+06 3.535330000000000000e+06
3.536587000000000000e+06 3.536854000000000000e+06
3.536660000000000000e+06 3.536797000000000000e+06
3.539012000000000000e+06 3.539185000000000000e+06
3.539059000000000000e+06 3.539487000000000000e+06
3.540262000000000000e+06 3.540372000000000000e+06
3.541209000000000000e+06 3.541420000000000000e+06
3.543232000000000000e+06 3.543365000000000000e+06
3.543954000000000000e+06 3.544087000000000000e+06
3.544248000000000000e+06 3.544354000000000000e+06
3.545820000000000000e+06 3.546037000000000000e+06
3.545845000000000000e+06 3.545948000000000000e+06
3.546908000000000000e+06 3.547046000000000000e+06
3.547759000000000000e+06 3.547954000000000000e+06
3.547824000000000000e+06 3.547940000000000000e+06
3.548343000000000000e+06 3.548543000000000000e+06
3.556332000000000000e+06 3.556537000000000000e+06
3.556380000000000000e+06 3.556487000000000000e+06
3.564259000000000000e+06 3.564443000000000000e+06
3.565220000000000000e+06 3.565419000000000000e+06
3.565220000000000000e+06 3.565426000000000000e+06
3.566220000000000000e+06 3.566404000000000000e+06
3.566737000000000000e+06 3.567087000000000000e+06
3.566784000000000000e+06 3.566904000000000000e+06
3.566995000000000000e+06 3.567112000000000000e+06
3.570637000000000000e+06 3.570943000000000000e+06
3.570697000000000000e+06 3.570901000000000000e+06
3.571612000000000000e+06 3.571723000000000000e+06
3.574591000000000000e+06 3.574780000000000000e+06
3.574954000000000000e+06 3.575120000000000000e+06
3.580976000000000000e+06 3.581204000000000000e+06
3.581077000000000000e+06 3.581179000000000000e+06
3.591486000000000000e+06 3.591632000000000000e+06
3.596504000000000000e+06 3.596643000000000000e+06
3.596515000000000000e+06 3.596635000000000000e+06
3.597426000000000000e+06 3.597620000000000000e+06
3.597471000000000000e+06 3.597617000000000000e+06
3.597787000000000000e+06 3.597926000000000000e+06
3.598459000000000000e+06 3.598698000000000000e+06
3.599018000000000000e+06 3.599287000000000000e+06
3.599120000000000000e+06 3.599293000000000000e+06
3.599737000000000000e+06 3.600015000000000000e+06
3.599780000000000000e+06 3.600000000000000000e+06
3.600279000000000000e+06 3.600403000000000000e+06
3.601026000000000000e+06 3.601187000000000000e+06
3.606248000000000000e+06 3.606387000000000000e+06
3.606637000000000000e+06 3.606793000000000000e+06
3.607486000000000000e+06 3.607626000000000000e+06
3.607498000000000000e+06 3.607632000000000000e+06
3.608515000000000000e+06 3.608637000000000000e+06
3.611137000000000000e+06 3.611493000000000000e+06
3.615352000000000000e+06 3.615644000000000000e+06
3.615383000000000000e+06 3.615484000000000000e+06
3.615387000000000000e+06 3.615598000000000000e+06
3.616800000000000000e+06 3.617068000000000000e+06
3.616910000000000000e+06 3.617089000000000000e+06
3.618437000000000000e+06 3.618887000000000000e+06
3.620370000000000000e+06 3.620565000000000000e+06
3.620384000000000000e+06 3.620502000000000000e+06
3.621315000000000000e+06 3.621626000000000000e+06
3.621333000000000000e+06 3.621522000000000000e+06
3.621971000000000000e+06 3.622471000000000000e+06
3.622232000000000000e+06 3.622437000000000000e+06
3.622998000000000000e+06 3.623193000000000000e+06
3.623005000000000000e+06 3.623135000000000000e+06
3.623681000000000000e+06 3.623943000000000000e+06
3.623687000000000000e+06 3.623970000000000000e+06
3.624476000000000000e+06 3.624770000000000000e+06
3.624495000000000000e+06 3.624702000000000000e+06
3.625676000000000000e+06 3.625898000000000000e+06
3.625742000000000000e+06 3.625843000000000000e+06
3.627208000000000000e+06 3.627393000000000000e+06
3.628727000000000000e+06 3.628877000000000000e+06
3.632654000000000000e+06 3.632832000000000000e+06
3.632654000000000000e+06 3.632797000000000000e+06
3.633476000000000000e+06 3.633582000000000000e+06
3.634154000000000000e+06 3.634415000000000000e+06
3.634258000000000000e+06 3.634371000000000000e+06
3.635697000000000000e+06 3.635865000000000000e+06
3.636509000000000000e+06 3.636737000000000000e+06
3.638776000000000000e+06 3.639120000000000000e+06
3.638972000000000000e+06 3.639094000000000000e+06
3.641276000000000000e+06 3.641393000000000000e+06
3.641315000000000000e+06 3.641509000000000000e+06
3.644987000000000000e+06 3.645170000000000000e+06
3.646898000000000000e+06 3.647054000000000000e+06
3.646926000000000000e+06 3.647098000000000000e+06
3.648104000000000000e+06 3.648259000000000000e+06
3.649765000000000000e+06 3.650004000000000000e+06
3.652593000000000000e+06 3.653032000000000000e+06
3.665026000000000000e+06 3.665282000000000000e+06
3.665882000000000000e+06 3.666593000000000000e+06
3.665888000000000000e+06 3.666206000000000000e+06
3.667015000000000000e+06 3.667343000000000000e+06
3.667176000000000000e+06 3.667290000000000000e+06
3.668137000000000000e+06 3.668343000000000000e+06
3.668776000000000000e+06 3.668965000000000000e+06
3.671409000000000000e+06 3.671637000000000000e+06
3.672055000000000000e+06 3.672246000000000000e+06
3.673515000000000000e+06 3.673787000000000000e+06
3.674928000000000000e+06 3.675104000000000000e+06
3.677915000000000000e+06 3.678354000000000000e+06
3.677915000000000000e+06 3.678088000000000000e+06
3.680615000000000000e+06 3.680809000000000000e+06
3.680637000000000000e+06 3.680829000000000000e+06
3.681808000000000000e+06 3.681957000000000000e+06
3.683582000000000000e+06 3.683854000000000000e+06
3.684482000000000000e+06 3.684632000000000000e+06
3.685509000000000000e+06 3.685705000000000000e+06
3.686459000000000000e+06 3.686743000000000000e+06
3.686514000000000000e+06 3.686696000000000000e+06
3.688137000000000000e+06 3.688270000000000000e+06
3.690137000000000000e+06 3.690432000000000000e+06
3.690186000000000000e+06 3.690414000000000000e+06
3.691606000000000000e+06 3.691747000000000000e+06
3.692443000000000000e+06 3.692698000000000000e+06
3.693398000000000000e+06 3.693715000000000000e+06
3.694082000000000000e+06 3.694387000000000000e+06
3.695020000000000000e+06 3.695404000000000000e+06
3.695665000000000000e+06 3.695837000000000000e+06
3.696420000000000000e+06 3.696543000000000000e+06
3.700220000000000000e+06 3.700382000000000000e+06
3.701232000000000000e+06 3.701515000000000000e+06
3.701298000000000000e+06 3.701403000000000000e+06
3.704126000000000000e+06 3.704359000000000000e+06
3.704173000000000000e+06 3.704282000000000000e+06
3.707285000000000000e+06 3.707398000000000000e+06
3.708122000000000000e+06 3.708236000000000000e+06
3.709819000000000000e+06 3.710052000000000000e+06
3.709820000000000000e+06 3.710065000000000000e+06
3.711137000000000000e+06 3.711293000000000000e+06
3.715065000000000000e+06 3.715232000000000000e+06
3.719415000000000000e+06 3.719600000000000000e+06
3.721076000000000000e+06 3.721193000000000000e+06
3.722370000000000000e+06 3.722620000000000000e+06
3.724948000000000000e+06 3.725332000000000000e+06
3.726626000000000000e+06 3.726809000000000000e+06
3.731093000000000000e+06 3.731309000000000000e+06
3.731105000000000000e+06 3.731283000000000000e+06
3.734773000000000000e+06 3.734898000000000000e+06
3.736067000000000000e+06 3.736234000000000000e+06
3.752309000000000000e+06 3.752465000000000000e+06
3.758031000000000000e+06 3.758133000000000000e+06
3.769222000000000000e+06 3.769367000000000000e+06
3.777095000000000000e+06 3.777266000000000000e+06
3.778843000000000000e+06 3.778987000000000000e+06
3.778944000000000000e+06 3.779216000000000000e+06
3.779086000000000000e+06 3.779227000000000000e+06
3.780162000000000000e+06 3.780295000000000000e+06
3.780193000000000000e+06 3.780598000000000000e+06
3.780326000000000000e+06 3.780520000000000000e+06
3.782059000000000000e+06 3.782282000000000000e+06
3.782064000000000000e+06 3.782383000000000000e+06
3.783685000000000000e+06 3.783794000000000000e+06
3.783693000000000000e+06 3.783787000000000000e+06
3.786471000000000000e+06 3.786691000000000000e+06
3.787847000000000000e+06 3.788082000000000000e+06
3.790023000000000000e+06 3.790132000000000000e+06
3.793424000000000000e+06 3.793659000000000000e+06
3.793504000000000000e+06 3.793654000000000000e+06
3.795104000000000000e+06 3.795309000000000000e+06
3.795153000000000000e+06 3.795286000000000000e+06
3.796532000000000000e+06 3.796820000000000000e+06
3.796536000000000000e+06 3.796687000000000000e+06
3.798470000000000000e+06 3.798587000000000000e+06
3.798485000000000000e+06 3.798611000000000000e+06
3.802743000000000000e+06 3.802937000000000000e+06
3.803332000000000000e+06 3.803554000000000000e+06
3.804170000000000000e+06 3.804382000000000000e+06
3.804238000000000000e+06 3.804361000000000000e+06
3.804920000000000000e+06 3.805176000000000000e+06
3.804979000000000000e+06 3.805203000000000000e+06
3.809131000000000000e+06 3.809234000000000000e+06
3.809137000000000000e+06 3.809276000000000000e+06
4.292483000000000000e+06 4.292589000000000000e+06
4.296726000000000000e+06 4.296909000000000000e+06
4.298693000000000000e+06 4.299068000000000000e+06
4.298837000000000000e+06 4.299048000000000000e+06
4.299843000000000000e+06 4.300170000000000000e+06
4.299873000000000000e+06 4.300000000000000000e+06
4.300798000000000000e+06 4.301104000000000000e+06
4.300806000000000000e+06 4.301082000000000000e+06
4.301364000000000000e+06 4.301587000000000000e+06
4.301820000000000000e+06 4.302048000000000000e+06
4.301889000000000000e+06 4.302000000000000000e+06
4.304254000000000000e+06 4.304415000000000000e+06
4.309687000000000000e+06 4.309959000000000000e+06
4.309711000000000000e+06 4.309935000000000000e+06
4.323708000000000000e+06 4.323910000000000000e+06
4.324528000000000000e+06 4.324833000000000000e+06
4.326305000000000000e+06 4.326407000000000000e+06
4.328456000000000000e+06 4.328572000000000000e+06
4.328604000000000000e+06 4.328738000000000000e+06
4.328882000000000000e+06 4.329043000000000000e+06
4.329704000000000000e+06 4.329959000000000000e+06
4.330915000000000000e+06 4.331154000000000000e+06
4.331882000000000000e+06 4.332182000000000000e+06
4.331908000000000000e+06 4.332093000000000000e+06
4.333170000000000000e+06 4.333465000000000000e+06
4.334582000000000000e+06 4.334799000000000000e+06
4.335509000000000000e+06 4.335620000000000000e+06
4.336259000000000000e+06 4.336465000000000000e+06
4.336314000000000000e+06 4.336453000000000000e+06
4.337045000000000000e+06 4.337198000000000000e+06
4.340215000000000000e+06 4.340354000000000000e+06
4.340859000000000000e+06 4.341104000000000000e+06
4.343743000000000000e+06 4.343890000000000000e+06
4.345465000000000000e+06 4.345637000000000000e+06
4.346248000000000000e+06 4.346376000000000000e+06
4.347920000000000000e+06 4.348209000000000000e+06
4.349709000000000000e+06 4.350015000000000000e+06
4.349848000000000000e+06 4.350005000000000000e+06
4.350593000000000000e+06 4.350876000000000000e+06
4.350637000000000000e+06 4.350832000000000000e+06
4.352020000000000000e+06 4.352215000000000000e+06
4.354161000000000000e+06 4.354264000000000000e+06
4.354887000000000000e+06 4.355065000000000000e+06
4.354952000000000000e+06 4.355077000000000000e+06
4.356987000000000000e+06 4.357296000000000000e+06
4.357137000000000000e+06 4.357320000000000000e+06
4.361316000000000000e+06 4.361486000000000000e+06
4.361320000000000000e+06 4.361698000000000000e+06
4.361339000000000000e+06 4.361664000000000000e+06
4.362465000000000000e+06 4.362676000000000000e+06
4.362572000000000000e+06 4.362725000000000000e+06
4.364359000000000000e+06 4.364504000000000000e+06
4.365176000000000000e+06 4.365409000000000000e+06
4.366348000000000000e+06 4.366559000000000000e+06
4.368470000000000000e+06 4.368754000000000000e+06
4.370720000000000000e+06 4.370959000000000000e+06
4.370767000000000000e+06 4.370948000000000000e+06
4.371536000000000000e+06 4.371660000000000000e+06
4.372994000000000000e+06 4.373341000000000000e+06
4.373009000000000000e+06 4.373346000000000000e+06
4.373165000000000000e+06 4.373304000000000000e+06
4.374676000000000000e+06 4.374865000000000000e+06
4.375470000000000000e+06 4.375715000000000000e+06
4.375500000000000000e+06 4.375639000000000000e+06
4.375528000000000000e+06 4.375560000000000000e+06
4.376142000000000000e+06 4.376355000000000000e+06
4.377665000000000000e+06 4.377832000000000000e+06
4.377703000000000000e+06 4.377825000000000000e+06
4.378438000000000000e+06 4.378624000000000000e+06
4.378657000000000000e+06 4.378866000000000000e+06
4.378845000000000000e+06 4.379038000000000000e+06
4.378859000000000000e+06 4.379037000000000000e+06
4.379565000000000000e+06 4.379769000000000000e+06
4.380893000000000000e+06 4.381065000000000000e+06
4.383726000000000000e+06 4.384070000000000000e+06
4.383767000000000000e+06 4.384054000000000000e+06
4.384687000000000000e+06 4.384943000000000000e+06
4.384708000000000000e+06 4.384837000000000000e+06
4.385965000000000000e+06 4.386287000000000000e+06
4.386014000000000000e+06 4.386151000000000000e+06
4.388409000000000000e+06 4.388532000000000000e+06
4.391443000000000000e+06 4.391632000000000000e+06
4.391450000000000000e+06 4.391570000000000000e+06
4.393587000000000000e+06 4.393993000000000000e+06
4.393590000000000000e+06 4.393792000000000000e+06
4.395632000000000000e+06 4.395787000000000000e+06
4.395708000000000000e+06 4.395853000000000000e+06
4.396759000000000000e+06 4.396876000000000000e+06
4.397943000000000000e+06 4.398069000000000000e+06
4.399609000000000000e+06 4.399832000000000000e+06
4.401626000000000000e+06 4.401882000000000000e+06
4.401661000000000000e+06 4.401816000000000000e+06
4.402499000000000000e+06 4.402652000000000000e+06
4.403748000000000000e+06 4.404132000000000000e+06
4.406220000000000000e+06 4.406382000000000000e+06
4.406970000000000000e+06 4.407248000000000000e+06
4.407676000000000000e+06 4.407832000000000000e+06
4.414532000000000000e+06 4.414754000000000000e+06
4.414579000000000000e+06 4.414697000000000000e+06
4.419926000000000000e+06 4.420026000000000000e+06
4.420857000000000000e+06 4.420959000000000000e+06
4.420870000000000000e+06 4.421026000000000000e+06
4.435190000000000000e+06 4.435370000000000000e+06
4.436235000000000000e+06 4.436443000000000000e+06
4.443613000000000000e+06 4.443800000000000000e+06
4.455754000000000000e+06 4.455959000000000000e+06
4.456026000000000000e+06 4.456206000000000000e+06
4.456032000000000000e+06 4.456226000000000000e+06
4.459534000000000000e+06 4.459648000000000000e+06
4.462982000000000000e+06 4.463147000000000000e+06
4.467019000000000000e+06 4.467203000000000000e+06
4.467065000000000000e+06 4.467198000000000000e+06
4.470743000000000000e+06 4.471054000000000000e+06
4.476814000000000000e+06 4.476966000000000000e+06
4.478147000000000000e+06 4.478369000000000000e+06
4.478987000000000000e+06 4.479165000000000000e+06
4.479017000000000000e+06 4.479158000000000000e+06
4.479776000000000000e+06 4.479882000000000000e+06
4.479796000000000000e+06 4.479900000000000000e+06
4.484903000000000000e+06 4.485005000000000000e+06
4.489512000000000000e+06 4.489622000000000000e+06
4.511256000000000000e+06 4.511403000000000000e+06
4.513991000000000000e+06 4.514099000000000000e+06
4.520215000000000000e+06 4.520476000000000000e+06
4.520854000000000000e+06 4.521054000000000000e+06
4.523504000000000000e+06 4.523607000000000000e+06
4.525515000000000000e+06 4.525770000000000000e+06
4.525571000000000000e+06 4.525745000000000000e+06
4.527443000000000000e+06 4.527643000000000000e+06
4.528776000000000000e+06 4.529015000000000000e+06
4.533104000000000000e+06 4.533243000000000000e+06
4.544741000000000000e+06 4.544907000000000000e+06
4.546699000000000000e+06 4.546834000000000000e+06
4.547606000000000000e+06 4.547983000000000000e+06
4.547609000000000000e+06 4.547748000000000000e+06
4.548704000000000000e+06 4.548837000000000000e+06
4.548715000000000000e+06 4.548848000000000000e+06
4.550915000000000000e+06 4.551023000000000000e+06
4.552100000000000000e+06 4.552245000000000000e+06
4.554670000000000000e+06 4.554832000000000000e+06
4.556065000000000000e+06 4.556259000000000000e+06
4.556073000000000000e+06 4.556193000000000000e+06
4.560326000000000000e+06 4.560609000000000000e+06
4.562475000000000000e+06 4.562693000000000000e+06
4.562482000000000000e+06 4.562759000000000000e+06
4.567173000000000000e+06 4.567318000000000000e+06
4.567176000000000000e+06 4.567409000000000000e+06
4.567593000000000000e+06 4.567804000000000000e+06
4.571934000000000000e+06 4.572123000000000000e+06
4.577198000000000000e+06 4.577326000000000000e+06
4.578743000000000000e+06 4.578943000000000000e+06
4.578764000000000000e+06 4.578915000000000000e+06
4.580371000000000000e+06 4.580752000000000000e+06
4.580498000000000000e+06 4.580629000000000000e+06
4.580504000000000000e+06 4.580687000000000000e+06
4.582736000000000000e+06 4.582875000000000000e+06
4.587054000000000000e+06 4.587237000000000000e+06
4.589632000000000000e+06 4.589770000000000000e+06
4.590746000000000000e+06 4.590862000000000000e+06
4.599398000000000000e+06 4.599659000000000000e+06
4.603594000000000000e+06 4.603720000000000000e+06
4.604480000000000000e+06 4.604590000000000000e+06
4.605920000000000000e+06 4.606143000000000000e+06
4.605976000000000000e+06 4.606092000000000000e+06
4.607082000000000000e+06 4.607573000000000000e+06
4.607143000000000000e+06 4.607520000000000000e+06
4.609370000000000000e+06 4.609582000000000000e+06
4.610304000000000000e+06 4.610543000000000000e+06
4.610309000000000000e+06 4.610472000000000000e+06
4.617704000000000000e+06 4.617826000000000000e+06
4.617821000000000000e+06 4.617927000000000000e+06
4.619043000000000000e+06 4.619182000000000000e+06
4.622159000000000000e+06 4.622398000000000000e+06
4.622160000000000000e+06 4.622357000000000000e+06
4.623600000000000000e+06 4.623948000000000000e+06
4.624874000000000000e+06 4.624994000000000000e+06
4.624662000000000000e+06 4.624976000000000000e+06
4.626315000000000000e+06 4.626465000000000000e+06
4.628309000000000000e+06 4.628526000000000000e+06
4.628448000000000000e+06 4.628549000000000000e+06
4.635748000000000000e+06 4.635959000000000000e+06
4.638365000000000000e+06 4.638748000000000000e+06
4.638396000000000000e+06 4.638532000000000000e+06
4.638576000000000000e+06 4.638703000000000000e+06
4.642132000000000000e+06 4.642354000000000000e+06
4.642176000000000000e+06 4.642289000000000000e+06
4.643167000000000000e+06 4.643344000000000000e+06
4.646642000000000000e+06 4.646948000000000000e+06
4.646787000000000000e+06 4.646970000000000000e+06
4.647820000000000000e+06 4.647957000000000000e+06
4.647848000000000000e+06 4.648059000000000000e+06
4.649124000000000000e+06 4.649341000000000000e+06
4.653370000000000000e+06 4.653609000000000000e+06
4.656070000000000000e+06 4.656348000000000000e+06
4.656088000000000000e+06 4.656198000000000000e+06
4.673076000000000000e+06 4.673282000000000000e+06
4.673094000000000000e+06 4.673232000000000000e+06
4.674624000000000000e+06 4.674857000000000000e+06
4.680854000000000000e+06 4.681104000000000000e+06
4.682032000000000000e+06 4.682287000000000000e+06
4.684993000000000000e+06 4.685093000000000000e+06
4.688743000000000000e+06 4.688893000000000000e+06
4.688765000000000000e+06 4.688974000000000000e+06
4.694965000000000000e+06 4.695120000000000000e+06
4.694970000000000000e+06 4.695137000000000000e+06
4.695022000000000000e+06 4.695159000000000000e+06
4.701172000000000000e+06 4.701305000000000000e+06
4.701729000000000000e+06 4.701897000000000000e+06
4.702858000000000000e+06 4.703049000000000000e+06
4.705238000000000000e+06 4.705367000000000000e+06
4.706226000000000000e+06 4.706420000000000000e+06
4.707387000000000000e+06 4.707593000000000000e+06
4.711220000000000000e+06 4.711393000000000000e+06
4.723359000000000000e+06 4.723502000000000000e+06
4.728472000000000000e+06 4.728665000000000000e+06
4.732618000000000000e+06 4.732722000000000000e+06
4.732681000000000000e+06 4.732774000000000000e+06
4.734908000000000000e+06 4.735016000000000000e+06
4.734937000000000000e+06 4.735176000000000000e+06
4.742870000000000000e+06 4.742989000000000000e+06
4.742898000000000000e+06 4.742987000000000000e+06
4.744010000000000000e+06 4.744131000000000000e+06
4.744037000000000000e+06 4.744182000000000000e+06
4.748026000000000000e+06 4.748244000000000000e+06
4.750081000000000000e+06 4.750224000000000000e+06
4.750159000000000000e+06 4.750237000000000000e+06
4.756576000000000000e+06 4.756759000000000000e+06
4.758609000000000000e+06 4.758732000000000000e+06
4.770815000000000000e+06 4.770920000000000000e+06
4.771596000000000000e+06 4.771744000000000000e+06
4.779842000000000000e+06 4.779954000000000000e+06
4.785318000000000000e+06 4.785465000000000000e+06
4.785322000000000000e+06 4.785450000000000000e+06
4.788561000000000000e+06 4.788712000000000000e+06
4.794698000000000000e+06 4.794867000000000000e+06
4.804832000000000000e+06 4.804976000000000000e+06
4.805776000000000000e+06 4.805893000000000000e+06
4.808028000000000000e+06 4.808206000000000000e+06
4.820659000000000000e+06 4.820920000000000000e+06
4.820714000000000000e+06 4.820878000000000000e+06
4.829281000000000000e+06 4.829456000000000000e+06
4.829287000000000000e+06 4.829454000000000000e+06
4.829987000000000000e+06 4.830170000000000000e+06
4.830066000000000000e+06 4.830178000000000000e+06
4.853214000000000000e+06 4.853366000000000000e+06
4.865222000000000000e+06 4.865344000000000000e+06
4.879048000000000000e+06 4.879154000000000000e+06
4.896179000000000000e+06 4.896281000000000000e+06
4.896193000000000000e+06 4.896332000000000000e+06
4.901659000000000000e+06 4.901787000000000000e+06
4.901696000000000000e+06 4.901815000000000000e+06
4.923850000000000000e+06 4.923978000000000000e+06
4.940257000000000000e+06 4.940386000000000000e+06
4.940287000000000000e+06 4.940504000000000000e+06
5.014332000000000000e+06 5.014470000000000000e+06
5.014340000000000000e+06 5.014445000000000000e+06
5.014948000000000000e+06 5.015048000000000000e+06
5.039500000000000000e+06 5.039611000000000000e+06
5.043511000000000000e+06 5.043614000000000000e+06
5.122651000000000000e+06 5.122774000000000000e+06
5.124676000000000000e+06 5.124808000000000000e+06
5.130883000000000000e+06 5.131051000000000000e+06
5.130920000000000000e+06 5.131059000000000000e+06
5.131504000000000000e+06 5.131626000000000000e+06
5.131522000000000000e+06 5.131695000000000000e+06
5.132348000000000000e+06 5.132482000000000000e+06
5.133565000000000000e+06 5.133725000000000000e+06
5.133598000000000000e+06 5.133770000000000000e+06
5.133917000000000000e+06 5.134059000000000000e+06
5.146106000000000000e+06 5.146222000000000000e+06
5.147868000000000000e+06 5.147997000000000000e+06
5.158782000000000000e+06 5.158887000000000000e+06
5.162540000000000000e+06 5.162774000000000000e+06
5.162615000000000000e+06 5.162759000000000000e+06
5.274622000000000000e+06 5.274782000000000000e+06
5.293820000000000000e+06 5.294043000000000000e+06
5.293850000000000000e+06 5.294025000000000000e+06
5.295622000000000000e+06 5.295753000000000000e+06
5.487048000000000000e+06 5.487259000000000000e+06
5.488057000000000000e+06 5.488242000000000000e+06
5.489782000000000000e+06 5.489982000000000000e+06
5.489858000000000000e+06 5.489962000000000000e+06
5.491053000000000000e+06 5.491154000000000000e+06
5.496076000000000000e+06 5.496226000000000000e+06
5.496620000000000000e+06 5.496815000000000000e+06
5.496658000000000000e+06 5.496828000000000000e+06
5.497793000000000000e+06 5.498020000000000000e+06
5.498875000000000000e+06 5.499079000000000000e+06
5.498909000000000000e+06 5.499159000000000000e+06
5.500932000000000000e+06 5.501176000000000000e+06
5.502087000000000000e+06 5.502393000000000000e+06
5.502111000000000000e+06 5.502273000000000000e+06
5.504038000000000000e+06 5.504176000000000000e+06
5.505054000000000000e+06 5.505182000000000000e+06
5.506743000000000000e+06 5.506931000000000000e+06
5.507704000000000000e+06 5.507898000000000000e+06
5.507738000000000000e+06 5.507850000000000000e+06
5.508398000000000000e+06 5.508609000000000000e+06
5.508457000000000000e+06 5.508599000000000000e+06
5.509376000000000000e+06 5.509693000000000000e+06
5.509384000000000000e+06 5.509554000000000000e+06
5.511326000000000000e+06 5.511470000000000000e+06
5.511360000000000000e+06 5.511472000000000000e+06
5.513987000000000000e+06 5.514276000000000000e+06
5.514041000000000000e+06 5.514264000000000000e+06
5.515904000000000000e+06 5.516093000000000000e+06
5.517676000000000000e+06 5.517976000000000000e+06
5.517747000000000000e+06 5.517863000000000000e+06
5.519182000000000000e+06 5.519370000000000000e+06
5.520716000000000000e+06 5.521017000000000000e+06
5.522198000000000000e+06 5.522604000000000000e+06
5.522318000000000000e+06 5.522503000000000000e+06
5.523102000000000000e+06 5.523310000000000000e+06
5.524712000000000000e+06 5.524888000000000000e+06
5.527646000000000000e+06 5.527923000000000000e+06
5.527782000000000000e+06 5.527943000000000000e+06
5.530757000000000000e+06 5.530930000000000000e+06
5.530809000000000000e+06 5.530998000000000000e+06
5.533082000000000000e+06 5.533332000000000000e+06
5.533126000000000000e+06 5.533247000000000000e+06
5.533587000000000000e+06 5.533820000000000000e+06
5.533634000000000000e+06 5.533738000000000000e+06
5.534732000000000000e+06 5.535043000000000000e+06
5.534742000000000000e+06 5.534969000000000000e+06
5.536026000000000000e+06 5.536230000000000000e+06
5.537383000000000000e+06 5.537520000000000000e+06
5.538293000000000000e+06 5.538498000000000000e+06
5.539304000000000000e+06 5.539454000000000000e+06
5.546870000000000000e+06 5.547019000000000000e+06
5.548011000000000000e+06 5.548164000000000000e+06
5.550839000000000000e+06 5.551012000000000000e+06
5.550876000000000000e+06 5.551070000000000000e+06
5.555365000000000000e+06 5.555520000000000000e+06
5.557598000000000000e+06 5.557832000000000000e+06
5.557696000000000000e+06 5.557827000000000000e+06
5.559015000000000000e+06 5.559159000000000000e+06
5.561232000000000000e+06 5.561482000000000000e+06
5.561267000000000000e+06 5.561465000000000000e+06
5.563307000000000000e+06 5.563634000000000000e+06
5.566837000000000000e+06 5.567009000000000000e+06
5.569770000000000000e+06 5.569887000000000000e+06
5.570709000000000000e+06 5.570898000000000000e+06
5.571570000000000000e+06 5.571693000000000000e+06
5.572124000000000000e+06 5.572290000000000000e+06
5.575742000000000000e+06 5.575957000000000000e+06
5.578159000000000000e+06 5.578309000000000000e+06
5.578228000000000000e+06 5.578340000000000000e+06
5.579420000000000000e+06 5.579570000000000000e+06
5.585598000000000000e+06 5.585843000000000000e+06
5.585624000000000000e+06 5.585896000000000000e+06
5.586398000000000000e+06 5.586554000000000000e+06
5.588148000000000000e+06 5.588420000000000000e+06
5.600726000000000000e+06 5.600915000000000000e+06
5.600774000000000000e+06 5.600877000000000000e+06
5.600782000000000000e+06 5.600904000000000000e+06
5.601504000000000000e+06 5.601798000000000000e+06
5.601637000000000000e+06 5.601805000000000000e+06
5.602124000000000000e+06 5.602314000000000000e+06
5.603843000000000000e+06 5.603982000000000000e+06
5.606415000000000000e+06 5.606766000000000000e+06
5.609087000000000000e+06 5.609298000000000000e+06
5.610305000000000000e+06 5.610585000000000000e+06
5.611276000000000000e+06 5.611434000000000000e+06
5.613270000000000000e+06 5.613448000000000000e+06
5.629138000000000000e+06 5.629309000000000000e+06
5.629489000000000000e+06 5.629702000000000000e+06
5.630015000000000000e+06 5.630282000000000000e+06
5.630071000000000000e+06 5.630203000000000000e+06
5.630804000000000000e+06 5.631132000000000000e+06
5.630811000000000000e+06 5.630954000000000000e+06
5.631920000000000000e+06 5.632226000000000000e+06
5.631959000000000000e+06 5.632121000000000000e+06
5.634614000000000000e+06 5.634807000000000000e+06
5.634648000000000000e+06 5.634854000000000000e+06
5.636324000000000000e+06 5.636533000000000000e+06
5.636342000000000000e+06 5.636515000000000000e+06
5.637346000000000000e+06 5.637507000000000000e+06
5.640605000000000000e+06 5.640716000000000000e+06
5.641526000000000000e+06 5.641786000000000000e+06
5.641531000000000000e+06 5.641777000000000000e+06
5.642082000000000000e+06 5.642376000000000000e+06
5.642087000000000000e+06 5.642531000000000000e+06
5.642205000000000000e+06 5.642334000000000000e+06
5.644007000000000000e+06 5.644222000000000000e+06
5.648054000000000000e+06 5.648254000000000000e+06
5.654426000000000000e+06 5.654615000000000000e+06
5.654485000000000000e+06 5.654623000000000000e+06
5.655457000000000000e+06 5.655688000000000000e+06
5.655815000000000000e+06 5.655993000000000000e+06
5.656722000000000000e+06 5.656954000000000000e+06
5.656748000000000000e+06 5.657009000000000000e+06
5.657859000000000000e+06 5.658215000000000000e+06
5.657935000000000000e+06 5.658091000000000000e+06
5.658717000000000000e+06 5.658821000000000000e+06
5.660933000000000000e+06 5.661045000000000000e+06
5.661959000000000000e+06 5.662082000000000000e+06
5.661963000000000000e+06 5.662066000000000000e+06
5.662398000000000000e+06 5.662626000000000000e+06
5.662403000000000000e+06 5.662569000000000000e+06
5.663406000000000000e+06 5.663938000000000000e+06
5.663426000000000000e+06 5.663665000000000000e+06
5.663503000000000000e+06 5.663685000000000000e+06
5.663744000000000000e+06 5.663860000000000000e+06
5.663804000000000000e+06 5.663948000000000000e+06
5.664615000000000000e+06 5.664854000000000000e+06
5.664661000000000000e+06 5.664801000000000000e+06
5.665704000000000000e+06 5.665843000000000000e+06
5.665723000000000000e+06 5.665851000000000000e+06
5.666531000000000000e+06 5.666938000000000000e+06
5.666743000000000000e+06 5.666932000000000000e+06
5.667782000000000000e+06 5.668000000000000000e+06
5.667793000000000000e+06 5.668054000000000000e+06
5.668870000000000000e+06 5.669038000000000000e+06
5.670815000000000000e+06 5.671082000000000000e+06
5.671926000000000000e+06 5.672159000000000000e+06
5.672011000000000000e+06 5.672173000000000000e+06
5.673926000000000000e+06 5.674154000000000000e+06
5.673977000000000000e+06 5.674156000000000000e+06
5.674959000000000000e+06 5.675154000000000000e+06
5.676243000000000000e+06 5.676482000000000000e+06
5.686028000000000000e+06 5.686177000000000000e+06
5.686032000000000000e+06 5.686187000000000000e+06
5.686670000000000000e+06 5.686854000000000000e+06
5.688987000000000000e+06 5.689204000000000000e+06
5.689000000000000000e+06 5.689123000000000000e+06
5.689698000000000000e+06 5.690104000000000000e+06
5.689705000000000000e+06 5.689940000000000000e+06
5.690393000000000000e+06 5.690737000000000000e+06
5.690456000000000000e+06 5.690685000000000000e+06
5.691187000000000000e+06 5.691387000000000000e+06
5.691209000000000000e+06 5.691363000000000000e+06
5.691859000000000000e+06 5.692126000000000000e+06
5.692643000000000000e+06 5.692876000000000000e+06
5.692732000000000000e+06 5.692868000000000000e+06
5.693565000000000000e+06 5.693943000000000000e+06
5.697109000000000000e+06 5.697393000000000000e+06
5.697251000000000000e+06 5.697359000000000000e+06
5.699782000000000000e+06 5.699998000000000000e+06
5.699812000000000000e+06 5.699934000000000000e+06
5.702765000000000000e+06 5.703198000000000000e+06
5.703704000000000000e+06 5.703898000000000000e+06
5.704707000000000000e+06 5.704856000000000000e+06
5.706332000000000000e+06 5.706451000000000000e+06
5.707015000000000000e+06 5.707154000000000000e+06
5.707843000000000000e+06 5.708037000000000000e+06
5.707848000000000000e+06 5.708000000000000000e+06
5.708848000000000000e+06 5.709093000000000000e+06
5.713326000000000000e+06 5.713437000000000000e+06
5.714232000000000000e+06 5.714509000000000000e+06
5.714331000000000000e+06 5.714450000000000000e+06
5.717320000000000000e+06 5.717665000000000000e+06
5.718864000000000000e+06 5.719054000000000000e+06
5.726110000000000000e+06 5.726346000000000000e+06
5.726120000000000000e+06 5.726493000000000000e+06
5.727393000000000000e+06 5.727637000000000000e+06
5.727496000000000000e+06 5.727602000000000000e+06
5.733131000000000000e+06 5.733232000000000000e+06
5.733143000000000000e+06 5.733343000000000000e+06
5.735237000000000000e+06 5.735448000000000000e+06
5.737534000000000000e+06 5.737672000000000000e+06
5.739400000000000000e+06 5.739566000000000000e+06
5.739426000000000000e+06 5.739598000000000000e+06
5.740537000000000000e+06 5.740654000000000000e+06
5.741706000000000000e+06 5.741851000000000000e+06
5.743509000000000000e+06 5.743656000000000000e+06
5.750337000000000000e+06 5.750609000000000000e+06
5.751254000000000000e+06 5.751559000000000000e+06
5.754179000000000000e+06 5.754417000000000000e+06
5.754237000000000000e+06 5.754426000000000000e+06
5.758748000000000000e+06 5.758920000000000000e+06
5.758773000000000000e+06 5.758938000000000000e+06
5.759675000000000000e+06 5.759783000000000000e+06
5.760515000000000000e+06 5.760732000000000000e+06
5.760860000000000000e+06 5.760963000000000000e+06
5.767404000000000000e+06 5.767698000000000000e+06
5.767590000000000000e+06 5.767726000000000000e+06
5.768624000000000000e+06 5.768763000000000000e+06
5.769414000000000000e+06 5.769544000000000000e+06
5.771555000000000000e+06 5.771812000000000000e+06
5.772337000000000000e+06 5.772449000000000000e+06
5.773290000000000000e+06 5.773582000000000000e+06
5.776131000000000000e+06 5.776243000000000000e+06
5.785181000000000000e+06 5.785379000000000000e+06
5.785198000000000000e+06 5.785470000000000000e+06
5.786840000000000000e+06 5.787151000000000000e+06
5.787930000000000000e+06 5.788069000000000000e+06
5.791165000000000000e+06 5.791576000000000000e+06
5.792204000000000000e+06 5.792509000000000000e+06
5.792270000000000000e+06 5.792430000000000000e+06
5.793076000000000000e+06 5.793337000000000000e+06
5.793136000000000000e+06 5.793295000000000000e+06
5.793770000000000000e+06 5.794497000000000000e+06
5.793807000000000000e+06 5.794441000000000000e+06
5.793809000000000000e+06 5.794104000000000000e+06
5.793855000000000000e+06 5.794005000000000000e+06
5.794826000000000000e+06 5.795034000000000000e+06
5.794837000000000000e+06 5.795298000000000000e+06
5.795149000000000000e+06 5.795259000000000000e+06
5.795545000000000000e+06 5.795745000000000000e+06
5.798422000000000000e+06 5.798600000000000000e+06
5.799952000000000000e+06 5.800091000000000000e+06
5.802925000000000000e+06 5.803032000000000000e+06
5.804012000000000000e+06 5.804152000000000000e+06
5.805043000000000000e+06 5.805178000000000000e+06
5.809909000000000000e+06 5.810154000000000000e+06
5.809962000000000000e+06 5.810081000000000000e+06
5.814182000000000000e+06 5.814335000000000000e+06
5.816598000000000000e+06 5.816737000000000000e+06
5.823440000000000000e+06 5.823618000000000000e+06
5.823480000000000000e+06 5.823600000000000000e+06
5.823896000000000000e+06 5.824336000000000000e+06
5.823952000000000000e+06 5.824269000000000000e+06
5.824006000000000000e+06 5.824194000000000000e+06
5.825866000000000000e+06 5.826018000000000000e+06
5.825870000000000000e+06 5.826232000000000000e+06
5.829408000000000000e+06 5.829560000000000000e+06
5.830340000000000000e+06 5.830445000000000000e+06
5.831289000000000000e+06 5.831441000000000000e+06
5.834448000000000000e+06 5.834715000000000000e+06
5.834554000000000000e+06 5.834702000000000000e+06
5.835946000000000000e+06 5.836374000000000000e+06
5.836004000000000000e+06 5.836259000000000000e+06
5.839048000000000000e+06 5.839282000000000000e+06
5.839081000000000000e+06 5.839339000000000000e+06
5.839782000000000000e+06 5.839893000000000000e+06
5.840460000000000000e+06 5.840643000000000000e+06
5.842438000000000000e+06 5.842728000000000000e+06
5.845065000000000000e+06 5.845154000000000000e+06
5.845726000000000000e+06 5.845954000000000000e+06
5.846704000000000000e+06 5.846864000000000000e+06
5.846715000000000000e+06 5.847048000000000000e+06
5.847875000000000000e+06 5.848225000000000000e+06
5.847924000000000000e+06 5.848252000000000000e+06
5.849014000000000000e+06 5.849142000000000000e+06
5.851989000000000000e+06 5.852267000000000000e+06
5.874009000000000000e+06 5.874243000000000000e+06
5.874970000000000000e+06 5.875182000000000000e+06
5.874992000000000000e+06 5.875226000000000000e+06
5.875799000000000000e+06 5.875983000000000000e+06
5.875809000000000000e+06 5.875998000000000000e+06
5.876659000000000000e+06 5.876904000000000000e+06
5.876717000000000000e+06 5.876874000000000000e+06
5.877313000000000000e+06 5.877536000000000000e+06
5.877320000000000000e+06 5.877593000000000000e+06
5.878398000000000000e+06 5.878498000000000000e+06
5.879214000000000000e+06 5.879346000000000000e+06
5.879226000000000000e+06 5.879454000000000000e+06
5.880147000000000000e+06 5.880312000000000000e+06
5.882370000000000000e+06 5.882609000000000000e+06
5.882464000000000000e+06 5.882578000000000000e+06
5.883448000000000000e+06 5.883632000000000000e+06
5.884221000000000000e+06 5.884420000000000000e+06
5.885067000000000000e+06 5.885195000000000000e+06
5.886752000000000000e+06 5.887002000000000000e+06
5.886759000000000000e+06 5.886904000000000000e+06
5.889382000000000000e+06 5.889515000000000000e+06
5.900454000000000000e+06 5.900626000000000000e+06
5.901932000000000000e+06 5.902048000000000000e+06
5.903745000000000000e+06 5.903955000000000000e+06
5.905337000000000000e+06 5.905487000000000000e+06
5.906087000000000000e+06 5.906248000000000000e+06
5.907173000000000000e+06 5.907316000000000000e+06
5.907957000000000000e+06 5.908145000000000000e+06
5.908669000000000000e+06 5.908955000000000000e+06
5.910270000000000000e+06 5.910476000000000000e+06
5.910665000000000000e+06 5.910909000000000000e+06
5.911770000000000000e+06 5.911885000000000000e+06
5.912904000000000000e+06 5.913065000000000000e+06
5.913704000000000000e+06 5.913987000000000000e+06
5.913719000000000000e+06 5.913957000000000000e+06
5.914450000000000000e+06 5.914967000000000000e+06
5.914504000000000000e+06 5.914765000000000000e+06
5.916479000000000000e+06 5.916835000000000000e+06
5.916487000000000000e+06 5.916648000000000000e+06
5.917285000000000000e+06 5.917913000000000000e+06
5.917576000000000000e+06 5.917698000000000000e+06
5.926263000000000000e+06 5.926515000000000000e+06
5.927135000000000000e+06 5.927378000000000000e+06
5.928176000000000000e+06 5.928398000000000000e+06
5.928176000000000000e+06 5.928404000000000000e+06
5.928204000000000000e+06 5.928366000000000000e+06
5.928887000000000000e+06 5.929204000000000000e+06
5.929582000000000000e+06 5.929720000000000000e+06
5.930020000000000000e+06 5.930193000000000000e+06
5.932110000000000000e+06 5.932605000000000000e+06
5.932276000000000000e+06 5.932409000000000000e+06
5.933937000000000000e+06 5.934076000000000000e+06
5.934860000000000000e+06 5.935059000000000000e+06
5.935705000000000000e+06 5.935833000000000000e+06
5.944687000000000000e+06 5.944976000000000000e+06
5.944699000000000000e+06 5.944927000000000000e+06
5.945503000000000000e+06 5.945616000000000000e+06
5.945515000000000000e+06 5.945687000000000000e+06
5.947032000000000000e+06 5.947409000000000000e+06
5.947102000000000000e+06 5.947236000000000000e+06
5.948148000000000000e+06 5.948387000000000000e+06
5.948188000000000000e+06 5.948318000000000000e+06
5.949632000000000000e+06 5.949782000000000000e+06
5.950832000000000000e+06 5.951115000000000000e+06
5.950854000000000000e+06 5.950972000000000000e+06
5.951648000000000000e+06 5.951826000000000000e+06
5.953565000000000000e+06 5.953876000000000000e+06
5.955538000000000000e+06 5.955672000000000000e+06
5.956415000000000000e+06 5.956548000000000000e+06
5.957037000000000000e+06 5.957415000000000000e+06
5.958358000000000000e+06 5.958528000000000000e+06
5.960343000000000000e+06 5.960470000000000000e+06
5.961176000000000000e+06 5.961454000000000000e+06
5.961201000000000000e+06 5.961448000000000000e+06
5.962205000000000000e+06 5.962334000000000000e+06
5.962943000000000000e+06 5.963170000000000000e+06
5.966204000000000000e+06 5.966582000000000000e+06
5.966456000000000000e+06 5.966557000000000000e+06
5.968065000000000000e+06 5.968415000000000000e+06
5.968882000000000000e+06 5.969109000000000000e+06
5.968902000000000000e+06 5.969078000000000000e+06
5.969782000000000000e+06 5.970009000000000000e+06
5.970631000000000000e+06 5.970828000000000000e+06
5.970637000000000000e+06 5.970743000000000000e+06
5.982159000000000000e+06 5.982420000000000000e+06
5.983758000000000000e+06 5.983958000000000000e+06
5.984654000000000000e+06 5.984876000000000000e+06
5.984706000000000000e+06 5.984807000000000000e+06
5.985648000000000000e+06 5.985782000000000000e+06
5.986608000000000000e+06 5.986756000000000000e+06
5.986809000000000000e+06 5.986920000000000000e+06
5.992215000000000000e+06 5.992398000000000000e+06
5.993659000000000000e+06 5.993832000000000000e+06
5.993673000000000000e+06 5.993824000000000000e+06
5.994554000000000000e+06 5.994734000000000000e+06
5.994570000000000000e+06 5.994726000000000000e+06
5.997231000000000000e+06 5.997374000000000000e+06
6.003382000000000000e+06 6.003737000000000000e+06
6.003469000000000000e+06 6.003705000000000000e+06
6.004931000000000000e+06 6.005256000000000000e+06
6.017538000000000000e+06 6.017822000000000000e+06
6.019130000000000000e+06 6.019334000000000000e+06
6.019220000000000000e+06 6.019343000000000000e+06
6.021148000000000000e+06 6.021354000000000000e+06
6.021166000000000000e+06 6.021271000000000000e+06
6.022926000000000000e+06 6.023076000000000000e+06
6.022940000000000000e+06 6.023174000000000000e+06
6.023887000000000000e+06 6.024104000000000000e+06
6.024943000000000000e+06 6.025215000000000000e+06
6.025023000000000000e+06 6.025173000000000000e+06
6.026526000000000000e+06 6.026662000000000000e+06
6.040753000000000000e+06 6.040888000000000000e+06
6.043643000000000000e+06 6.043837000000000000e+06
6.043662000000000000e+06 6.043813000000000000e+06
6.047593000000000000e+06 6.047782000000000000e+06
6.047645000000000000e+06 6.047750000000000000e+06
6.048766000000000000e+06 6.048900000000000000e+06
6.050611000000000000e+06 6.050868000000000000e+06
6.050654000000000000e+06 6.050837000000000000e+06
6.053220000000000000e+06 6.053387000000000000e+06
6.053246000000000000e+06 6.053392000000000000e+06
6.058624000000000000e+06 6.058952000000000000e+06
6.058798000000000000e+06 6.058948000000000000e+06
6.059793000000000000e+06 6.059993000000000000e+06
6.064887000000000000e+06 6.065093000000000000e+06
6.066876000000000000e+06 6.067087000000000000e+06
6.066883000000000000e+06 6.067082000000000000e+06
6.067793000000000000e+06 6.067937000000000000e+06
6.069209000000000000e+06 6.069472000000000000e+06
6.070282000000000000e+06 6.070415000000000000e+06
6.070798000000000000e+06 6.070993000000000000e+06
6.070826000000000000e+06 6.070990000000000000e+06
6.072015000000000000e+06 6.072287000000000000e+06
6.072097000000000000e+06 6.072210000000000000e+06
6.074837000000000000e+06 6.074993000000000000e+06
6.076251000000000000e+06 6.076383000000000000e+06
6.077528000000000000e+06 6.077660000000000000e+06
6.077543000000000000e+06 6.077748000000000000e+06
6.080615000000000000e+06 6.080782000000000000e+06
6.080627000000000000e+06 6.080745000000000000e+06
6.081691000000000000e+06 6.081892000000000000e+06
6.108556000000000000e+06 6.108712000000000000e+06
6.110698000000000000e+06 6.110865000000000000e+06
6.112765000000000000e+06 6.113076000000000000e+06
6.113359000000000000e+06 6.113587000000000000e+06
6.113365000000000000e+06 6.113609000000000000e+06
6.113480000000000000e+06 6.113584000000000000e+06
6.115011000000000000e+06 6.115275000000000000e+06
6.115987000000000000e+06 6.116182000000000000e+06
6.116400000000000000e+06 6.116795000000000000e+06
6.116554000000000000e+06 6.116798000000000000e+06
6.116581000000000000e+06 6.116736000000000000e+06
6.136085000000000000e+06 6.136292000000000000e+06
6.138543000000000000e+06 6.138659000000000000e+06
6.138926000000000000e+06 6.139065000000000000e+06
6.138927000000000000e+06 6.139118000000000000e+06
6.139954000000000000e+06 6.140237000000000000e+06
6.140024000000000000e+06 6.140199000000000000e+06
6.140792000000000000e+06 6.140930000000000000e+06
6.142015000000000000e+06 6.142204000000000000e+06
6.143748000000000000e+06 6.144148000000000000e+06
6.143882000000000000e+06 6.143983000000000000e+06
6.144620000000000000e+06 6.144832000000000000e+06
6.145387000000000000e+06 6.145676000000000000e+06
6.145412000000000000e+06 6.145563000000000000e+06
6.148082000000000000e+06 6.148237000000000000e+06
6.148112000000000000e+06 6.148231000000000000e+06
6.149137000000000000e+06 6.149309000000000000e+06
6.153204000000000000e+06 6.153365000000000000e+06
6.157215000000000000e+06 6.157415000000000000e+06
6.157307000000000000e+06 6.157419000000000000e+06
6.159232000000000000e+06 6.159493000000000000e+06
6.159262000000000000e+06 6.159446000000000000e+06
6.160911000000000000e+06 6.161040000000000000e+06
6.162687000000000000e+06 6.162865000000000000e+06
6.163645000000000000e+06 6.163750000000000000e+06
6.164618000000000000e+06 6.164777000000000000e+06
6.168022000000000000e+06 6.168216000000000000e+06
6.169176000000000000e+06 6.169296000000000000e+06
6.175332000000000000e+06 6.175461000000000000e+06
6.179570000000000000e+06 6.179754000000000000e+06
6.181605000000000000e+06 6.181809000000000000e+06
6.181637000000000000e+06 6.181750000000000000e+06
6.183554000000000000e+06 6.183790000000000000e+06
6.186800000000000000e+06 6.187165000000000000e+06
6.186843000000000000e+06 6.187009000000000000e+06
6.186848000000000000e+06 6.186958000000000000e+06
6.244598000000000000e+06 6.244970000000000000e+06
6.244653000000000000e+06 6.244854000000000000e+06
6.246564000000000000e+06 6.246726000000000000e+06
6.247272000000000000e+06 6.247642000000000000e+06
6.247477000000000000e+06 6.247601000000000000e+06
6.248204000000000000e+06 6.248337000000000000e+06
6.249609000000000000e+06 6.249809000000000000e+06
6.253178000000000000e+06 6.253445000000000000e+06
6.253315000000000000e+06 6.253443000000000000e+06
6.255776000000000000e+06 6.256059000000000000e+06
6.256893000000000000e+06 6.257048000000000000e+06
6.258598000000000000e+06 6.258793000000000000e+06
6.261028000000000000e+06 6.261297000000000000e+06
6.261641000000000000e+06 6.261887000000000000e+06
6.261720000000000000e+06 6.261882000000000000e+06
6.262609000000000000e+06 6.262898000000000000e+06
6.265038000000000000e+06 6.265176000000000000e+06
6.266204000000000000e+06 6.266565000000000000e+06
6.268310000000000000e+06 6.268509000000000000e+06
6.270619000000000000e+06 6.270874000000000000e+06
6.271587000000000000e+06 6.271782000000000000e+06
6.272707000000000000e+06 6.272824000000000000e+06
6.277847000000000000e+06 6.277996000000000000e+06
6.283178000000000000e+06 6.283280000000000000e+06
6.283326000000000000e+06 6.283465000000000000e+06
6.288286000000000000e+06 6.288448000000000000e+06
6.290059000000000000e+06 6.290204000000000000e+06
6.292104000000000000e+06 6.292256000000000000e+06
6.295031000000000000e+06 6.295249000000000000e+06
6.303548000000000000e+06 6.303808000000000000e+06
6.306126000000000000e+06 6.306297000000000000e+06
6.313403000000000000e+06 6.313531000000000000e+06
6.313420000000000000e+06 6.313659000000000000e+06
6.314908000000000000e+06 6.315119000000000000e+06
6.317948000000000000e+06 6.318017000000000000e+06
6.318876000000000000e+06 6.319082000000000000e+06
6.319420000000000000e+06 6.319654000000000000e+06
6.353832000000000000e+06 6.353998000000000000e+06
6.356845000000000000e+06 6.357022000000000000e+06
6.357843000000000000e+06 6.357988000000000000e+06
6.361013000000000000e+06 6.361140000000000000e+06
6.363720000000000000e+06 6.363882000000000000e+06
6.369470000000000000e+06 6.369604000000000000e+06
6.370380000000000000e+06 6.370511000000000000e+06
6.371711000000000000e+06 6.371934000000000000e+06
6.374980000000000000e+06 6.375225000000000000e+06
6.876998000000000000e+06 6.877187000000000000e+06
6.878043000000000000e+06 6.878223000000000000e+06
6.888476000000000000e+06 6.888626000000000000e+06
6.903792000000000000e+06 6.903917000000000000e+06
6.929043000000000000e+06 6.929276000000000000e+06
6.953499000000000000e+06 6.953670000000000000e+06
6.959387000000000000e+06 6.959554000000000000e+06
6.961834000000000000e+06 6.961993000000000000e+06
6.961837000000000000e+06 6.962037000000000000e+06
6.970787000000000000e+06 6.970932000000000000e+06
6.973387000000000000e+06 6.973498000000000000e+06
6.973859000000000000e+06 6.973982000000000000e+06
6.978727000000000000e+06 6.978877000000000000e+06
6.978815000000000000e+06 6.978954000000000000e+06
6.985754000000000000e+06 6.985943000000000000e+06
6.985755000000000000e+06 6.985939000000000000e+06
6.986604000000000000e+06 6.986948000000000000e+06
6.986613000000000000e+06 6.986834000000000000e+06
6.989072000000000000e+06 6.989216000000000000e+06
6.989255000000000000e+06 6.989394000000000000e+06
6.990982000000000000e+06 6.991109000000000000e+06
7.001474000000000000e+06 7.001641000000000000e+06
7.002809000000000000e+06 7.002920000000000000e+06
7.004259000000000000e+06 7.004487000000000000e+06
7.004309000000000000e+06 7.004661000000000000e+06
7.014315000000000000e+06 7.014465000000000000e+06
7.014354000000000000e+06 7.014460000000000000e+06
7.015725000000000000e+06 7.015914000000000000e+06
7.016504000000000000e+06 7.016604000000000000e+06
7.020109000000000000e+06 7.020215000000000000e+06
7.021053000000000000e+06 7.021155000000000000e+06
7.023398000000000000e+06 7.023709000000000000e+06
7.023557000000000000e+06 7.023705000000000000e+06
7.051812000000000000e+06 7.051949000000000000e+06
7.054934000000000000e+06 7.055080000000000000e+06
7.058718000000000000e+06 7.058930000000000000e+06
7.071685000000000000e+06 7.071802000000000000e+06
7.072947000000000000e+06 7.073172000000000000e+06
7.073133000000000000e+06 7.073823000000000000e+06
7.073404000000000000e+06 7.073848000000000000e+06
7.078882000000000000e+06 7.079098000000000000e+06
7.084026000000000000e+06 7.084213000000000000e+06
7.095504000000000000e+06 7.095676000000000000e+06
