1.709587000000000000e+06 1.709765000000000000e+06
1.711619000000000000e+06 1.711800000000000000e+06
1.713355000000000000e+06 1.713827000000000000e+06
1.719526000000000000e+06 1.719809000000000000e+06
1.720459000000000000e+06 1.720770000000000000e+06
1.728229000000000000e+06 1.728422000000000000e+06
1.732701000000000000e+06 1.732842000000000000e+06
1.737289000000000000e+06 1.737624000000000000e+06
1.744753000000000000e+06 1.745026000000000000e+06
1.748374000000000000e+06 1.748573000000000000e+06
1.749550000000000000e+06 1.749850000000000000e+06
1.750253000000000000e+06 1.750508000000000000e+06
1.750948000000000000e+06 1.751132000000000000e+06
1.751743000000000000e+06 1.751954000000000000e+06
1.754609000000000000e+06 1.754759000000000000e+06
1.756680000000000000e+06 1.757062000000000000e+06
1.766753000000000000e+06 1.766902000000000000e+06
1.768795000000000000e+06 1.768929000000000000e+06
1.769588000000000000e+06 1.769786000000000000e+06
1.771684000000000000e+06 1.771800000000000000e+06
1.772966000000000000e+06 1.773064000000000000e+06
1.773716000000000000e+06 1.774082000000000000e+06
1.775355000000000000e+06 1.775480000000000000e+06
1.778270000000000000e+06 1.778482000000000000e+06
1.780304000000000000e+06 1.780455000000000000e+06
1.781193000000000000e+06 1.781293000000000000e+06
1.781809000000000000e+06 1.781904000000000000e+06
1.783526000000000000e+06 1.783624000000000000e+06
1.784559000000000000e+06 1.784670000000000000e+06
1.784959000000000000e+06 1.785093000000000000e+06
1.785937000000000000e+06 1.786408000000000000e+06
1.787043000000000000e+06 1.787220000000000000e+06
1.788767000000000000e+06 1.788856000000000000e+06
1.801521000000000000e+06 1.801793000000000000e+06
1.802237000000000000e+06 1.802562000000000000e+06
1.802881000000000000e+06 1.803058000000000000e+06
1.805483000000000000e+06 1.805938000000000000e+06
1.813832000000000000e+06 1.813904000000000000e+06
1.814425000000000000e+06 1.814550000000000000e+06
1.817059000000000000e+06 1.817148000000000000e+06
1.817532000000000000e+06 1.817598000000000000e+06
1.818962000000000000e+06 1.819175000000000000e+06
1.821673000000000000e+06 1.821867000000000000e+06
1.822934000000000000e+06 1.823028000000000000e+06
1.824092000000000000e+06 1.824412000000000000e+06
1.825324000000000000e+06 1.825753000000000000e+06
1.826854000000000000e+06 1.827106000000000000e+06
1.831191000000000000e+06 1.831406000000000000e+06
1.831770000000000000e+06 1.831920000000000000e+06
1.833247000000000000e+06 1.833420000000000000e+06
1.833958000000000000e+06 1.834403000000000000e+06
1.838389000000000000e+06 1.838588000000000000e+06
1.838917000000000000e+06 1.838985000000000000e+06
1.840632000000000000e+06 1.840859000000000000e+06
1.845172000000000000e+06 1.845340000000000000e+06
1.845709000000000000e+06 1.845787000000000000e+06
1.848970000000000000e+06 1.849093000000000000e+06
1.849126000000000000e+06 1.849237000000000000e+06
1.854579000000000000e+06 1.854668000000000000e+06
1.855897000000000000e+06 1.856023000000000000e+06
1.860670000000000000e+06 1.860804000000000000e+06
1.867043000000000000e+06 1.867209000000000000e+06
1.868215000000000000e+06 1.868420000000000000e+06
1.871245000000000000e+06 1.871433000000000000e+06
1.872026000000000000e+06 1.872120000000000000e+06
1.874148000000000000e+06 1.874248000000000000e+06
1.876204000000000000e+06 1.876359000000000000e+06
1.881982000000000000e+06 1.882126000000000000e+06
1.884263000000000000e+06 1.884438000000000000e+06
1.885026000000000000e+06 1.885161000000000000e+06
1.888758000000000000e+06 1.888860000000000000e+06
1.892679000000000000e+06 1.892786000000000000e+06
1.893922000000000000e+06 1.894033000000000000e+06
1.895622000000000000e+06 1.895716000000000000e+06
1.897698000000000000e+06 1.897923000000000000e+06
1.898499000000000000e+06 1.898703000000000000e+06
1.901700000000000000e+06 1.901820000000000000e+06
1.906009000000000000e+06 1.906115000000000000e+06
1.913041000000000000e+06 1.913151000000000000e+06
1.915238000000000000e+06 1.915526000000000000e+06
1.917115000000000000e+06 1.917259000000000000e+06
1.922293000000000000e+06 1.922435000000000000e+06
1.924564000000000000e+06 1.924795000000000000e+06
1.937261000000000000e+06 1.937418000000000000e+06
1.953363000000000000e+06 1.953478000000000000e+06
1.955355000000000000e+06 1.955444000000000000e+06
1.960065000000000000e+06 1.960254000000000000e+06
1.962457000000000000e+06 1.962591000000000000e+06
1.963615000000000000e+06 1.963683000000000000e+06
1.964300000000000000e+06 1.964514000000000000e+06
1.969565000000000000e+06 1.969715000000000000e+06
1.974145000000000000e+06 1.974375000000000000e+06
1.976459000000000000e+06 1.976648000000000000e+06
1.977995000000000000e+06 1.978100000000000000e+06
1.979104000000000000e+06 1.979198000000000000e+06
1.980022000000000000e+06 1.980168000000000000e+06
1.980430000000000000e+06 1.980592000000000000e+06
1.989487000000000000e+06 1.989616000000000000e+06
1.996536000000000000e+06 1.996636000000000000e+06
2.002105000000000000e+06 2.002272000000000000e+06
2.005712000000000000e+06 2.005795000000000000e+06
2.008912000000000000e+06 2.009071000000000000e+06
2.012116000000000000e+06 2.012266000000000000e+06
2.015506000000000000e+06 2.015586000000000000e+06
2.017994000000000000e+06 2.018240000000000000e+06
2.019532000000000000e+06 2.019762000000000000e+06
2.031909000000000000e+06 2.032018000000000000e+06
2.032160000000000000e+06 2.032222000000000000e+06
2.036031000000000000e+06 2.036147000000000000e+06
2.038800000000000000e+06 2.038878000000000000e+06
2.043425000000000000e+06 2.043452000000000000e+06
2.048220000000000000e+06 2.048454000000000000e+06
2.050974000000000000e+06 2.051031000000000000e+06
2.065113000000000000e+06 2.065321000000000000e+06
2.071929000000000000e+06 2.072098000000000000e+06
2.078271000000000000e+06 2.078386000000000000e+06
2.090637000000000000e+06 2.090770000000000000e+06
2.095330000000000000e+06 2.095476000000000000e+06
2.100869000000000000e+06 2.100994000000000000e+06
2.102802000000000000e+06 2.103012000000000000e+06
2.103503000000000000e+06 2.103639000000000000e+06
2.105088000000000000e+06 2.105167000000000000e+06
2.105747000000000000e+06 2.105852000000000000e+06
2.108249000000000000e+06 2.108329000000000000e+06
2.110774000000000000e+06 2.110952000000000000e+06
2.119636000000000000e+06 2.119761000000000000e+06
2.121080000000000000e+06 2.121325000000000000e+06
2.123320000000000000e+06 2.123404000000000000e+06
2.149636000000000000e+06 2.149703000000000000e+06
2.151526000000000000e+06 2.151643000000000000e+06
2.152089000000000000e+06 2.152204000000000000e+06
2.154043000000000000e+06 2.154346000000000000e+06
2.155222000000000000e+06 2.155343000000000000e+06
2.156392000000000000e+06 2.156501000000000000e+06
2.159250000000000000e+06 2.159392000000000000e+06
2.164220000000000000e+06 2.164415000000000000e+06
2.165176000000000000e+06 2.165282000000000000e+06
2.165990000000000000e+06 2.166273000000000000e+06
2.168787000000000000e+06 2.168937000000000000e+06
2.170732000000000000e+06 2.170806000000000000e+06
2.176465000000000000e+06 2.176565000000000000e+06
2.181137000000000000e+06 2.181272000000000000e+06
2.182212000000000000e+06 2.182397000000000000e+06
2.182957000000000000e+06 2.183099000000000000e+06
2.183570000000000000e+06 2.183659000000000000e+06
2.184848000000000000e+06 2.184965000000000000e+06
2.186897000000000000e+06 2.187003000000000000e+06
2.189577000000000000e+06 2.189662000000000000e+06
2.194387000000000000e+06 2.194502000000000000e+06
2.195054000000000000e+06 2.195151000000000000e+06
2.195734000000000000e+06 2.195854000000000000e+06
2.196456000000000000e+06 2.196744000000000000e+06
2.198805000000000000e+06 2.198925000000000000e+06
2.238760000000000000e+06 2.238833000000000000e+06
2.267364000000000000e+06 2.267453000000000000e+06
2.277223000000000000e+06 2.277485000000000000e+06
2.279896000000000000e+06 2.280148000000000000e+06
2.288690000000000000e+06 2.288763000000000000e+06
2.290428000000000000e+06 2.290543000000000000e+06
2.303598000000000000e+06 2.303682000000000000e+06
2.307759000000000000e+06 2.307876000000000000e+06
2.311842000000000000e+06 2.311921000000000000e+06
2.351070000000000000e+06 2.351195000000000000e+06
2.357766000000000000e+06 2.358158000000000000e+06
2.362301000000000000e+06 2.362400000000000000e+06
2.364864000000000000e+06 2.365168000000000000e+06
2.367048000000000000e+06 2.367263000000000000e+06
2.367633000000000000e+06 2.367753000000000000e+06
2.373069000000000000e+06 2.373174000000000000e+06
2.377636000000000000e+06 2.377808000000000000e+06
2.379974000000000000e+06 2.380079000000000000e+06
2.380942000000000000e+06 2.381088000000000000e+06
2.382841000000000000e+06 2.383050000000000000e+06
2.385148000000000000e+06 2.385252000000000000e+06
2.386984000000000000e+06 2.387214000000000000e+06
2.404476000000000000e+06 2.404576000000000000e+06
2.405182000000000000e+06 2.405397000000000000e+06
2.408588000000000000e+06 2.408682000000000000e+06
2.412732000000000000e+06 2.412860000000000000e+06
2.417443000000000000e+06 2.417624000000000000e+06
2.440876000000000000e+06 2.440959000000000000e+06
2.441564000000000000e+06 2.441643000000000000e+06
2.460752000000000000e+06 2.460893000000000000e+06
2.466270000000000000e+06 2.466454000000000000e+06
2.467552000000000000e+06 2.467866000000000000e+06
2.468823000000000000e+06 2.469038000000000000e+06
2.469692000000000000e+06 2.469948000000000000e+06
2.471261000000000000e+06 2.471580000000000000e+06
2.472587000000000000e+06 2.472739000000000000e+06
2.473021000000000000e+06 2.473419000000000000e+06
2.475820000000000000e+06 2.476165000000000000e+06
2.477202000000000000e+06 2.477434000000000000e+06
2.478446000000000000e+06 2.478671000000000000e+06
2.479978000000000000e+06 2.480224000000000000e+06
2.481276000000000000e+06 2.481469000000000000e+06
2.482013000000000000e+06 2.482238000000000000e+06
2.483049000000000000e+06 2.483279000000000000e+06
2.484137000000000000e+06 2.484488000000000000e+06
2.484916000000000000e+06 2.485100000000000000e+06
2.485576000000000000e+06 2.485687000000000000e+06
2.486348000000000000e+06 2.486493000000000000e+06
2.487338000000000000e+06 2.487558000000000000e+06
2.488031000000000000e+06 2.488165000000000000e+06
2.488693000000000000e+06 2.488808000000000000e+06
2.489729000000000000e+06 2.490043000000000000e+06
2.490593000000000000e+06 2.490776000000000000e+06
2.493741000000000000e+06 2.493903000000000000e+06
2.494960000000000000e+06 2.495133000000000000e+06
2.496004000000000000e+06 2.496093000000000000e+06
2.498243000000000000e+06 2.498493000000000000e+06
2.499553000000000000e+06 2.499705000000000000e+06
2.499914000000000000e+06 2.500343000000000000e+06
2.503254000000000000e+06 2.503448000000000000e+06
2.504376000000000000e+06 2.504569000000000000e+06
2.511509000000000000e+06 2.511648000000000000e+06
2.513520000000000000e+06 2.513754000000000000e+06
2.515026000000000000e+06 2.515356000000000000e+06
2.515609000000000000e+06 2.515876000000000000e+06
2.516209000000000000e+06 2.516448000000000000e+06
2.516626000000000000e+06 2.516843000000000000e+06
2.517017000000000000e+06 2.517420000000000000e+06
2.519126000000000000e+06 2.519376000000000000e+06
2.521045000000000000e+06 2.521186000000000000e+06
2.521893000000000000e+06 2.522215000000000000e+06
2.522404000000000000e+06 2.522765000000000000e+06
2.523320000000000000e+06 2.523487000000000000e+06
2.523775000000000000e+06 2.524256000000000000e+06
2.535887000000000000e+06 2.536148000000000000e+06
2.537215000000000000e+06 2.537454000000000000e+06
2.537859000000000000e+06 2.538143000000000000e+06
2.538493000000000000e+06 2.538698000000000000e+06
2.539232000000000000e+06 2.539448000000000000e+06
2.540135000000000000e+06 2.540449000000000000e+06
2.541398000000000000e+06 2.541665000000000000e+06
2.544639000000000000e+06 2.544728000000000000e+06
2.545068000000000000e+06 2.545445000000000000e+06
2.545876000000000000e+06 2.546198000000000000e+06
2.547004000000000000e+06 2.547215000000000000e+06
2.547832000000000000e+06 2.547987000000000000e+06
2.548376000000000000e+06 2.548532000000000000e+06
2.549109000000000000e+06 2.549309000000000000e+06
2.550299000000000000e+06 2.550420000000000000e+06
2.550902000000000000e+06 2.551494000000000000e+06
2.551664000000000000e+06 2.552004000000000000e+06
2.558554000000000000e+06 2.558721000000000000e+06
2.560782000000000000e+06 2.560904000000000000e+06
2.564754000000000000e+06 2.565043000000000000e+06
2.566198000000000000e+06 2.566327000000000000e+06
2.566937000000000000e+06 2.567032000000000000e+06
2.627460000000000000e+06 2.627695000000000000e+06
2.628064000000000000e+06 2.628216000000000000e+06
2.630172000000000000e+06 2.630392000000000000e+06
2.630993000000000000e+06 2.631159000000000000e+06
2.632593000000000000e+06 2.632809000000000000e+06
2.633044000000000000e+06 2.633232000000000000e+06
2.633457000000000000e+06 2.633650000000000000e+06
2.637109000000000000e+06 2.637276000000000000e+06
2.640148000000000000e+06 2.640304000000000000e+06
2.642393000000000000e+06 2.642582000000000000e+06
2.645937000000000000e+06 2.646182000000000000e+06
2.646593000000000000e+06 2.646809000000000000e+06
2.647642000000000000e+06 2.648105000000000000e+06
2.649485000000000000e+06 2.649668000000000000e+06
2.650040000000000000e+06 2.650142000000000000e+06
2.650487000000000000e+06 2.650859000000000000e+06
2.651076000000000000e+06 2.651459000000000000e+06
2.652520000000000000e+06 2.652754000000000000e+06
2.653365000000000000e+06 2.653698000000000000e+06
2.655171000000000000e+06 2.655616000000000000e+06
2.656531000000000000e+06 2.656793000000000000e+06
2.658715000000000000e+06 2.658930000000000000e+06
2.659586000000000000e+06 2.660339000000000000e+06
2.662016000000000000e+06 2.662387000000000000e+06
2.663554000000000000e+06 2.664045000000000000e+06
2.666478000000000000e+06 2.666917000000000000e+06
2.667597000000000000e+06 2.668058000000000000e+06
2.670022000000000000e+06 2.670346000000000000e+06
2.671026000000000000e+06 2.671382000000000000e+06
2.671947000000000000e+06 2.672261000000000000e+06
2.672465000000000000e+06 2.672915000000000000e+06
2.673603000000000000e+06 2.674094000000000000e+06
2.674732000000000000e+06 2.675036000000000000e+06
2.676276000000000000e+06 2.676565000000000000e+06
2.677081000000000000e+06 2.677719000000000000e+06
2.677220000000000000e+06 2.677426000000000000e+06
2.678087000000000000e+06 2.678248000000000000e+06
2.678739000000000000e+06 2.679043000000000000e+06
2.678782000000000000e+06 2.678976000000000000e+06
2.680079000000000000e+06 2.680523000000000000e+06
2.680372000000000000e+06 2.680523000000000000e+06
2.680420000000000000e+06 2.680537000000000000e+06
2.681938000000000000e+06 2.682189000000000000e+06
2.683497000000000000e+06 2.683623000000000000e+06
2.683748000000000000e+06 2.683868000000000000e+06
2.684250000000000000e+06 2.684397000000000000e+06
2.684818000000000000e+06 2.685257000000000000e+06
2.686073000000000000e+06 2.686398000000000000e+06
2.687020000000000000e+06 2.687303000000000000e+06
2.688291000000000000e+06 2.688668000000000000e+06
2.689154000000000000e+06 2.689437000000000000e+06
2.690007000000000000e+06 2.690776000000000000e+06
2.691090000000000000e+06 2.691634000000000000e+06
2.691974000000000000e+06 2.692225000000000000e+06
2.692481000000000000e+06 2.692832000000000000e+06
2.693093000000000000e+06 2.693276000000000000e+06
2.694359000000000000e+06 2.694498000000000000e+06
2.696012000000000000e+06 2.696650000000000000e+06
2.697336000000000000e+06 2.697571000000000000e+06
2.698576000000000000e+06 2.698863000000000000e+06
2.699580000000000000e+06 2.699794000000000000e+06
2.700485000000000000e+06 2.700862000000000000e+06
2.701474000000000000e+06 2.701672000000000000e+06
2.702980000000000000e+06 2.703404000000000000e+06
2.704277000000000000e+06 2.704664000000000000e+06
2.705645000000000000e+06 2.706116000000000000e+06
2.708708000000000000e+06 2.709216000000000000e+06
2.709937000000000000e+06 2.710319000000000000e+06
2.712554000000000000e+06 2.712743000000000000e+06
2.716301000000000000e+06 2.716458000000000000e+06
2.716735000000000000e+06 2.716876000000000000e+06
2.717378000000000000e+06 2.717891000000000000e+06
2.719120000000000000e+06 2.719497000000000000e+06
2.720193000000000000e+06 2.720585000000000000e+06
2.722426000000000000e+06 2.722740000000000000e+06
2.722908000000000000e+06 2.723033000000000000e+06
2.723650000000000000e+06 2.723980000000000000e+06
2.724383000000000000e+06 2.724550000000000000e+06
2.724828000000000000e+06 2.725011000000000000e+06
2.725889000000000000e+06 2.726151000000000000e+06
2.727243000000000000e+06 2.727498000000000000e+06
2.731526000000000000e+06 2.731715000000000000e+06
2.732517000000000000e+06 2.732897000000000000e+06
2.733773000000000000e+06 2.734076000000000000e+06
2.734855000000000000e+06 2.735185000000000000e+06
2.738693000000000000e+06 2.738837000000000000e+06
2.739213000000000000e+06 2.739396000000000000e+06
2.740055000000000000e+06 2.740332000000000000e+06
2.741012000000000000e+06 2.741399000000000000e+06
2.742111000000000000e+06 2.742535000000000000e+06
2.743304000000000000e+06 2.743532000000000000e+06
2.744098000000000000e+06 2.744293000000000000e+06
2.745092000000000000e+06 2.745417000000000000e+06
2.746651000000000000e+06 2.746798000000000000e+06
2.747452000000000000e+06 2.747781000000000000e+06
2.750348000000000000e+06 2.750432000000000000e+06
2.751103000000000000e+06 2.751281000000000000e+06
2.753112000000000000e+06 2.753321000000000000e+06
2.754121000000000000e+06 2.754414000000000000e+06
2.756577000000000000e+06 2.756802000000000000e+06
2.757524000000000000e+06 2.757718000000000000e+06
2.758502000000000000e+06 2.758732000000000000e+06
2.761165000000000000e+06 2.761463000000000000e+06
2.762065000000000000e+06 2.762310000000000000e+06
2.763100000000000000e+06 2.763435000000000000e+06
2.768750000000000000e+06 2.769090000000000000e+06
2.769770000000000000e+06 2.769916000000000000e+06
2.770351000000000000e+06 2.770492000000000000e+06
2.773620000000000000e+06 2.773882000000000000e+06
2.774928000000000000e+06 2.775132000000000000e+06
2.776000000000000000e+06 2.776110000000000000e+06
2.777755000000000000e+06 2.778095000000000000e+06
2.780250000000000000e+06 2.780496000000000000e+06
2.784352000000000000e+06 2.784561000000000000e+06
2.784896000000000000e+06 2.785173000000000000e+06
2.785691000000000000e+06 2.786109000000000000e+06
2.786358000000000000e+06 2.786661000000000000e+06
2.786849000000000000e+06 2.787597000000000000e+06
2.791532000000000000e+06 2.791698000000000000e+06
2.793404000000000000e+06 2.793712000000000000e+06
2.793953000000000000e+06 2.794194000000000000e+06
2.795114000000000000e+06 2.795470000000000000e+06
2.802935000000000000e+06 2.803149000000000000e+06
2.804928000000000000e+06 2.805053000000000000e+06
2.806498000000000000e+06 2.806743000000000000e+06
2.808187000000000000e+06 2.808412000000000000e+06
2.809510000000000000e+06 2.809829000000000000e+06
2.810316000000000000e+06 2.810619000000000000e+06
2.813828000000000000e+06 2.813944000000000000e+06
2.814372000000000000e+06 2.814576000000000000e+06
2.816428000000000000e+06 2.816632000000000000e+06
2.818772000000000000e+06 2.818840000000000000e+06
2.818955000000000000e+06 2.819054000000000000e+06
2.822365000000000000e+06 2.822480000000000000e+06
2.823053000000000000e+06 2.823153000000000000e+06
2.824662000000000000e+06 2.824866000000000000e+06
2.827246000000000000e+06 2.827534000000000000e+06
2.827921000000000000e+06 2.828057000000000000e+06
2.831632000000000000e+06 2.831826000000000000e+06
2.832754000000000000e+06 2.832896000000000000e+06
2.835417000000000000e+06 2.835574000000000000e+06
2.835778000000000000e+06 2.836060000000000000e+06
2.838043000000000000e+06 2.838273000000000000e+06
2.841859000000000000e+06 2.842020000000000000e+06
2.843080000000000000e+06 2.843201000000000000e+06
2.846334000000000000e+06 2.846611000000000000e+06
2.851591000000000000e+06 2.851688000000000000e+06
2.852364000000000000e+06 2.852499000000000000e+06
2.854131000000000000e+06 2.854236000000000000e+06
2.857679000000000000e+06 2.857902000000000000e+06
2.858809000000000000e+06 2.858957000000000000e+06
2.865870000000000000e+06 2.866070000000000000e+06
2.867358000000000000e+06 2.867671000000000000e+06
2.868352000000000000e+06 2.868571000000000000e+06
2.870865000000000000e+06 2.871026000000000000e+06
2.871953000000000000e+06 2.872126000000000000e+06
2.873355000000000000e+06 2.873568000000000000e+06
2.874166000000000000e+06 2.874354000000000000e+06
2.880940000000000000e+06 2.881077000000000000e+06
2.888216000000000000e+06 2.888405000000000000e+06
2.896532000000000000e+06 2.896682000000000000e+06
2.914929000000000000e+06 2.915086000000000000e+06
2.915865000000000000e+06 2.916153000000000000e+06
2.919658000000000000e+06 2.919893000000000000e+06
2.930292000000000000e+06 2.930428000000000000e+06
2.948376000000000000e+06 2.948470000000000000e+06
2.961302000000000000e+06 2.961469000000000000e+06
2.966114000000000000e+06 2.966193000000000000e+06
2.966870000000000000e+06 2.966938000000000000e+06
2.967461000000000000e+06 2.967582000000000000e+06
2.967927000000000000e+06 2.968204000000000000e+06
2.969454000000000000e+06 2.969548000000000000e+06
2.970736000000000000e+06 2.970945000000000000e+06
2.971447000000000000e+06 2.971578000000000000e+06
2.971948000000000000e+06 2.972082000000000000e+06
2.983876000000000000e+06 2.983978000000000000e+06
2.989693000000000000e+06 2.989882000000000000e+06
3.016104000000000000e+06 3.016259000000000000e+06
3.017426000000000000e+06 3.017543000000000000e+06
3.017679000000000000e+06 3.017821000000000000e+06
3.019359000000000000e+06 3.019548000000000000e+06
3.021812000000000000e+06 3.022068000000000000e+06
3.023565000000000000e+06 3.023709000000000000e+06
3.024417000000000000e+06 3.024600000000000000e+06
3.026065000000000000e+06 3.026204000000000000e+06
3.027554000000000000e+06 3.027681000000000000e+06
3.028319000000000000e+06 3.028664000000000000e+06
3.028942000000000000e+06 3.029135000000000000e+06
3.029276000000000000e+06 3.029752000000000000e+06
3.031876000000000000e+06 3.032127000000000000e+06
3.034649000000000000e+06 3.035036000000000000e+06
3.037719000000000000e+06 3.037970000000000000e+06
3.040068000000000000e+06 3.040345000000000000e+06
3.040931000000000000e+06 3.041203000000000000e+06
3.041932000000000000e+06 3.042159000000000000e+06
3.042603000000000000e+06 3.042723000000000000e+06
3.048909000000000000e+06 3.049039000000000000e+06
3.051012000000000000e+06 3.051299000000000000e+06
3.052232000000000000e+06 3.052420000000000000e+06
3.053161000000000000e+06 3.053381000000000000e+06
3.054066000000000000e+06 3.054239000000000000e+06
3.055636000000000000e+06 3.056018000000000000e+06
3.057200000000000000e+06 3.057357000000000000e+06
3.058920000000000000e+06 3.059165000000000000e+06
3.059964000000000000e+06 3.060231000000000000e+06
3.060961000000000000e+06 3.061589000000000000e+06
3.062389000000000000e+06 3.062630000000000000e+06
3.064400000000000000e+06 3.064531000000000000e+06
3.065405000000000000e+06 3.065718000000000000e+06
3.066516000000000000e+06 3.066715000000000000e+06
3.067719000000000000e+06 3.067986000000000000e+06
3.071619000000000000e+06 3.071755000000000000e+06
3.072114000000000000e+06 3.072307000000000000e+06
3.074337000000000000e+06 3.074487000000000000e+06
3.075315000000000000e+06 3.075712000000000000e+06
3.076152000000000000e+06 3.076356000000000000e+06
3.077100000000000000e+06 3.077267000000000000e+06
3.077975000000000000e+06 3.078273000000000000e+06
3.079513000000000000e+06 3.079732000000000000e+06
3.080268000000000000e+06 3.080375000000000000e+06
3.080520000000000000e+06 3.080907000000000000e+06
3.081111000000000000e+06 3.081357000000000000e+06
3.082254000000000000e+06 3.082354000000000000e+06
3.083397000000000000e+06 3.083590000000000000e+06
3.084558000000000000e+06 3.085097000000000000e+06
3.085814000000000000e+06 3.086007000000000000e+06
3.090359000000000000e+06 3.090689000000000000e+06
3.092441000000000000e+06 3.092525000000000000e+06
3.092692000000000000e+06 3.092975000000000000e+06
3.094288000000000000e+06 3.094518000000000000e+06
3.095444000000000000e+06 3.095800000000000000e+06
3.097306000000000000e+06 3.097829000000000000e+06
3.098671000000000000e+06 3.098813000000000000e+06
3.104373000000000000e+06 3.104635000000000000e+06
3.105443000000000000e+06 3.105743000000000000e+06
3.107608000000000000e+06 3.107737000000000000e+06
3.108328000000000000e+06 3.108506000000000000e+06
3.111765000000000000e+06 3.112009000000000000e+06
3.114770000000000000e+06 3.115032000000000000e+06
3.115676000000000000e+06 3.115843000000000000e+06
3.118759000000000000e+06 3.118954000000000000e+06
3.119525000000000000e+06 3.119928000000000000e+06
3.120704000000000000e+06 3.121026000000000000e+06
3.122250000000000000e+06 3.122470000000000000e+06
3.122726000000000000e+06 3.122910000000000000e+06
3.123154000000000000e+06 3.123293000000000000e+06
3.123467000000000000e+06 3.123681000000000000e+06
3.124054000000000000e+06 3.124254000000000000e+06
3.125434000000000000e+06 3.125679000000000000e+06
3.126304000000000000e+06 3.126676000000000000e+06
3.127513000000000000e+06 3.127780000000000000e+06
3.129270000000000000e+06 3.129498000000000000e+06
3.130498000000000000e+06 3.130637000000000000e+06
3.131399000000000000e+06 3.131577000000000000e+06
3.132200000000000000e+06 3.132435000000000000e+06
3.133534000000000000e+06 3.133685000000000000e+06
3.134303000000000000e+06 3.134465000000000000e+06
3.135072000000000000e+06 3.135255000000000000e+06
3.135992000000000000e+06 3.136196000000000000e+06
3.137504000000000000e+06 3.137724000000000000e+06
3.140054000000000000e+06 3.140282000000000000e+06
3.144093000000000000e+06 3.144243000000000000e+06
3.145487000000000000e+06 3.145774000000000000e+06
3.146428000000000000e+06 3.146616000000000000e+06
3.148772000000000000e+06 3.149054000000000000e+06
3.149494000000000000e+06 3.149734000000000000e+06
3.150017000000000000e+06 3.150263000000000000e+06
3.153270000000000000e+06 3.153490000000000000e+06
3.153694000000000000e+06 3.153778000000000000e+06
3.154510000000000000e+06 3.154772000000000000e+06
3.155724000000000000e+06 3.155839000000000000e+06
3.157251000000000000e+06 3.157596000000000000e+06
3.158198000000000000e+06 3.158449000000000000e+06
3.199793000000000000e+06 3.200076000000000000e+06
3.201726000000000000e+06 3.202048000000000000e+06
3.202354000000000000e+06 3.202532000000000000e+06
3.203854000000000000e+06 3.204116000000000000e+06
3.204597000000000000e+06 3.204697000000000000e+06
3.205448000000000000e+06 3.205676000000000000e+06
3.206487000000000000e+06 3.206670000000000000e+06
3.207048000000000000e+06 3.207198000000000000e+06
3.207658000000000000e+06 3.207794000000000000e+06
3.208298000000000000e+06 3.208443000000000000e+06
3.209115000000000000e+06 3.209420000000000000e+06
3.210229000000000000e+06 3.210375000000000000e+06
3.210919000000000000e+06 3.211604000000000000e+06
3.212106000000000000e+06 3.212279000000000000e+06
3.212975000000000000e+06 3.213420000000000000e+06
3.213728000000000000e+06 3.213948000000000000e+06
3.214445000000000000e+06 3.214800000000000000e+06
3.215355000000000000e+06 3.215669000000000000e+06
3.216058000000000000e+06 3.216325000000000000e+06
3.217089000000000000e+06 3.217602000000000000e+06
3.219375000000000000e+06 3.219694000000000000e+06
3.220076000000000000e+06 3.220254000000000000e+06
3.220840000000000000e+06 3.221075000000000000e+06
3.221488000000000000e+06 3.221750000000000000e+06
3.222048000000000000e+06 3.222221000000000000e+06
3.222787000000000000e+06 3.222970000000000000e+06
3.223832000000000000e+06 3.224143000000000000e+06
3.224828000000000000e+06 3.225017000000000000e+06
3.225608000000000000e+06 3.225854000000000000e+06
3.226267000000000000e+06 3.226492000000000000e+06
3.227410000000000000e+06 3.227797000000000000e+06
3.229459000000000000e+06 3.229737000000000000e+06
3.231276000000000000e+06 3.231396000000000000e+06
3.233033000000000000e+06 3.233310000000000000e+06
3.233520000000000000e+06 3.233718000000000000e+06
3.234566000000000000e+06 3.234801000000000000e+06
3.235720000000000000e+06 3.236009000000000000e+06
3.236748000000000000e+06 3.236887000000000000e+06
3.238092000000000000e+06 3.238259000000000000e+06
3.238545000000000000e+06 3.238739000000000000e+06
3.245117000000000000e+06 3.245316000000000000e+06
3.245876000000000000e+06 3.246070000000000000e+06
3.246704000000000000e+06 3.246993000000000000e+06
3.248305000000000000e+06 3.248541000000000000e+06
3.248970000000000000e+06 3.249226000000000000e+06
3.250005000000000000e+06 3.250267000000000000e+06
3.250764000000000000e+06 3.251203000000000000e+06
3.251475000000000000e+06 3.251648000000000000e+06
3.260754000000000000e+06 3.261048000000000000e+06
3.261882000000000000e+06 3.262320000000000000e+06
3.262632000000000000e+06 3.262915000000000000e+06
3.263254000000000000e+06 3.263476000000000000e+06
3.264433000000000000e+06 3.264945000000000000e+06
3.265137000000000000e+06 3.265298000000000000e+06
3.265672000000000000e+06 3.266133000000000000e+06
3.267284000000000000e+06 3.267383000000000000e+06
3.267603000000000000e+06 3.267969000000000000e+06
3.268715000000000000e+06 3.268887000000000000e+06
3.269460000000000000e+06 3.269684000000000000e+06
3.270876000000000000e+06 3.271043000000000000e+06
3.271118000000000000e+06 3.271568000000000000e+06
3.272215000000000000e+06 3.272437000000000000e+06
3.273109000000000000e+06 3.273448000000000000e+06
3.274037000000000000e+06 3.274209000000000000e+06
3.274993000000000000e+06 3.275315000000000000e+06
3.275708000000000000e+06 3.275928000000000000e+06
3.276556000000000000e+06 3.276848000000000000e+06
3.277544000000000000e+06 3.277848000000000000e+06
3.278104000000000000e+06 3.278432000000000000e+06
3.278932000000000000e+06 3.279143000000000000e+06
3.280615000000000000e+06 3.280855000000000000e+06
3.281096000000000000e+06 3.281363000000000000e+06
3.281692000000000000e+06 3.281970000000000000e+06
3.282532000000000000e+06 3.282665000000000000e+06
3.282904000000000000e+06 3.283143000000000000e+06
3.283665000000000000e+06 3.283859000000000000e+06
3.284370000000000000e+06 3.284559000000000000e+06
3.286248000000000000e+06 3.286520000000000000e+06
3.287276000000000000e+06 3.287509000000000000e+06
3.288969000000000000e+06 3.289126000000000000e+06
3.289309000000000000e+06 3.289528000000000000e+06
3.291207000000000000e+06 3.291346000000000000e+06
3.292487000000000000e+06 3.292754000000000000e+06
3.293399000000000000e+06 3.293739000000000000e+06
3.294111000000000000e+06 3.294467000000000000e+06
3.295082000000000000e+06 3.295420000000000000e+06
3.296004000000000000e+06 3.296130000000000000e+06
3.296720000000000000e+06 3.296965000000000000e+06
3.297404000000000000e+06 3.297826000000000000e+06
3.299998000000000000e+06 3.300226000000000000e+06
3.301989000000000000e+06 3.302198000000000000e+06
3.302682000000000000e+06 3.303009000000000000e+06
3.304226000000000000e+06 3.304704000000000000e+06
3.305665000000000000e+06 3.305860000000000000e+06
3.306519000000000000e+06 3.306775000000000000e+06
3.307100000000000000e+06 3.307239000000000000e+06
3.316311000000000000e+06 3.316463000000000000e+06
3.318027000000000000e+06 3.318399000000000000e+06
3.319131000000000000e+06 3.319424000000000000e+06
3.319726000000000000e+06 3.319814000000000000e+06
3.322659000000000000e+06 3.322965000000000000e+06
3.324556000000000000e+06 3.324969000000000000e+06
3.325715000000000000e+06 3.325909000000000000e+06
3.326176000000000000e+06 3.326359000000000000e+06
3.326933000000000000e+06 3.327273000000000000e+06
3.328565000000000000e+06 3.328664000000000000e+06
3.329295000000000000e+06 3.329514000000000000e+06
3.329891000000000000e+06 3.330174000000000000e+06
3.330760000000000000e+06 3.330885000000000000e+06
3.332159000000000000e+06 3.332270000000000000e+06
3.332313000000000000e+06 3.332475000000000000e+06
3.333984000000000000e+06 3.334319000000000000e+06
3.334602000000000000e+06 3.334910000000000000e+06
3.335041000000000000e+06 3.335177000000000000e+06
3.335569000000000000e+06 3.335899000000000000e+06
3.340236000000000000e+06 3.340984000000000000e+06
3.341786000000000000e+06 3.342090000000000000e+06
3.345930000000000000e+06 3.346238000000000000e+06
3.347802000000000000e+06 3.348189000000000000e+06
3.348660000000000000e+06 3.348911000000000000e+06
3.349811000000000000e+06 3.350078000000000000e+06
3.350792000000000000e+06 3.351121000000000000e+06
3.351393000000000000e+06 3.351535000000000000e+06
3.351780000000000000e+06 3.352267000000000000e+06
3.352549000000000000e+06 3.352654000000000000e+06
3.356293000000000000e+06 3.356404000000000000e+06
3.357993000000000000e+06 3.358382000000000000e+06
3.358843000000000000e+06 3.359043000000000000e+06
3.361026000000000000e+06 3.361309000000000000e+06
3.363465000000000000e+06 3.363637000000000000e+06
3.364152000000000000e+06 3.364236000000000000e+06
3.365541000000000000e+06 3.365975000000000000e+06
3.370693000000000000e+06 3.370923000000000000e+06
3.371734000000000000e+06 3.371933000000000000e+06
3.372193000000000000e+06 3.372337000000000000e+06
3.372440000000000000e+06 3.372550000000000000e+06
3.372893000000000000e+06 3.373004000000000000e+06
3.374115000000000000e+06 3.374404000000000000e+06
3.375393000000000000e+06 3.375720000000000000e+06
3.376787000000000000e+06 3.376965000000000000e+06
3.378348000000000000e+06 3.378676000000000000e+06
3.379282000000000000e+06 3.379482000000000000e+06
3.380619000000000000e+06 3.380874000000000000e+06
3.382270000000000000e+06 3.382409000000000000e+06
3.382926000000000000e+06 3.383132000000000000e+06
3.384982000000000000e+06 3.385285000000000000e+06
3.385672000000000000e+06 3.386002000000000000e+06
3.387259000000000000e+06 3.387470000000000000e+06
3.388188000000000000e+06 3.388413000000000000e+06
3.388957000000000000e+06 3.389224000000000000e+06
3.390511000000000000e+06 3.390783000000000000e+06
3.392802000000000000e+06 3.392975000000000000e+06
3.393388000000000000e+06 3.393650000000000000e+06
3.394244000000000000e+06 3.394378000000000000e+06
3.394842000000000000e+06 3.395261000000000000e+06
3.395619000000000000e+06 3.395985000000000000e+06
3.396582000000000000e+06 3.396833000000000000e+06
3.397265000000000000e+06 3.397387000000000000e+06
3.398078000000000000e+06 3.398433000000000000e+06
3.399001000000000000e+06 3.399234000000000000e+06
3.399720000000000000e+06 3.399909000000000000e+06
3.400539000000000000e+06 3.400617000000000000e+06
3.400759000000000000e+06 3.401135000000000000e+06
3.401687000000000000e+06 3.401832000000000000e+06
3.402535000000000000e+06 3.402650000000000000e+06
3.403246000000000000e+06 3.403382000000000000e+06
3.404054000000000000e+06 3.404254000000000000e+06
3.404767000000000000e+06 3.404962000000000000e+06
3.405563000000000000e+06 3.405924000000000000e+06
3.407398000000000000e+06 3.407620000000000000e+06
3.409902000000000000e+06 3.410023000000000000e+06
3.429937000000000000e+06 3.430104000000000000e+06
3.430827000000000000e+06 3.431125000000000000e+06
3.431507000000000000e+06 3.431616000000000000e+06
3.436232000000000000e+06 3.436370000000000000e+06
3.437776000000000000e+06 3.437909000000000000e+06
3.439032000000000000e+06 3.439131000000000000e+06
3.439670000000000000e+06 3.439978000000000000e+06
3.441558000000000000e+06 3.441726000000000000e+06
3.442317000000000000e+06 3.442500000000000000e+06
3.444592000000000000e+06 3.444901000000000000e+06
3.445471000000000000e+06 3.445638000000000000e+06
3.446156000000000000e+06 3.446276000000000000e+06
3.450009000000000000e+06 3.450104000000000000e+06
3.452507000000000000e+06 3.452747000000000000e+06
3.454546000000000000e+06 3.454715000000000000e+06
3.455499000000000000e+06 3.455661000000000000e+06
3.457848000000000000e+06 3.458125000000000000e+06
3.458371000000000000e+06 3.458606000000000000e+06
3.459541000000000000e+06 3.459696000000000000e+06
3.463559000000000000e+06 3.463698000000000000e+06
3.464140000000000000e+06 3.464470000000000000e+06
3.466521000000000000e+06 3.466793000000000000e+06
3.467169000000000000e+06 3.467541000000000000e+06
3.468592000000000000e+06 3.468916000000000000e+06
3.469298000000000000e+06 3.469497000000000000e+06
3.470315000000000000e+06 3.470459000000000000e+06
3.471935000000000000e+06 3.472050000000000000e+06
3.472662000000000000e+06 3.472808000000000000e+06
3.473159000000000000e+06 3.473337000000000000e+06
3.474807000000000000e+06 3.475042000000000000e+06
3.477218000000000000e+06 3.477464000000000000e+06
3.477616000000000000e+06 3.477809000000000000e+06
3.477992000000000000e+06 3.478343000000000000e+06
3.479891000000000000e+06 3.480482000000000000e+06
3.489909000000000000e+06 3.490222000000000000e+06
3.490683000000000000e+06 3.491065000000000000e+06
3.491331000000000000e+06 3.491530000000000000e+06
3.491907000000000000e+06 3.492236000000000000e+06
3.493487000000000000e+06 3.493675000000000000e+06
3.494350000000000000e+06 3.494695000000000000e+06
3.495387000000000000e+06 3.495587000000000000e+06
3.495920000000000000e+06 3.496287000000000000e+06
3.497154000000000000e+06 3.497284000000000000e+06
3.498209000000000000e+06 3.498465000000000000e+06
3.498859000000000000e+06 3.499170000000000000e+06
3.500376000000000000e+06 3.500565000000000000e+06
3.500770000000000000e+06 3.500982000000000000e+06
3.501132000000000000e+06 3.501398000000000000e+06
3.502887000000000000e+06 3.503242000000000000e+06
3.503692000000000000e+06 3.504032000000000000e+06
3.504598000000000000e+06 3.504865000000000000e+06
3.505978000000000000e+06 3.506133000000000000e+06
3.506382000000000000e+06 3.506559000000000000e+06
3.508479000000000000e+06 3.508672000000000000e+06
3.509258000000000000e+06 3.509426000000000000e+06
3.509671000000000000e+06 3.509823000000000000e+06
3.510514000000000000e+06 3.510660000000000000e+06
3.511895000000000000e+06 3.512151000000000000e+06
3.513794000000000000e+06 3.513987000000000000e+06
3.516634000000000000e+06 3.516922000000000000e+06
3.517549000000000000e+06 3.517910000000000000e+06
3.518104000000000000e+06 3.518240000000000000e+06
3.518496000000000000e+06 3.518878000000000000e+06
3.519748000000000000e+06 3.519920000000000000e+06
3.521698000000000000e+06 3.521891000000000000e+06
3.522723000000000000e+06 3.522848000000000000e+06
3.523455000000000000e+06 3.523565000000000000e+06
3.524203000000000000e+06 3.524339000000000000e+06
3.525176000000000000e+06 3.525359000000000000e+06
3.526827000000000000e+06 3.527078000000000000e+06
3.527898000000000000e+06 3.528126000000000000e+06
3.528890000000000000e+06 3.529272000000000000e+06
3.529701000000000000e+06 3.529952000000000000e+06
3.530582000000000000e+06 3.530759000000000000e+06
3.531213000000000000e+06 3.531459000000000000e+06
3.532934000000000000e+06 3.533216000000000000e+06
3.534006000000000000e+06 3.534236000000000000e+06
3.535093000000000000e+06 3.535226000000000000e+06
3.535989000000000000e+06 3.536130000000000000e+06
3.536559000000000000e+06 3.536852000000000000e+06
3.538232000000000000e+06 3.538404000000000000e+06
3.538960000000000000e+06 3.539535000000000000e+06
3.540259000000000000e+06 3.540459000000000000e+06
3.541194000000000000e+06 3.541450000000000000e+06
3.541795000000000000e+06 3.541989000000000000e+06
3.542409000000000000e+06 3.542632000000000000e+06
3.543239000000000000e+06 3.543354000000000000e+06
3.543924000000000000e+06 3.544353000000000000e+06
3.545037000000000000e+06 3.545198000000000000e+06
3.545792000000000000e+06 3.546069000000000000e+06
3.546911000000000000e+06 3.547277000000000000e+06
3.547764000000000000e+06 3.547994000000000000e+06
3.548282000000000000e+06 3.548601000000000000e+06
3.550520000000000000e+06 3.550637000000000000e+06
3.552932000000000000e+06 3.553109000000000000e+06
3.554676000000000000e+06 3.554826000000000000e+06
3.556343000000000000e+06 3.556521000000000000e+06
3.558937000000000000e+06 3.559251000000000000e+06
3.562761000000000000e+06 3.563106000000000000e+06
3.564001000000000000e+06 3.564158000000000000e+06
3.564257000000000000e+06 3.564576000000000000e+06
3.565204000000000000e+06 3.565654000000000000e+06
3.566093000000000000e+06 3.566386000000000000e+06
3.566713000000000000e+06 3.567132000000000000e+06
3.567917000000000000e+06 3.567980000000000000e+06
3.568798000000000000e+06 3.569054000000000000e+06
3.570595000000000000e+06 3.570961000000000000e+06
3.571565000000000000e+06 3.571754000000000000e+06
3.572677000000000000e+06 3.572849000000000000e+06
3.574515000000000000e+06 3.574815000000000000e+06
3.574957000000000000e+06 3.575120000000000000e+06
3.575826000000000000e+06 3.575962000000000000e+06
3.580986000000000000e+06 3.581216000000000000e+06
3.591520000000000000e+06 3.591632000000000000e+06
3.592746000000000000e+06 3.592908000000000000e+06
3.594069000000000000e+06 3.594231000000000000e+06
3.596496000000000000e+06 3.596742000000000000e+06
3.597443000000000000e+06 3.597956000000000000e+06
3.598338000000000000e+06 3.598761000000000000e+06
3.599023000000000000e+06 3.599321000000000000e+06
3.599729000000000000e+06 3.600058000000000000e+06
3.600252000000000000e+06 3.600467000000000000e+06
3.601042000000000000e+06 3.601178000000000000e+06
3.603964000000000000e+06 3.604152000000000000e+06
3.604952000000000000e+06 3.605097000000000000e+06
3.606260000000000000e+06 3.606406000000000000e+06
3.606631000000000000e+06 3.606767000000000000e+06
3.607494000000000000e+06 3.607625000000000000e+06
3.608248000000000000e+06 3.608387000000000000e+06
3.608525000000000000e+06 3.608661000000000000e+06
3.611004000000000000e+06 3.611507000000000000e+06
3.613470000000000000e+06 3.613643000000000000e+06
3.615362000000000000e+06 3.615624000000000000e+06
3.616942000000000000e+06 3.617052000000000000e+06
3.618412000000000000e+06 3.618940000000000000e+06
3.619829000000000000e+06 3.619950000000000000e+06
3.620358000000000000e+06 3.620588000000000000e+06
3.621325000000000000e+06 3.621613000000000000e+06
3.621896000000000000e+06 3.622424000000000000e+06
3.622947000000000000e+06 3.623182000000000000e+06
3.623656000000000000e+06 3.623980000000000000e+06
3.624503000000000000e+06 3.624765000000000000e+06
3.625685000000000000e+06 3.625984000000000000e+06
3.627171000000000000e+06 3.627427000000000000e+06
3.628076000000000000e+06 3.628358000000000000e+06
3.628704000000000000e+06 3.628870000000000000e+06
3.629457000000000000e+06 3.629609000000000000e+06
3.632601000000000000e+06 3.632899000000000000e+06
3.633432000000000000e+06 3.633632000000000000e+06
3.634191000000000000e+06 3.634505000000000000e+06
3.634909000000000000e+06 3.635132000000000000e+06
3.635643000000000000e+06 3.635848000000000000e+06
3.636535000000000000e+06 3.636786000000000000e+06
3.637324000000000000e+06 3.637539000000000000e+06
3.637920000000000000e+06 3.638120000000000000e+06
3.638797000000000000e+06 3.639216000000000000e+06
3.641324000000000000e+06 3.641522000000000000e+06
3.643285000000000000e+06 3.643510000000000000e+06
3.644119000000000000e+06 3.644309000000000000e+06
3.645006000000000000e+06 3.645257000000000000e+06
3.645982000000000000e+06 3.646120000000000000e+06
3.646921000000000000e+06 3.647099000000000000e+06
3.647993000000000000e+06 3.648243000000000000e+06
3.648787000000000000e+06 3.649004000000000000e+06
3.649785000000000000e+06 3.649999000000000000e+06
3.650392000000000000e+06 3.650522000000000000e+06
3.652557000000000000e+06 3.653038000000000000e+06
3.662393000000000000e+06 3.662665000000000000e+06
3.664220000000000000e+06 3.664359000000000000e+06
3.664970000000000000e+06 3.665300000000000000e+06
3.665860000000000000e+06 3.666681000000000000e+06
3.666984000000000000e+06 3.667157000000000000e+06
3.667574000000000000e+06 3.667686000000000000e+06
3.668167000000000000e+06 3.668324000000000000e+06
3.668826000000000000e+06 3.669059000000000000e+06
3.669393000000000000e+06 3.669548000000000000e+06
3.670098000000000000e+06 3.670220000000000000e+06
3.670692000000000000e+06 3.670797000000000000e+06
3.671392000000000000e+06 3.671674000000000000e+06
3.672035000000000000e+06 3.672359000000000000e+06
3.673547000000000000e+06 3.673829000000000000e+06
3.674904000000000000e+06 3.675126000000000000e+06
3.677912000000000000e+06 3.678519000000000000e+06
3.678820000000000000e+06 3.679015000000000000e+06
3.680609000000000000e+06 3.680839000000000000e+06
3.681759000000000000e+06 3.681993000000000000e+06
3.682887000000000000e+06 3.683127000000000000e+06
3.683530000000000000e+06 3.684116000000000000e+06
3.684459000000000000e+06 3.684693000000000000e+06
3.685515000000000000e+06 3.685737000000000000e+06
3.686386000000000000e+06 3.686779000000000000e+06
3.687057000000000000e+06 3.687274000000000000e+06
3.688128000000000000e+06 3.688270000000000000e+06
3.690126000000000000e+06 3.690467000000000000e+06
3.691432000000000000e+06 3.691754000000000000e+06
3.692493000000000000e+06 3.692693000000000000e+06
3.693399000000000000e+06 3.693686000000000000e+06
3.694105000000000000e+06 3.694398000000000000e+06
3.694832000000000000e+06 3.695397000000000000e+06
3.695684000000000000e+06 3.695815000000000000e+06
3.696401000000000000e+06 3.696579000000000000e+06
3.698535000000000000e+06 3.698650000000000000e+06
3.699202000000000000e+06 3.699371000000000000e+06
3.700126000000000000e+06 3.700408000000000000e+06
3.701229000000000000e+06 3.701564000000000000e+06
3.704127000000000000e+06 3.704358000000000000e+06
3.707287000000000000e+06 3.707443000000000000e+06
3.708140000000000000e+06 3.708338000000000000e+06
3.709829000000000000e+06 3.710054000000000000e+06
3.711012000000000000e+06 3.711304000000000000e+06
3.712785000000000000e+06 3.712921000000000000e+06
3.714909000000000000e+06 3.715212000000000000e+06
3.716015000000000000e+06 3.716126000000000000e+06
3.717259000000000000e+06 3.717420000000000000e+06
3.719398000000000000e+06 3.719593000000000000e+06
3.721039000000000000e+06 3.721332000000000000e+06
3.722426000000000000e+06 3.722661000000000000e+06
3.723812000000000000e+06 3.723969000000000000e+06
3.724889000000000000e+06 3.725308000000000000e+06
3.725720000000000000e+06 3.725982000000000000e+06
3.726624000000000000e+06 3.726807000000000000e+06
3.727356000000000000e+06 3.727419000000000000e+06
3.727743000000000000e+06 3.727837000000000000e+06
3.731104000000000000e+06 3.731329000000000000e+06
3.731998000000000000e+06 3.732148000000000000e+06
3.734737000000000000e+06 3.734948000000000000e+06
3.736093000000000000e+06 3.736254000000000000e+06
3.736721000000000000e+06 3.736889000000000000e+06
3.752033000000000000e+06 3.752494000000000000e+06
3.758032000000000000e+06 3.758187000000000000e+06
3.758798000000000000e+06 3.758998000000000000e+06
3.769170000000000000e+06 3.769376000000000000e+06
3.772678000000000000e+06 3.772808000000000000e+06
3.773567000000000000e+06 3.773792000000000000e+06
3.774137000000000000e+06 3.774508000000000000e+06
3.775895000000000000e+06 3.776104000000000000e+06
3.776548000000000000e+06 3.776832000000000000e+06
3.777109000000000000e+06 3.777543000000000000e+06
3.778084000000000000e+06 3.778209000000000000e+06
3.779065000000000000e+06 3.779253000000000000e+06
3.779548000000000000e+06 3.779676000000000000e+06
3.780174000000000000e+06 3.780618000000000000e+06
3.781132000000000000e+06 3.781259000000000000e+06
3.781994000000000000e+06 3.782381000000000000e+06
3.783545000000000000e+06 3.783827000000000000e+06
3.784520000000000000e+06 3.784665000000000000e+06
3.786482000000000000e+06 3.786687000000000000e+06
3.787176000000000000e+06 3.787282000000000000e+06
3.787859000000000000e+06 3.787998000000000000e+06
3.788614000000000000e+06 3.788864000000000000e+06
3.789976000000000000e+06 3.790182000000000000e+06
3.791454000000000000e+06 3.791648000000000000e+06
3.793442000000000000e+06 3.793787000000000000e+06
3.794670000000000000e+06 3.794870000000000000e+06
3.795106000000000000e+06 3.795331000000000000e+06
3.795965000000000000e+06 3.796120000000000000e+06
3.796534000000000000e+06 3.796795000000000000e+06
3.798472000000000000e+06 3.798728000000000000e+06
3.802803000000000000e+06 3.802955000000000000e+06
3.803337000000000000e+06 3.803556000000000000e+06
3.804148000000000000e+06 3.804383000000000000e+06
3.804948000000000000e+06 3.805241000000000000e+06
3.809112000000000000e+06 3.809279000000000000e+06
4.292404000000000000e+06 4.292570000000000000e+06
4.293670000000000000e+06 4.293848000000000000e+06
4.296762000000000000e+06 4.297045000000000000e+06
4.297547000000000000e+06 4.297719000000000000e+06
4.298520000000000000e+06 4.299085000000000000e+06
4.299843000000000000e+06 4.300199000000000000e+06
4.300806000000000000e+06 4.301114000000000000e+06
4.301368000000000000e+06 4.301588000000000000e+06
4.301839000000000000e+06 4.302080000000000000e+06
4.304256000000000000e+06 4.304428000000000000e+06
4.306777000000000000e+06 4.306908000000000000e+06
4.307276000000000000e+06 4.307415000000000000e+06
4.307987000000000000e+06 4.308326000000000000e+06
4.309082000000000000e+06 4.309182000000000000e+06
4.309696000000000000e+06 4.309957000000000000e+06
4.310611000000000000e+06 4.310716000000000000e+06
4.311054000000000000e+06 4.311226000000000000e+06
4.312448000000000000e+06 4.312565000000000000e+06
4.320109000000000000e+06 4.320348000000000000e+06
4.321688000000000000e+06 4.321957000000000000e+06
4.322048000000000000e+06 4.322420000000000000e+06
4.323054000000000000e+06 4.323282000000000000e+06
4.323687000000000000e+06 4.323920000000000000e+06
4.324565000000000000e+06 4.324987000000000000e+06
4.325443000000000000e+06 4.325765000000000000e+06
4.326248000000000000e+06 4.326459000000000000e+06
4.327398000000000000e+06 4.327559000000000000e+06
4.327770000000000000e+06 4.327887000000000000e+06
4.328465000000000000e+06 4.329037000000000000e+06
4.329676000000000000e+06 4.330105000000000000e+06
4.330482000000000000e+06 4.330632000000000000e+06
4.330795000000000000e+06 4.331156000000000000e+06
4.331891000000000000e+06 4.332200000000000000e+06
4.333168000000000000e+06 4.333455000000000000e+06
4.334593000000000000e+06 4.334944000000000000e+06
4.335503000000000000e+06 4.335676000000000000e+06
4.336277000000000000e+06 4.336481000000000000e+06
4.337062000000000000e+06 4.337151000000000000e+06
4.339275000000000000e+06 4.339442000000000000e+06
4.340216000000000000e+06 4.340352000000000000e+06
4.340870000000000000e+06 4.341236000000000000e+06
4.343729000000000000e+06 4.343938000000000000e+06
4.345392000000000000e+06 4.345644000000000000e+06
4.346261000000000000e+06 4.346564000000000000e+06
4.347304000000000000e+06 4.347432000000000000e+06
4.347930000000000000e+06 4.348233000000000000e+06
4.349718000000000000e+06 4.350132000000000000e+06
4.350576000000000000e+06 4.350869000000000000e+06
4.352041000000000000e+06 4.352245000000000000e+06
4.352848000000000000e+06 4.353048000000000000e+06
4.354147000000000000e+06 4.354340000000000000e+06
4.354853000000000000e+06 4.355062000000000000e+06
4.356971000000000000e+06 4.357327000000000000e+06
4.358509000000000000e+06 4.358614000000000000e+06
4.361339000000000000e+06 4.361711000000000000e+06
4.362443000000000000e+06 4.362699000000000000e+06
4.363630000000000000e+06 4.363761000000000000e+06
4.364358000000000000e+06 4.364582000000000000e+06
4.365158000000000000e+06 4.365404000000000000e+06
4.366361000000000000e+06 4.366544000000000000e+06
4.367135000000000000e+06 4.367360000000000000e+06
4.368467000000000000e+06 4.368739000000000000e+06
4.369848000000000000e+06 4.370026000000000000e+06
4.370739000000000000e+06 4.371022000000000000e+06
4.371472000000000000e+06 4.371665000000000000e+06
4.373156000000000000e+06 4.373329000000000000e+06
4.373444000000000000e+06 4.373564000000000000e+06
4.374707000000000000e+06 4.374869000000000000e+06
4.375476000000000000e+06 4.375748000000000000e+06
4.376120000000000000e+06 4.376324000000000000e+06
4.377631000000000000e+06 4.377830000000000000e+06
4.378400000000000000e+06 4.378641000000000000e+06
4.378814000000000000e+06 4.379054000000000000e+06
4.379532000000000000e+06 4.379793000000000000e+06
4.380289000000000000e+06 4.380404000000000000e+06
4.380906000000000000e+06 4.381136000000000000e+06
4.383757000000000000e+06 4.384071000000000000e+06
4.384693000000000000e+06 4.384939000000000000e+06
4.385698000000000000e+06 4.386362000000000000e+06
4.388412000000000000e+06 4.388569000000000000e+06
4.391415000000000000e+06 4.391671000000000000e+06
4.392482000000000000e+06 4.392828000000000000e+06
4.393539000000000000e+06 4.393999000000000000e+06
4.395637000000000000e+06 4.395799000000000000e+06
4.396589000000000000e+06 4.396861000000000000e+06
4.397860000000000000e+06 4.398158000000000000e+06
4.399602000000000000e+06 4.399910000000000000e+06
4.401584000000000000e+06 4.401882000000000000e+06
4.402500000000000000e+06 4.402678000000000000e+06
4.403745000000000000e+06 4.404132000000000000e+06
4.406219000000000000e+06 4.406496000000000000e+06
4.407017000000000000e+06 4.407226000000000000e+06
4.407676000000000000e+06 4.407817000000000000e+06
4.410027000000000000e+06 4.410194000000000000e+06
4.410686000000000000e+06 4.410791000000000000e+06
4.411178000000000000e+06 4.411324000000000000e+06
4.413513000000000000e+06 4.413605000000000000e+06
4.414458000000000000e+06 4.414986000000000000e+06
4.415342000000000000e+06 4.415446000000000000e+06
4.419773000000000000e+06 4.420050000000000000e+06
4.420850000000000000e+06 4.421101000000000000e+06
4.422639000000000000e+06 4.422754000000000000e+06
4.425605000000000000e+06 4.425846000000000000e+06
4.426484000000000000e+06 4.426641000000000000e+06
4.427437000000000000e+06 4.427543000000000000e+06
4.428939000000000000e+06 4.429069000000000000e+06
4.430763000000000000e+06 4.430936000000000000e+06
4.434446000000000000e+06 4.434545000000000000e+06
4.435193000000000000e+06 4.435320000000000000e+06
4.436146000000000000e+06 4.436501000000000000e+06
4.436827000000000000e+06 4.437031000000000000e+06
4.443698000000000000e+06 4.443959000000000000e+06
4.446570000000000000e+06 4.446765000000000000e+06
4.452204000000000000e+06 4.452370000000000000e+06
4.453735000000000000e+06 4.453824000000000000e+06
4.454790000000000000e+06 4.454952000000000000e+06
4.455776000000000000e+06 4.456216000000000000e+06
4.458043000000000000e+06 4.458198000000000000e+06
4.459520000000000000e+06 4.459643000000000000e+06
4.462970000000000000e+06 4.463137000000000000e+06
4.467074000000000000e+06 4.467336000000000000e+06
4.468016000000000000e+06 4.468147000000000000e+06
4.470804000000000000e+06 4.471055000000000000e+06
4.474933000000000000e+06 4.475107000000000000e+06
4.476825000000000000e+06 4.476919000000000000e+06
4.478133000000000000e+06 4.478399000000000000e+06
4.478996000000000000e+06 4.479153000000000000e+06
4.479760000000000000e+06 4.480000000000000000e+06
4.480115000000000000e+06 4.480276000000000000e+06
4.481339000000000000e+06 4.481454000000000000e+06
4.482846000000000000e+06 4.482992000000000000e+06
4.484837000000000000e+06 4.485054000000000000e+06
4.488176000000000000e+06 4.488333000000000000e+06
4.489465000000000000e+06 4.489643000000000000e+06
4.506495000000000000e+06 4.506668000000000000e+06
4.511220000000000000e+06 4.511415000000000000e+06
4.513882000000000000e+06 4.514093000000000000e+06
4.517387000000000000e+06 4.517509000000000000e+06
4.520211000000000000e+06 4.520483000000000000e+06
4.520792000000000000e+06 4.521106000000000000e+06
4.523493000000000000e+06 4.523654000000000000e+06
4.525542000000000000e+06 4.525782000000000000e+06
4.527440000000000000e+06 4.527676000000000000e+06
4.528769000000000000e+06 4.529025000000000000e+06
4.533116000000000000e+06 4.533367000000000000e+06
4.533922000000000000e+06 4.534209000000000000e+06
4.534497000000000000e+06 4.534602000000000000e+06
4.536787000000000000e+06 4.536915000000000000e+06
4.542520000000000000e+06 4.542659000000000000e+06
4.544732000000000000e+06 4.544909000000000000e+06
4.546676000000000000e+06 4.546848000000000000e+06
4.547609000000000000e+06 4.548069000000000000e+06
4.548655000000000000e+06 4.548875000000000000e+06
4.549754000000000000e+06 4.549909000000000000e+06
4.550870000000000000e+06 4.551020000000000000e+06
4.552065000000000000e+06 4.552315000000000000e+06
4.553409000000000000e+06 4.553593000000000000e+06
4.554668000000000000e+06 4.555008000000000000e+06
4.556023000000000000e+06 4.556253000000000000e+06
4.559256000000000000e+06 4.559507000000000000e+06
4.560229000000000000e+06 4.560558000000000000e+06
4.561160000000000000e+06 4.561390000000000000e+06
4.562457000000000000e+06 4.562766000000000000e+06
4.565198000000000000e+06 4.565334000000000000e+06
4.566454000000000000e+06 4.566699000000000000e+06
4.567170000000000000e+06 4.567400000000000000e+06
4.567578000000000000e+06 4.567892000000000000e+06
4.569254000000000000e+06 4.569454000000000000e+06
4.570591000000000000e+06 4.570921000000000000e+06
4.571887000000000000e+06 4.572187000000000000e+06
4.575909000000000000e+06 4.576098000000000000e+06
4.577154000000000000e+06 4.577530000000000000e+06
4.578603000000000000e+06 4.579136000000000000e+06
4.580193000000000000e+06 4.580763000000000000e+06
4.581255000000000000e+06 4.581391000000000000e+06
4.582782000000000000e+06 4.582904000000000000e+06
4.585203000000000000e+06 4.585346000000000000e+06
4.586114000000000000e+06 4.586433000000000000e+06
4.587051000000000000e+06 4.587286000000000000e+06
4.588646000000000000e+06 4.588934000000000000e+06
4.589645000000000000e+06 4.589891000000000000e+06
4.590693000000000000e+06 4.590865000000000000e+06
4.595922000000000000e+06 4.596012000000000000e+06
4.597502000000000000e+06 4.597916000000000000e+06
4.599235000000000000e+06 4.599763000000000000e+06
4.601305000000000000e+06 4.601467000000000000e+06
4.603493000000000000e+06 4.603715000000000000e+06
4.604452000000000000e+06 4.604809000000000000e+06
4.605772000000000000e+06 4.606170000000000000e+06
4.607049000000000000e+06 4.607588000000000000e+06
4.608643000000000000e+06 4.608765000000000000e+06
4.609372000000000000e+06 4.609738000000000000e+06
4.610313000000000000e+06 4.610538000000000000e+06
4.614220000000000000e+06 4.614382000000000000e+06
4.617563000000000000e+06 4.617794000000000000e+06
4.618013000000000000e+06 4.618097000000000000e+06
4.618976000000000000e+06 4.619195000000000000e+06
4.620331000000000000e+06 4.620508000000000000e+06
4.620712000000000000e+06 4.620896000000000000e+06
4.622156000000000000e+06 4.622381000000000000e+06
4.623516000000000000e+06 4.623924000000000000e+06
4.624615000000000000e+06 4.624976000000000000e+06
4.626148000000000000e+06 4.626456000000000000e+06
4.627272000000000000e+06 4.627450000000000000e+06
4.628297000000000000e+06 4.628643000000000000e+06
4.631535000000000000e+06 4.631650000000000000e+06
4.633194000000000000e+06 4.633602000000000000e+06
4.635741000000000000e+06 4.636165000000000000e+06
4.637117000000000000e+06 4.637290000000000000e+06
4.638341000000000000e+06 4.638791000000000000e+06
4.639806000000000000e+06 4.639921000000000000e+06
4.640426000000000000e+06 4.640577000000000000e+06
4.640781000000000000e+06 4.641032000000000000e+06
4.642084000000000000e+06 4.642319000000000000e+06
4.643193000000000000e+06 4.643637000000000000e+06
4.646556000000000000e+06 4.646959000000000000e+06
4.647749000000000000e+06 4.648042000000000000e+06
4.649109000000000000e+06 4.649423000000000000e+06
4.652326000000000000e+06 4.652541000000000000e+06
4.653231000000000000e+06 4.653618000000000000e+06
4.656077000000000000e+06 4.656365000000000000e+06
4.657809000000000000e+06 4.657915000000000000e+06
4.658279000000000000e+06 4.658478000000000000e+06
4.660607000000000000e+06 4.660968000000000000e+06
4.661687000000000000e+06 4.661832000000000000e+06
4.663358000000000000e+06 4.663484000000000000e+06
4.665004000000000000e+06 4.665193000000000000e+06
4.666523000000000000e+06 4.666994000000000000e+06
4.667645000000000000e+06 4.667729000000000000e+06
4.669277000000000000e+06 4.669408000000000000e+06
4.671966000000000000e+06 4.672212000000000000e+06
4.672814000000000000e+06 4.673284000000000000e+06
4.674111000000000000e+06 4.674273000000000000e+06
4.674626000000000000e+06 4.674887000000000000e+06
4.675717000000000000e+06 4.675994000000000000e+06
4.679771000000000000e+06 4.679860000000000000e+06
4.680843000000000000e+06 4.681141000000000000e+06
4.681978000000000000e+06 4.682303000000000000e+06
4.682596000000000000e+06 4.682810000000000000e+06
4.683393000000000000e+06 4.683807000000000000e+06
4.684978000000000000e+06 4.685146000000000000e+06
4.686148000000000000e+06 4.686388000000000000e+06
4.688745000000000000e+06 4.688975000000000000e+06
4.689943000000000000e+06 4.690555000000000000e+06
4.691182000000000000e+06 4.691287000000000000e+06
4.691643000000000000e+06 4.691810000000000000e+06
4.694964000000000000e+06 4.695294000000000000e+06
4.696209000000000000e+06 4.696523000000000000e+06
4.700452000000000000e+06 4.700546000000000000e+06
4.701174000000000000e+06 4.701393000000000000e+06
4.701890000000000000e+06 4.701984000000000000e+06
4.702816000000000000e+06 4.703182000000000000e+06
4.703896000000000000e+06 4.704053000000000000e+06
4.705194000000000000e+06 4.705429000000000000e+06
4.706224000000000000e+06 4.706433000000000000e+06
4.707323000000000000e+06 4.707595000000000000e+06
4.709504000000000000e+06 4.710038000000000000e+06
4.710990000000000000e+06 4.711403000000000000e+06
4.712569000000000000e+06 4.712784000000000000e+06
4.714128000000000000e+06 4.714280000000000000e+06
4.715615000000000000e+06 4.715754000000000000e+06
4.721483000000000000e+06 4.721630000000000000e+06
4.722278000000000000e+06 4.722467000000000000e+06
4.723315000000000000e+06 4.723487000000000000e+06
4.725437000000000000e+06 4.725593000000000000e+06
4.727028000000000000e+06 4.727174000000000000e+06
4.728294000000000000e+06 4.728378000000000000e+06
4.728639000000000000e+06 4.728864000000000000e+06
4.732693000000000000e+06 4.732913000000000000e+06
4.733834000000000000e+06 4.734017000000000000e+06
4.734984000000000000e+06 4.735178000000000000e+06
4.736276000000000000e+06 4.736480000000000000e+06
4.741152000000000000e+06 4.741476000000000000e+06
4.742896000000000000e+06 4.743038000000000000e+06
4.744052000000000000e+06 4.744173000000000000e+06
4.748075000000000000e+06 4.748206000000000000e+06
4.750168000000000000e+06 4.750246000000000000e+06
4.754498000000000000e+06 4.754704000000000000e+06
4.756607000000000000e+06 4.756806000000000000e+06
4.758610000000000000e+06 4.758736000000000000e+06
4.763606000000000000e+06 4.763716000000000000e+06
4.767472000000000000e+06 4.767618000000000000e+06
4.770826000000000000e+06 4.770965000000000000e+06
4.771582000000000000e+06 4.771743000000000000e+06
4.772677000000000000e+06 4.772808000000000000e+06
4.774178000000000000e+06 4.774319000000000000e+06
4.777228000000000000e+06 4.777432000000000000e+06
4.779826000000000000e+06 4.779937000000000000e+06
4.785315000000000000e+06 4.785566000000000000e+06
4.788550000000000000e+06 4.788660000000000000e+06
4.792432000000000000e+06 4.792651000000000000e+06
4.794609000000000000e+06 4.794843000000000000e+06
4.799441000000000000e+06 4.799619000000000000e+06
4.800576000000000000e+06 4.800692000000000000e+06
4.804385000000000000e+06 4.804500000000000000e+06
4.804866000000000000e+06 4.805133000000000000e+06
4.805790000000000000e+06 4.805956000000000000e+06
4.807989000000000000e+06 4.808151000000000000e+06
4.819454000000000000e+06 4.819548000000000000e+06
4.820666000000000000e+06 4.820907000000000000e+06
4.829287000000000000e+06 4.829470000000000000e+06
4.829985000000000000e+06 4.830200000000000000e+06
4.839296000000000000e+06 4.839468000000000000e+06
4.841582000000000000e+06 4.841657000000000000e+06
4.843747000000000000e+06 4.843832000000000000e+06
4.846975000000000000e+06 4.847131000000000000e+06
4.849687000000000000e+06 4.849809000000000000e+06
4.851087000000000000e+06 4.851187000000000000e+06
4.853195000000000000e+06 4.853473000000000000e+06
4.855843000000000000e+06 4.855987000000000000e+06
4.858636000000000000e+06 4.858769000000000000e+06
4.865226000000000000e+06 4.865348000000000000e+06
4.865950000000000000e+06 4.866190000000000000e+06
4.866702000000000000e+06 4.866875000000000000e+06
4.868334000000000000e+06 4.868449000000000000e+06
4.869909000000000000e+06 4.870054000000000000e+06
4.871795000000000000e+06 4.871951000000000000e+06
4.874498000000000000e+06 4.874603000000000000e+06
4.877384000000000000e+06 4.877541000000000000e+06
4.878571000000000000e+06 4.878681000000000000e+06
4.879015000000000000e+06 4.879165000000000000e+06
4.892010000000000000e+06 4.892174000000000000e+06
4.896189000000000000e+06 4.896367000000000000e+06
4.900015000000000000e+06 4.900090000000000000e+06
4.901650000000000000e+06 4.901818000000000000e+06
4.912643000000000000e+06 4.912809000000000000e+06
4.923850000000000000e+06 4.923999000000000000e+06
4.924761000000000000e+06 4.924845000000000000e+06
4.933429000000000000e+06 4.933544000000000000e+06
4.935406000000000000e+06 4.935647000000000000e+06
4.939623000000000000e+06 4.939785000000000000e+06
4.940287000000000000e+06 4.940533000000000000e+06
4.941359000000000000e+06 4.941469000000000000e+06
4.945632000000000000e+06 4.945765000000000000e+06
4.959715000000000000e+06 4.959854000000000000e+06
4.965980000000000000e+06 4.966105000000000000e+06
4.976334000000000000e+06 4.976449000000000000e+06
4.985535000000000000e+06 4.985708000000000000e+06
4.990463000000000000e+06 4.990599000000000000e+06
4.995077000000000000e+06 4.995401000000000000e+06
4.999465000000000000e+06 4.999565000000000000e+06
5.000120000000000000e+06 5.000220000000000000e+06
5.008735000000000000e+06 5.008908000000000000e+06
5.009546000000000000e+06 5.009677000000000000e+06
5.010828000000000000e+06 5.010896000000000000e+06
5.012732000000000000e+06 5.012826000000000000e+06
5.013389000000000000e+06 5.013536000000000000e+06
5.014264000000000000e+06 5.014474000000000000e+06
5.014892000000000000e+06 5.015112000000000000e+06
5.015316000000000000e+06 5.015452000000000000e+06
5.024773000000000000e+06 5.024847000000000000e+06
5.030460000000000000e+06 5.030643000000000000e+06
5.032064000000000000e+06 5.032175000000000000e+06
5.036658000000000000e+06 5.036773000000000000e+06
5.039493000000000000e+06 5.039620000000000000e+06
5.041854000000000000e+06 5.041991000000000000e+06
5.043466000000000000e+06 5.043628000000000000e+06
5.044756000000000000e+06 5.044845000000000000e+06
5.053168000000000000e+06 5.053445000000000000e+06
5.069550000000000000e+06 5.069661000000000000e+06
5.085595000000000000e+06 5.085684000000000000e+06
5.087287000000000000e+06 5.087465000000000000e+06
5.094362000000000000e+06 5.094493000000000000e+06
5.097835000000000000e+06 5.097992000000000000e+06
5.098849000000000000e+06 5.098965000000000000e+06
5.103820000000000000e+06 5.103961000000000000e+06
5.108554000000000000e+06 5.108695000000000000e+06
5.122659000000000000e+06 5.122804000000000000e+06
5.124687000000000000e+06 5.124804000000000000e+06
5.129998000000000000e+06 5.130104000000000000e+06
5.130943000000000000e+06 5.131178000000000000e+06
5.131492000000000000e+06 5.131717000000000000e+06
5.132334000000000000e+06 5.132486000000000000e+06
5.132859000000000000e+06 5.132970000000000000e+06
5.133561000000000000e+06 5.133770000000000000e+06
5.133911000000000000e+06 5.134011000000000000e+06
5.146098000000000000e+06 5.146187000000000000e+06
5.146726000000000000e+06 5.146826000000000000e+06
5.147809000000000000e+06 5.148040000000000000e+06
5.158746000000000000e+06 5.158923000000000000e+06
5.161139000000000000e+06 5.161255000000000000e+06
5.162548000000000000e+06 5.162784000000000000e+06
5.273419000000000000e+06 5.273540000000000000e+06
5.274632000000000000e+06 5.274815000000000000e+06
5.277126000000000000e+06 5.277254000000000000e+06
5.277882000000000000e+06 5.278143000000000000e+06
5.283904000000000000e+06 5.284087000000000000e+06
5.284661000000000000e+06 5.284864000000000000e+06
5.289359000000000000e+06 5.289487000000000000e+06
5.293785000000000000e+06 5.294193000000000000e+06
5.295587000000000000e+06 5.295793000000000000e+06
5.297311000000000000e+06 5.297417000000000000e+06
5.306437000000000000e+06 5.306626000000000000e+06
5.465987000000000000e+06 5.466098000000000000e+06
5.469958000000000000e+06 5.470105000000000000e+06
5.471418000000000000e+06 5.471690000000000000e+06
5.477593000000000000e+06 5.477734000000000000e+06
5.487065000000000000e+06 5.487254000000000000e+06
5.487987000000000000e+06 5.488332000000000000e+06
5.489760000000000000e+06 5.490006000000000000e+06
5.490446000000000000e+06 5.490603000000000000e+06
5.491021000000000000e+06 5.491241000000000000e+06
5.496116000000000000e+06 5.496236000000000000e+06
5.496613000000000000e+06 5.496922000000000000e+06
5.497769000000000000e+06 5.498062000000000000e+06
5.498896000000000000e+06 5.499252000000000000e+06
5.500821000000000000e+06 5.501219000000000000e+06
5.502119000000000000e+06 5.502522000000000000e+06
5.503926000000000000e+06 5.504220000000000000e+06
5.505048000000000000e+06 5.505210000000000000e+06
5.505796000000000000e+06 5.506000000000000000e+06
5.506761000000000000e+06 5.507012000000000000e+06
5.507661000000000000e+06 5.507959000000000000e+06
5.508399000000000000e+06 5.508676000000000000e+06
5.509377000000000000e+06 5.509790000000000000e+06
5.511294000000000000e+06 5.511519000000000000e+06
5.512874000000000000e+06 5.513214000000000000e+06
5.514001000000000000e+06 5.514440000000000000e+06
5.515897000000000000e+06 5.516195000000000000e+06
5.517535000000000000e+06 5.518100000000000000e+06
5.519130000000000000e+06 5.519465000000000000e+06
5.520736000000000000e+06 5.521071000000000000e+06
5.522122000000000000e+06 5.522708000000000000e+06
5.523104000000000000e+06 5.523315000000000000e+06
5.524581000000000000e+06 5.524905000000000000e+06
5.527641000000000000e+06 5.528012000000000000e+06
5.529916000000000000e+06 5.530215000000000000e+06
5.530664000000000000e+06 5.531538000000000000e+06
5.533060000000000000e+06 5.533845000000000000e+06
5.534750000000000000e+06 5.535074000000000000e+06
5.536026000000000000e+06 5.536194000000000000e+06
5.537444000000000000e+06 5.537627000000000000e+06
5.538268000000000000e+06 5.538707000000000000e+06
5.539241000000000000e+06 5.539497000000000000e+06
5.543488000000000000e+06 5.543786000000000000e+06
5.545598000000000000e+06 5.545920000000000000e+06
5.546865000000000000e+06 5.547143000000000000e+06
5.547943000000000000e+06 5.548159000000000000e+06
5.549554000000000000e+06 5.549820000000000000e+06
5.550749000000000000e+06 5.551084000000000000e+06
5.551531000000000000e+06 5.551716000000000000e+06
5.552052000000000000e+06 5.552188000000000000e+06
5.552522000000000000e+06 5.552868000000000000e+06
5.553040000000000000e+06 5.553290000000000000e+06
5.555318000000000000e+06 5.555611000000000000e+06
5.557510000000000000e+06 5.557829000000000000e+06
5.558922000000000000e+06 5.559205000000000000e+06
5.560237000000000000e+06 5.560404000000000000e+06
5.561161000000000000e+06 5.561507000000000000e+06
5.562282000000000000e+06 5.562654000000000000e+06
5.563282000000000000e+06 5.563676000000000000e+06
5.564222000000000000e+06 5.564415000000000000e+06
5.565053000000000000e+06 5.565278000000000000e+06
5.566821000000000000e+06 5.567188000000000000e+06
5.568032000000000000e+06 5.568289000000000000e+06
5.569785000000000000e+06 5.570004000000000000e+06
5.570588000000000000e+06 5.570870000000000000e+06
5.571467000000000000e+06 5.571828000000000000e+06
5.572110000000000000e+06 5.572330000000000000e+06
5.574378000000000000e+06 5.574744000000000000e+06
5.575659000000000000e+06 5.575976000000000000e+06
5.576614000000000000e+06 5.576860000000000000e+06
5.577332000000000000e+06 5.577420000000000000e+06
5.578131000000000000e+06 5.578283000000000000e+06
5.578549000000000000e+06 5.578649000000000000e+06
5.579344000000000000e+06 5.579554000000000000e+06
5.580287000000000000e+06 5.580509000000000000e+06
5.581123000000000000e+06 5.581432000000000000e+06
5.585368000000000000e+06 5.585907000000000000e+06
5.586393000000000000e+06 5.586854000000000000e+06
5.588104000000000000e+06 5.588533000000000000e+06
5.589822000000000000e+06 5.590032000000000000e+06
5.592325000000000000e+06 5.592456000000000000e+06
5.593769000000000000e+06 5.594140000000000000e+06
5.595051000000000000e+06 5.595354000000000000e+06
5.598080000000000000e+06 5.598184000000000000e+06
5.600703000000000000e+06 5.600912000000000000e+06
5.601446000000000000e+06 5.601901000000000000e+06
5.602157000000000000e+06 5.602330000000000000e+06
5.603718000000000000e+06 5.604027000000000000e+06
5.604546000000000000e+06 5.604686000000000000e+06
5.606399000000000000e+06 5.606881000000000000e+06
5.609052000000000000e+06 5.609329000000000000e+06
5.610265000000000000e+06 5.610559000000000000e+06
5.611343000000000000e+06 5.611459000000000000e+06
5.613276000000000000e+06 5.613966000000000000e+06
5.625605000000000000e+06 5.625825000000000000e+06
5.626160000000000000e+06 5.626275000000000000e+06
5.627050000000000000e+06 5.627152000000000000e+06
5.627309000000000000e+06 5.627426000000000000e+06
5.629152000000000000e+06 5.629769000000000000e+06
5.630020000000000000e+06 5.630344000000000000e+06
5.630444000000000000e+06 5.630632000000000000e+06
5.630834000000000000e+06 5.631194000000000000e+06
5.631922000000000000e+06 5.632236000000000000e+06
5.632732000000000000e+06 5.632998000000000000e+06
5.633709000000000000e+06 5.634098000000000000e+06
5.634650000000000000e+06 5.634869000000000000e+06
5.636334000000000000e+06 5.636501000000000000e+06
5.637265000000000000e+06 5.637537000000000000e+06
5.638356000000000000e+06 5.638539000000000000e+06
5.639297000000000000e+06 5.639569000000000000e+06
5.640077000000000000e+06 5.640370000000000000e+06
5.640548000000000000e+06 5.640652000000000000e+06
5.641134000000000000e+06 5.641343000000000000e+06
5.641568000000000000e+06 5.641798000000000000e+06
5.642117000000000000e+06 5.642520000000000000e+06
5.642729000000000000e+06 5.643080000000000000e+06
5.643959000000000000e+06 5.644220000000000000e+06
5.644920000000000000e+06 5.645235000000000000e+06
5.647902000000000000e+06 5.648253000000000000e+06
5.650445000000000000e+06 5.650780000000000000e+06
5.651412000000000000e+06 5.651596000000000000e+06
5.654426000000000000e+06 5.654666000000000000e+06
5.655409000000000000e+06 5.655676000000000000e+06
5.655796000000000000e+06 5.656016000000000000e+06
5.656675000000000000e+06 5.657025000000000000e+06
5.657876000000000000e+06 5.658263000000000000e+06
5.658720000000000000e+06 5.658882000000000000e+06
5.659513000000000000e+06 5.659722000000000000e+06
5.660590000000000000e+06 5.660705000000000000e+06
5.660965000000000000e+06 5.661276000000000000e+06
5.661927000000000000e+06 5.662115000000000000e+06
5.662392000000000000e+06 5.662691000000000000e+06
5.663378000000000000e+06 5.663980000000000000e+06
5.664535000000000000e+06 5.665141000000000000e+06
5.665642000000000000e+06 5.665952000000000000e+06
5.666462000000000000e+06 5.667095000000000000e+06
5.667660000000000000e+06 5.668225000000000000e+06
5.668826000000000000e+06 5.669059000000000000e+06
5.669665000000000000e+06 5.669948000000000000e+06
5.670707000000000000e+06 5.671084000000000000e+06
5.671921000000000000e+06 5.672250000000000000e+06
5.673882000000000000e+06 5.674186000000000000e+06
5.674923000000000000e+06 5.675169000000000000e+06
5.676247000000000000e+06 5.676550000000000000e+06
5.677387000000000000e+06 5.677670000000000000e+06
5.679323000000000000e+06 5.679506000000000000e+06
5.686034000000000000e+06 5.686181000000000000e+06
5.686672000000000000e+06 5.686829000000000000e+06
5.688964000000000000e+06 5.689209000000000000e+06
5.689617000000000000e+06 5.690130000000000000e+06
5.690407000000000000e+06 5.690936000000000000e+06
5.691202000000000000e+06 5.691391000000000000e+06
5.691846000000000000e+06 5.692196000000000000e+06
5.692573000000000000e+06 5.692918000000000000e+06
5.693567000000000000e+06 5.694022000000000000e+06
5.697061000000000000e+06 5.697574000000000000e+06
5.699755000000000000e+06 5.700032000000000000e+06
5.702603000000000000e+06 5.703247000000000000e+06
5.703676000000000000e+06 5.703964000000000000e+06
5.704682000000000000e+06 5.704882000000000000e+06
5.706312000000000000e+06 5.706448000000000000e+06
5.706909000000000000e+06 5.707170000000000000e+06
5.707782000000000000e+06 5.708290000000000000e+06
5.708818000000000000e+06 5.709137000000000000e+06
5.709715000000000000e+06 5.709876000000000000e+06
5.711093000000000000e+06 5.711308000000000000e+06
5.711982000000000000e+06 5.712115000000000000e+06
5.713309000000000000e+06 5.713644000000000000e+06
5.714146000000000000e+06 5.714590000000000000e+06
5.715142000000000000e+06 5.715336000000000000e+06
5.715875000000000000e+06 5.716309000000000000e+06
5.717329000000000000e+06 5.717705000000000000e+06
5.718870000000000000e+06 5.719065000000000000e+06
5.723213000000000000e+06 5.723364000000000000e+06
5.723959000000000000e+06 5.724126000000000000e+06
5.724927000000000000e+06 5.725304000000000000e+06
5.726120000000000000e+06 5.726517000000000000e+06
5.727375000000000000e+06 5.727746000000000000e+06
5.728280000000000000e+06 5.728672000000000000e+06
5.730854000000000000e+06 5.731137000000000000e+06
5.733114000000000000e+06 5.733380000000000000e+06
5.734855000000000000e+06 5.735462000000000000e+06
5.736304000000000000e+06 5.736556000000000000e+06
5.737497000000000000e+06 5.737706000000000000e+06
5.738248000000000000e+06 5.738415000000000000e+06
5.739370000000000000e+06 5.739678000000000000e+06
5.740489000000000000e+06 5.740672000000000000e+06
5.741446000000000000e+06 5.741970000000000000e+06
5.743443000000000000e+06 5.743770000000000000e+06
5.746191000000000000e+06 5.746599000000000000e+06
5.748643000000000000e+06 5.748809000000000000e+06
5.749424000000000000e+06 5.749680000000000000e+06
5.750329000000000000e+06 5.750705000000000000e+06
5.751270000000000000e+06 5.751610000000000000e+06
5.754080000000000000e+06 5.754435000000000000e+06
5.755726000000000000e+06 5.755937000000000000e+06
5.757197000000000000e+06 5.757312000000000000e+06
5.758725000000000000e+06 5.758976000000000000e+06
5.759138000000000000e+06 5.759263000000000000e+06
5.759682000000000000e+06 5.759882000000000000e+06
5.760514000000000000e+06 5.760974000000000000e+06
5.765392000000000000e+06 5.765540000000000000e+06
5.766451000000000000e+06 5.766692000000000000e+06
5.767413000000000000e+06 5.767889000000000000e+06
5.768593000000000000e+06 5.768848000000000000e+06
5.769387000000000000e+06 5.769704000000000000e+06
5.770254000000000000e+06 5.770547000000000000e+06
5.771582000000000000e+06 5.771837000000000000e+06
5.772360000000000000e+06 5.772452000000000000e+06
5.773320000000000000e+06 5.773626000000000000e+06
5.774568000000000000e+06 5.774744000000000000e+06
5.775540000000000000e+06 5.775770000000000000e+06
5.776082000000000000e+06 5.776243000000000000e+06
5.777526000000000000e+06 5.777637000000000000e+06
5.785196000000000000e+06 5.785557000000000000e+06
5.786150000000000000e+06 5.786239000000000000e+06
5.786802000000000000e+06 5.787189000000000000e+06
5.787801000000000000e+06 5.788079000000000000e+06
5.788889000000000000e+06 5.789033000000000000e+06
5.789328000000000000e+06 5.789500000000000000e+06
5.791154000000000000e+06 5.791578000000000000e+06
5.792117000000000000e+06 5.792572000000000000e+06
5.793090000000000000e+06 5.793383000000000000e+06
5.793780000000000000e+06 5.794544000000000000e+06
5.794811000000000000e+06 5.795318000000000000e+06
5.795575000000000000e+06 5.795758000000000000e+06
5.796493000000000000e+06 5.796893000000000000e+06
5.797622000000000000e+06 5.797789000000000000e+06
5.798315000000000000e+06 5.798532000000000000e+06
5.799223000000000000e+06 5.799490000000000000e+06
5.799932000000000000e+06 5.800104000000000000e+06
5.802920000000000000e+06 5.803132000000000000e+06
5.803926000000000000e+06 5.804143000000000000e+06
5.805043000000000000e+06 5.805265000000000000e+06
5.806213000000000000e+06 5.806436000000000000e+06
5.807345000000000000e+06 5.807500000000000000e+06
5.808513000000000000e+06 5.808768000000000000e+06
5.809918000000000000e+06 5.810180000000000000e+06
5.814120000000000000e+06 5.814454000000000000e+06
5.815620000000000000e+06 5.815719000000000000e+06
5.816512000000000000e+06 5.816829000000000000e+06
5.817712000000000000e+06 5.817807000000000000e+06
5.819042000000000000e+06 5.819286000000000000e+06
5.821528000000000000e+06 5.821821000000000000e+06
5.821994000000000000e+06 5.822093000000000000e+06
5.823370000000000000e+06 5.823678000000000000e+06
5.823935000000000000e+06 5.824181000000000000e+06
5.824610000000000000e+06 5.824704000000000000e+06
5.825849000000000000e+06 5.826242000000000000e+06
5.826902000000000000e+06 5.827035000000000000e+06
5.827370000000000000e+06 5.827584000000000000e+06
5.829265000000000000e+06 5.829554000000000000e+06
5.830276000000000000e+06 5.830498000000000000e+06
5.831326000000000000e+06 5.831509000000000000e+06
5.832644000000000000e+06 5.832822000000000000e+06
5.833354000000000000e+06 5.833643000000000000e+06
5.834428000000000000e+06 5.834700000000000000e+06
5.835950000000000000e+06 5.836385000000000000e+06
5.836636000000000000e+06 5.836746000000000000e+06
5.838179000000000000e+06 5.838529000000000000e+06
5.839052000000000000e+06 5.839309000000000000e+06
5.839743000000000000e+06 5.839931000000000000e+06
5.840441000000000000e+06 5.840630000000000000e+06
5.840980000000000000e+06 5.841357000000000000e+06
5.842502000000000000e+06 5.842764000000000000e+06
5.843266000000000000e+06 5.843433000000000000e+06
5.844390000000000000e+06 5.844557000000000000e+06
5.845079000000000000e+06 5.845246000000000000e+06
5.845748000000000000e+06 5.846057000000000000e+06
5.846677000000000000e+06 5.847069000000000000e+06
5.847869000000000000e+06 5.848246000000000000e+06
5.848931000000000000e+06 5.849161000000000000e+06
5.851444000000000000e+06 5.851683000000000000e+06
5.851997000000000000e+06 5.852321000000000000e+06
5.874027000000000000e+06 5.874414000000000000e+06
5.874969000000000000e+06 5.875194000000000000e+06
5.875816000000000000e+06 5.875999000000000000e+06
5.876635000000000000e+06 5.876949000000000000e+06
5.877341000000000000e+06 5.877655000000000000e+06
5.878351000000000000e+06 5.878492000000000000e+06
5.879120000000000000e+06 5.879444000000000000e+06
5.880132000000000000e+06 5.880304000000000000e+06
5.880826000000000000e+06 5.881026000000000000e+06
5.881687000000000000e+06 5.881920000000000000e+06
5.882331000000000000e+06 5.882588000000000000e+06
5.883435000000000000e+06 5.883629000000000000e+06
5.884270000000000000e+06 5.884437000000000000e+06
5.884981000000000000e+06 5.885195000000000000e+06
5.884989000000000000e+06 5.885177000000000000e+06
5.885912000000000000e+06 5.886012000000000000e+06
5.886746000000000000e+06 5.887013000000000000e+06
5.888990000000000000e+06 5.889200000000000000e+06
5.889278000000000000e+06 5.889540000000000000e+06
5.893615000000000000e+06 5.893787000000000000e+06
5.895676000000000000e+06 5.895804000000000000e+06
5.897512000000000000e+06 5.897737000000000000e+06
5.898920000000000000e+06 5.899032000000000000e+06
5.899515000000000000e+06 5.899662000000000000e+06
5.900415000000000000e+06 5.900630000000000000e+06
5.901477000000000000e+06 5.901718000000000000e+06
5.901959000000000000e+06 5.902126000000000000e+06
5.903715000000000000e+06 5.903976000000000000e+06
5.905340000000000000e+06 5.905596000000000000e+06
5.906072000000000000e+06 5.906365000000000000e+06
5.907193000000000000e+06 5.907359000000000000e+06
5.907959000000000000e+06 5.908182000000000000e+06
5.908693000000000000e+06 5.909043000000000000e+06
5.910218000000000000e+06 5.910516000000000000e+06
5.910673000000000000e+06 5.910945000000000000e+06
5.911641000000000000e+06 5.911892000000000000e+06
5.912896000000000000e+06 5.913058000000000000e+06
5.913707000000000000e+06 5.914005000000000000e+06
5.914508000000000000e+06 5.915046000000000000e+06
5.916459000000000000e+06 5.916893000000000000e+06
5.917280000000000000e+06 5.917447000000000000e+06
5.917599000000000000e+06 5.917950000000000000e+06
5.925320000000000000e+06 5.925488000000000000e+06
5.926282000000000000e+06 5.926615000000000000e+06
5.927126000000000000e+06 5.927504000000000000e+06
5.928182000000000000e+06 5.928406000000000000e+06
5.928820000000000000e+06 5.929249000000000000e+06
5.929610000000000000e+06 5.929798000000000000e+06
5.930018000000000000e+06 5.930180000000000000e+06
5.932105000000000000e+06 5.932586000000000000e+06
5.933996000000000000e+06 5.934184000000000000e+06
5.934837000000000000e+06 5.935059000000000000e+06
5.935615000000000000e+06 5.935820000000000000e+06
5.937966000000000000e+06 5.938113000000000000e+06
5.938521000000000000e+06 5.938625000000000000e+06
5.942533000000000000e+06 5.942847000000000000e+06
5.944693000000000000e+06 5.945065000000000000e+06
5.945473000000000000e+06 5.945661000000000000e+06
5.946984000000000000e+06 5.947403000000000000e+06
5.948120000000000000e+06 5.948371000000000000e+06
5.949406000000000000e+06 5.949783000000000000e+06
5.950824000000000000e+06 5.951211000000000000e+06
5.951645000000000000e+06 5.951808000000000000e+06
5.953340000000000000e+06 5.953879000000000000e+06
5.954839000000000000e+06 5.955048000000000000e+06
5.955289000000000000e+06 5.955822000000000000e+06
5.956340000000000000e+06 5.956528000000000000e+06
5.957036000000000000e+06 5.957454000000000000e+06
5.958312000000000000e+06 5.958584000000000000e+06
5.959438000000000000e+06 5.959675000000000000e+06
5.960321000000000000e+06 5.960535000000000000e+06
5.961194000000000000e+06 5.961488000000000000e+06
5.962147000000000000e+06 5.962277000000000000e+06
5.962921000000000000e+06 5.963334000000000000e+06
5.964940000000000000e+06 5.965039000000000000e+06
5.966180000000000000e+06 5.966603000000000000e+06
5.967324000000000000e+06 5.967434000000000000e+06
5.967922000000000000e+06 5.968429000000000000e+06
5.968868000000000000e+06 5.969114000000000000e+06
5.969603000000000000e+06 5.970090000000000000e+06
5.970634000000000000e+06 5.970833000000000000e+06
5.971696000000000000e+06 5.971926000000000000e+06
5.976064000000000000e+06 5.976409000000000000e+06
5.977335000000000000e+06 5.977644000000000000e+06
5.982158000000000000e+06 5.982446000000000000e+06
5.983776000000000000e+06 5.983915000000000000e+06
5.984596000000000000e+06 5.984873000000000000e+06
5.985637000000000000e+06 5.986024000000000000e+06
5.986594000000000000e+06 5.987033000000000000e+06
5.988608000000000000e+06 5.988953000000000000e+06
5.992115000000000000e+06 5.992560000000000000e+06
5.993616000000000000e+06 5.993831000000000000e+06
5.994574000000000000e+06 5.994799000000000000e+06
5.997106000000000000e+06 5.997372000000000000e+06
5.998005000000000000e+06 5.998183000000000000e+06
5.998738000000000000e+06 5.998957000000000000e+06
6.003289000000000000e+06 6.003733000000000000e+06
6.004845000000000000e+06 6.005431000000000000e+06
6.012054000000000000e+06 6.012315000000000000e+06
6.014754000000000000e+06 6.014976000000000000e+06
6.015854000000000000e+06 6.015987000000000000e+06
6.017537000000000000e+06 6.017998000000000000e+06
6.018476000000000000e+06 6.018718000000000000e+06
6.019246000000000000e+06 6.019434000000000000e+06
6.021077000000000000e+06 6.021370000000000000e+06
6.021788000000000000e+06 6.022039000000000000e+06
6.022285000000000000e+06 6.022416000000000000e+06
6.022520000000000000e+06 6.022659000000000000e+06
6.022876000000000000e+06 6.023065000000000000e+06
6.023216000000000000e+06 6.023342000000000000e+06
6.023907000000000000e+06 6.024111000000000000e+06
6.024937000000000000e+06 6.025387000000000000e+06
6.026057000000000000e+06 6.026250000000000000e+06
6.026498000000000000e+06 6.026632000000000000e+06
6.027291000000000000e+06 6.027516000000000000e+06
6.028442000000000000e+06 6.028562000000000000e+06
6.032418000000000000e+06 6.032742000000000000e+06
6.033220000000000000e+06 6.033365000000000000e+06
6.034411000000000000e+06 6.034630000000000000e+06
6.035410000000000000e+06 6.035598000000000000e+06
6.039776000000000000e+06 6.040015000000000000e+06
6.040630000000000000e+06 6.040887000000000000e+06
6.042911000000000000e+06 6.043058000000000000e+06
6.043654000000000000e+06 6.043952000000000000e+06
6.044119000000000000e+06 6.044253000000000000e+06
6.046447000000000000e+06 6.046646000000000000e+06
6.047603000000000000e+06 6.047776000000000000e+06
6.048294000000000000e+06 6.048430000000000000e+06
6.048693000000000000e+06 6.048904000000000000e+06
6.050640000000000000e+06 6.050959000000000000e+06
6.053219000000000000e+06 6.053528000000000000e+06
6.054846000000000000e+06 6.054971000000000000e+06
6.055139000000000000e+06 6.055296000000000000e+06
6.057294000000000000e+06 6.057455000000000000e+06
6.058623000000000000e+06 6.059062000000000000e+06
6.059781000000000000e+06 6.060006000000000000e+06
6.064766000000000000e+06 6.065096000000000000e+06
6.066843000000000000e+06 6.067089000000000000e+06
6.067769000000000000e+06 6.068072000000000000e+06
6.069226000000000000e+06 6.069487000000000000e+06
6.070275000000000000e+06 6.070442000000000000e+06
6.070803000000000000e+06 6.071007000000000000e+06
6.072006000000000000e+06 6.072514000000000000e+06
6.073607000000000000e+06 6.073879000000000000e+06
6.074760000000000000e+06 6.075148000000000000e+06
6.076132000000000000e+06 6.076359000000000000e+06
6.077590000000000000e+06 6.077815000000000000e+06
6.078610000000000000e+06 6.078778000000000000e+06
6.080577000000000000e+06 6.081032000000000000e+06
6.081654000000000000e+06 6.081943000000000000e+06
6.082508000000000000e+06 6.082764000000000000e+06
6.108570000000000000e+06 6.108743000000000000e+06
6.110687000000000000e+06 6.110876000000000000e+06
6.111739000000000000e+06 6.111890000000000000e+06
6.112476000000000000e+06 6.113088000000000000e+06
6.113350000000000000e+06 6.113726000000000000e+06
6.114137000000000000e+06 6.114459000000000000e+06
6.115004000000000000e+06 6.115320000000000000e+06
6.115981000000000000e+06 6.116164000000000000e+06
6.116420000000000000e+06 6.116786000000000000e+06
6.117038000000000000e+06 6.117388000000000000e+06
6.117671000000000000e+06 6.117812000000000000e+06
6.119188000000000000e+06 6.119371000000000000e+06
6.119985000000000000e+06 6.120085000000000000e+06
6.122140000000000000e+06 6.122423000000000000e+06
6.132087000000000000e+06 6.132398000000000000e+06
6.133476000000000000e+06 6.133693000000000000e+06
6.134661000000000000e+06 6.134750000000000000e+06
6.135414000000000000e+06 6.135608000000000000e+06
6.136098000000000000e+06 6.136309000000000000e+06
6.138548000000000000e+06 6.138678000000000000e+06
6.138919000000000000e+06 6.139327000000000000e+06
6.139970000000000000e+06 6.140227000000000000e+06
6.140798000000000000e+06 6.141032000000000000e+06
6.141398000000000000e+06 6.141604000000000000e+06
6.142005000000000000e+06 6.142272000000000000e+06
6.142953000000000000e+06 6.143115000000000000e+06
6.143713000000000000e+06 6.144221000000000000e+06
6.144603000000000000e+06 6.144817000000000000e+06
6.145419000000000000e+06 6.145764000000000000e+06
6.148076000000000000e+06 6.148254000000000000e+06
6.149143000000000000e+06 6.149274000000000000e+06
6.150022000000000000e+06 6.150184000000000000e+06
6.151037000000000000e+06 6.151293000000000000e+06
6.153208000000000000e+06 6.153396000000000000e+06
6.157244000000000000e+06 6.157902000000000000e+06
6.159234000000000000e+06 6.159658000000000000e+06
6.160358000000000000e+06 6.160515000000000000e+06
6.160934000000000000e+06 6.161049000000000000e+06
6.162681000000000000e+06 6.162875000000000000e+06
6.163476000000000000e+06 6.163978000000000000e+06
6.164609000000000000e+06 6.164832000000000000e+06
6.165619000000000000e+06 6.165726000000000000e+06
6.166578000000000000e+06 6.166693000000000000e+06
6.167975000000000000e+06 6.168299000000000000e+06
6.169131000000000000e+06 6.169288000000000000e+06
6.170096000000000000e+06 6.170216000000000000e+06
6.171993000000000000e+06 6.172137000000000000e+06
6.173382000000000000e+06 6.173543000000000000e+06
6.174509000000000000e+06 6.174676000000000000e+06
6.175298000000000000e+06 6.175648000000000000e+06
6.177561000000000000e+06 6.177681000000000000e+06
6.178526000000000000e+06 6.178670000000000000e+06
6.179378000000000000e+06 6.179854000000000000e+06
6.181020000000000000e+06 6.181179000000000000e+06
6.181534000000000000e+06 6.181769000000000000e+06
6.183448000000000000e+06 6.183804000000000000e+06
6.186838000000000000e+06 6.187293000000000000e+06
6.188124000000000000e+06 6.188378000000000000e+06
6.237093000000000000e+06 6.237237000000000000e+06
6.238565000000000000e+06 6.238693000000000000e+06
6.243684000000000000e+06 6.243752000000000000e+06
6.244599000000000000e+06 6.245065000000000000e+06
6.245436000000000000e+06 6.245509000000000000e+06
6.245709000000000000e+06 6.245843000000000000e+06
6.246508000000000000e+06 6.246702000000000000e+06
6.247225000000000000e+06 6.247712000000000000e+06
6.248198000000000000e+06 6.248371000000000000e+06
6.249592000000000000e+06 6.249953000000000000e+06
6.250997000000000000e+06 6.251138000000000000e+06
6.253144000000000000e+06 6.253432000000000000e+06
6.255791000000000000e+06 6.256126000000000000e+06
6.256905000000000000e+06 6.257104000000000000e+06
6.258550000000000000e+06 6.258932000000000000e+06
6.259952000000000000e+06 6.260226000000000000e+06
6.260993000000000000e+06 6.261276000000000000e+06
6.261684000000000000e+06 6.261867000000000000e+06
6.262610000000000000e+06 6.262892000000000000e+06
6.263593000000000000e+06 6.263848000000000000e+06
6.264859000000000000e+06 6.265187000000000000e+06
6.266188000000000000e+06 6.266752000000000000e+06
6.268287000000000000e+06 6.268504000000000000e+06
6.270597000000000000e+06 6.270833000000000000e+06
6.271586000000000000e+06 6.271790000000000000e+06
6.272709000000000000e+06 6.272987000000000000e+06
6.273843000000000000e+06 6.274026000000000000e+06
6.274769000000000000e+06 6.274978000000000000e+06
6.275532000000000000e+06 6.275732000000000000e+06
6.276562000000000000e+06 6.276702000000000000e+06
6.277826000000000000e+06 6.278020000000000000e+06
6.283132000000000000e+06 6.283554000000000000e+06
6.285115000000000000e+06 6.285198000000000000e+06
6.286021000000000000e+06 6.286335000000000000e+06
6.288323000000000000e+06 6.288485000000000000e+06
6.289504000000000000e+06 6.289876000000000000e+06
6.290049000000000000e+06 6.290206000000000000e+06
6.292054000000000000e+06 6.292293000000000000e+06
6.293256000000000000e+06 6.293433000000000000e+06
6.293911000000000000e+06 6.294043000000000000e+06
6.295047000000000000e+06 6.295377000000000000e+06
6.295882000000000000e+06 6.296070000000000000e+06
6.298479000000000000e+06 6.298651000000000000e+06
6.299259000000000000e+06 6.299393000000000000e+06
6.303576000000000000e+06 6.303843000000000000e+06
6.306076000000000000e+06 6.306332000000000000e+06
6.310113000000000000e+06 6.310317000000000000e+06
6.311154000000000000e+06 6.311409000000000000e+06
6.311970000000000000e+06 6.312176000000000000e+06
6.312587000000000000e+06 6.312743000000000000e+06
6.313330000000000000e+06 6.313649000000000000e+06
6.314904000000000000e+06 6.315126000000000000e+06
6.317917000000000000e+06 6.318027000000000000e+06
6.318896000000000000e+06 6.319052000000000000e+06
6.319387000000000000e+06 6.319748000000000000e+06
6.349915000000000000e+06 6.350115000000000000e+06
6.353820000000000000e+06 6.354015000000000000e+06
6.355465000000000000e+06 6.355559000000000000e+06
6.356100000000000000e+06 6.356239000000000000e+06
6.356859000000000000e+06 6.357032000000000000e+06
6.357843000000000000e+06 6.358043000000000000e+06
6.360977000000000000e+06 6.361175000000000000e+06
6.362265000000000000e+06 6.362393000000000000e+06
6.363739000000000000e+06 6.363875000000000000e+06
6.364382000000000000e+06 6.364509000000000000e+06
6.369467000000000000e+06 6.369650000000000000e+06
6.370387000000000000e+06 6.370582000000000000e+06
6.370870000000000000e+06 6.371004000000000000e+06
6.371643000000000000e+06 6.371948000000000000e+06
6.374970000000000000e+06 6.375215000000000000e+06
6.376376000000000000e+06 6.376687000000000000e+06
6.834213000000000000e+06 6.834286000000000000e+06
6.852412000000000000e+06 6.852511000000000000e+06
6.856225000000000000e+06 6.856356000000000000e+06
6.876860000000000000e+06 6.877221000000000000e+06
6.888494000000000000e+06 6.888855000000000000e+06
6.894643000000000000e+06 6.894743000000000000e+06
6.898165000000000000e+06 6.898513000000000000e+06
6.899126000000000000e+06 6.899232000000000000e+06
6.902188000000000000e+06 6.902364000000000000e+06
6.903795000000000000e+06 6.903948000000000000e+06
6.904021000000000000e+06 6.904194000000000000e+06
6.916287000000000000e+06 6.916454000000000000e+06
6.921429000000000000e+06 6.921642000000000000e+06
6.922902000000000000e+06 6.923244000000000000e+06
6.927670000000000000e+06 6.927809000000000000e+06
6.929057000000000000e+06 6.929303000000000000e+06
6.941315000000000000e+06 6.941493000000000000e+06
6.944370000000000000e+06 6.944509000000000000e+06
6.947658000000000000e+06 6.947831000000000000e+06
6.953498000000000000e+06 6.953732000000000000e+06
6.954434000000000000e+06 6.954716000000000000e+06
6.958309000000000000e+06 6.958543000000000000e+06
6.959304000000000000e+06 6.959554000000000000e+06
6.960914000000000000e+06 6.961165000000000000e+06
6.961845000000000000e+06 6.962133000000000000e+06
6.963733000000000000e+06 6.963843000000000000e+06
6.964869000000000000e+06 6.964989000000000000e+06
6.965570000000000000e+06 6.965882000000000000e+06
6.968797000000000000e+06 6.968917000000000000e+06
6.970821000000000000e+06 6.971020000000000000e+06
6.973264000000000000e+06 6.973510000000000000e+06
6.973845000000000000e+06 6.973991000000000000e+06
6.978736000000000000e+06 6.978977000000000000e+06
6.982882000000000000e+06 6.983032000000000000e+06
6.985693000000000000e+06 6.985923000000000000e+06
6.986582000000000000e+06 6.986938000000000000e+06
6.987465000000000000e+06 6.987620000000000000e+06
6.988232000000000000e+06 6.988604000000000000e+06
6.989165000000000000e+06 6.989470000000000000e+06
6.990898000000000000e+06 6.991107000000000000e+06
6.998382000000000000e+06 6.998509000000000000e+06
6.999201000000000000e+06 6.999446000000000000e+06
7.000259000000000000e+06 7.000404000000000000e+06
7.000774000000000000e+06 7.000910000000000000e+06
7.001459000000000000e+06 7.001659000000000000e+06
7.002825000000000000e+06 7.002956000000000000e+06
7.003352000000000000e+06 7.003525000000000000e+06
7.004269000000000000e+06 7.004499000000000000e+06
7.005161000000000000e+06 7.005411000000000000e+06
7.006682000000000000e+06 7.006782000000000000e+06
7.012178000000000000e+06 7.012277000000000000e+06
7.012692000000000000e+06 7.012803000000000000e+06
7.012958000000000000e+06 7.013053000000000000e+06
7.014323000000000000e+06 7.014553000000000000e+06
7.015709000000000000e+06 7.015876000000000000e+06
7.016441000000000000e+06 7.016593000000000000e+06
7.017257000000000000e+06 7.017490000000000000e+06
7.020129000000000000e+06 7.020365000000000000e+06
7.021037000000000000e+06 7.021259000000000000e+06
7.022185000000000000e+06 7.022269000000000000e+06
7.023318000000000000e+06 7.023767000000000000e+06
7.039615000000000000e+06 7.039770000000000000e+06
7.040759000000000000e+06 7.041032000000000000e+06
7.041194000000000000e+06 7.041265000000000000e+06
7.048920000000000000e+06 7.049070000000000000e+06
7.051883000000000000e+06 7.052031000000000000e+06
7.054207000000000000e+06 7.054526000000000000e+06
7.054925000000000000e+06 7.055064000000000000e+06
7.056740000000000000e+06 7.056842000000000000e+06
7.057609000000000000e+06 7.057804000000000000e+06
7.058654000000000000e+06 7.059037000000000000e+06
7.061619000000000000e+06 7.061800000000000000e+06
7.062654000000000000e+06 7.062765000000000000e+06
7.067354000000000000e+06 7.067476000000000000e+06
7.070837000000000000e+06 7.071022000000000000e+06
7.071609000000000000e+06 7.071820000000000000e+06
7.072508000000000000e+06 7.072874000000000000e+06
7.072999000000000000e+06 7.073172000000000000e+06
7.073486000000000000e+06 7.073847000000000000e+06
7.078910000000000000e+06 7.079135000000000000e+06
7.082826000000000000e+06 7.083015000000000000e+06
7.084076000000000000e+06 7.084198000000000000e+06
7.089898000000000000e+06 7.090032000000000000e+06
7.095526000000000000e+06 7.095957000000000000e+06
7.097943000000000000e+06 7.098220000000000000e+06
7.122843000000000000e+06 7.123104000000000000e+06
7.127226000000000000e+06 7.127332000000000000e+06
7.136109000000000000e+06 7.136232000000000000e+06
7.139754000000000000e+06 7.140009000000000000e+06
