1.981000000000000000e+03 2.174000000000000000e+03
1.797500000000000000e+04 1.815300000000000000e+04
2.180400000000000000e+04 2.192400000000000000e+04
2.716000000000000000e+04 2.733300000000000000e+04
2.972900000000000000e+04 2.985400000000000000e+04
3.470400000000000000e+04 3.480300000000000000e+04
3.771700000000000000e+04 3.783700000000000000e+04
4.583500000000000000e+04 4.595600000000000000e+04
4.690800000000000000e+04 4.707000000000000000e+04
4.946000000000000000e+04 4.961700000000000000e+04
1.380170000000000000e+05 1.382840000000000000e+05
1.387230000000000000e+05 1.389580000000000000e+05
1.396280000000000000e+05 1.399470000000000000e+05
1.403390000000000000e+05 1.409150000000000000e+05
1.416100000000000000e+05 1.418510000000000000e+05
1.425680000000000000e+05 1.428240000000000000e+05
1.446550000000000000e+05 1.447860000000000000e+05
1.455180000000000000e+05 1.457950000000000000e+05
1.474060000000000000e+05 1.475420000000000000e+05
1.485360000000000000e+05 1.486830000000000000e+05
1.499070000000000000e+05 1.501630000000000000e+05
1.519730000000000000e+05 1.523180000000000000e+05
1.536470000000000000e+05 1.539400000000000000e+05
1.555250000000000000e+05 1.558650000000000000e+05
1.563360000000000000e+05 1.566760000000000000e+05
1.571730000000000000e+05 1.572830000000000000e+05
1.581400000000000000e+05 1.583240000000000000e+05
1.592440000000000000e+05 1.595110000000000000e+05
1.603950000000000000e+05 1.606100000000000000e+05
1.630790000000000000e+05 1.634920000000000000e+05
1.660340000000000000e+05 1.665260000000000000e+05
1.670800000000000000e+05 1.675250000000000000e+05
1.684250000000000000e+05 1.687650000000000000e+05
1.698160000000000000e+05 1.701770000000000000e+05
1.721230000000000000e+05 1.723740000000000000e+05
1.732160000000000000e+05 1.734880000000000000e+05
1.774120000000000000e+05 1.777520000000000000e+05
1.788030000000000000e+05 1.790280000000000000e+05
1.799540000000000000e+05 1.803990000000000000e+05
1.820880000000000000e+05 1.823760000000000000e+05
1.860950000000000000e+05 1.864300000000000000e+05
1.869480000000000000e+05 1.872510000000000000e+05
1.887920000000000000e+05 1.891940000000000000e+05
1.899370000000000000e+05 1.902560000000000000e+05
1.922760000000000000e+05 1.926890000000000000e+05
1.937460000000000000e+05 1.940750000000000000e+05
1.964810000000000000e+05 1.967900000000000000e+05
1.975540000000000000e+05 1.977160000000000000e+05
1.993640000000000000e+05 1.995260000000000000e+05
2.012470000000000000e+05 2.013780000000000000e+05
2.039590000000000000e+05 2.041420000000000000e+05
2.076050000000000000e+05 2.076890000000000000e+05
2.125540000000000000e+05 2.128880000000000000e+05
2.146200000000000000e+05 2.148290000000000000e+05
2.156920000000000000e+05 2.160380000000000000e+05
2.194270000000000000e+05 2.196420000000000000e+05
2.256630000000000000e+05 2.257940000000000000e+05
2.260080000000000000e+05 2.262120000000000000e+05
2.264060000000000000e+05 2.266040000000000000e+05
2.274150000000000000e+05 2.277500000000000000e+05
2.322070000000000000e+05 2.324210000000000000e+05
2.351830000000000000e+05 2.353870000000000000e+05
2.362580000000000000e+05 2.364520000000000000e+05
2.376600000000000000e+05 2.382300000000000000e+05
2.387900000000000000e+05 2.390100000000000000e+05
2.411070000000000000e+05 2.415570000000000000e+05
2.423210000000000000e+05 2.425770000000000000e+05
2.438120000000000000e+05 2.439790000000000000e+05
2.445810000000000000e+05 2.447900000000000000e+05
2.540330000000000000e+05 2.542950000000000000e+05
2.550580000000000000e+05 2.551840000000000000e+05
2.556290000000000000e+05 2.557440000000000000e+05
2.567640000000000000e+05 2.569730000000000000e+05
2.576140000000000000e+05 2.580580000000000000e+05
2.586080000000000000e+05 2.588430000000000000e+05
2.598320000000000000e+05 2.601400000000000000e+05
2.609330000000000000e+05 2.611630000000000000e+05
2.638490000000000000e+05 2.640120000000000000e+05
2.651260000000000000e+05 2.654970000000000000e+05
2.743320000000000000e+05 2.745870000000000000e+05
3.030480000000000000e+05 3.031740000000000000e+05
3.101620000000000000e+05 3.103240000000000000e+05
3.127730000000000000e+05 3.131070000000000000e+05
3.136250000000000000e+05 3.137930000000000000e+05
4.008530000000000000e+05 4.011250000000000000e+05
4.060590000000000000e+05 4.063040000000000000e+05
4.078760000000000000e+05 4.080590000000000000e+05
4.089060000000000000e+05 4.092250000000000000e+05
4.100620000000000000e+05 4.102030000000000000e+05
4.120920000000000000e+05 4.123900000000000000e+05
4.145260000000000000e+05 4.146540000000000000e+05
4.147440000000000000e+05 4.148960000000000000e+05
4.153240000000000000e+05 4.156330000000000000e+05
4.162040000000000000e+05 4.163320000000000000e+05
4.169070000000000000e+05 4.174510000000000000e+05
4.184240000000000000e+05 4.185490000000000000e+05
4.187810000000000000e+05 4.189250000000000000e+05
4.206000000000000000e+05 4.208620000000000000e+05
4.229480000000000000e+05 4.231870000000000000e+05
4.240890000000000000e+05 4.244030000000000000e+05
4.255480000000000000e+05 4.258990000000000000e+05
4.275170000000000000e+05 4.276240000000000000e+05
4.311460000000000000e+05 4.314180000000000000e+05
4.325790000000000000e+05 4.327100000000000000e+05
4.336930000000000000e+05 4.339500000000000000e+05
4.347340000000000000e+05 4.349540000000000000e+05
4.375770000000000000e+05 4.380060000000000000e+05
4.395440000000000000e+05 4.397950000000000000e+05
4.419700000000000000e+05 4.421820000000000000e+05
4.437090000000000000e+05 4.438200000000000000e+05
4.450240000000000000e+05 4.452490000000000000e+05
4.455420000000000000e+05 4.457140000000000000e+05
4.462790000000000000e+05 4.467340000000000000e+05
4.492830000000000000e+05 4.494430000000000000e+05
4.522580000000000000e+05 4.524650000000000000e+05
4.554750000000000000e+05 4.558940000000000000e+05
4.574000000000000000e+05 4.576570000000000000e+05
4.582630000000000000e+05 4.586400000000000000e+05
4.595350000000000000e+05 4.596650000000000000e+05
4.612730000000000000e+05 4.614340000000000000e+05
4.633320000000000000e+05 4.635930000000000000e+05
4.645090000000000000e+05 4.648910000000000000e+05
5.405320000000000000e+05 5.407980000000000000e+05
5.417350000000000000e+05 5.418500000000000000e+05
5.444870000000000000e+05 5.447090000000000000e+05
5.460260000000000000e+05 5.462370000000000000e+05
5.489870000000000000e+05 5.491080000000000000e+05
5.501970000000000000e+05 5.504460000000000000e+05
5.541930000000000000e+05 5.544370000000000000e+05
5.562820000000000000e+05 5.566040000000000000e+05
5.578700000000000000e+05 5.582200000000000000e+05
5.589700000000000000e+05 5.591320000000000000e+05
5.602720000000000000e+05 5.606610000000000000e+05
5.612810000000000000e+05 5.616940000000000000e+05
5.624680000000000000e+05 5.628190000000000000e+05
5.640640000000000000e+05 5.641840000000000000e+05
5.663810000000000000e+05 5.667370000000000000e+05
5.673330000000000000e+05 5.676470000000000000e+05
5.686330000000000000e+05 5.687860000000000000e+05
5.708200000000000000e+05 5.710980000000000000e+05
5.720490000000000000e+05 5.723670000000000000e+05
5.734260000000000000e+05 5.737200000000000000e+05
5.746650000000000000e+05 5.748820000000000000e+05
5.776090000000000000e+05 5.777980000000000000e+05
5.785330000000000000e+05 5.788360000000000000e+05
5.810230000000000000e+05 5.811590000000000000e+05
5.844520000000000000e+05 5.850060000000000000e+05
5.865230000000000000e+05 5.867590000000000000e+05
5.891240000000000000e+05 5.894760000000000000e+05
5.902210000000000000e+05 5.905910000000000000e+05
5.915200000000000000e+05 5.918650000000000000e+05
5.926590000000000000e+05 5.929040000000000000e+05
5.945950000000000000e+05 5.948090000000000000e+05
5.962950000000000000e+05 5.963990000000000000e+05
6.014420000000000000e+05 6.016980000000000000e+05
6.053930000000000000e+05 6.056040000000000000e+05
6.066370000000000000e+05 6.070080000000000000e+05
6.077980000000000000e+05 6.080540000000000000e+05
6.087660000000000000e+05 6.091110000000000000e+05
6.099950000000000000e+05 6.100840000000000000e+05
6.120930000000000000e+05 6.124540000000000000e+05
6.218750000000000000e+05 6.223450000000000000e+05
6.257200000000000000e+05 6.259480000000000000e+05
6.267900000000000000e+05 6.269800000000000000e+05
6.318240000000000000e+05 6.319230000000000000e+05
6.343430000000000000e+05 6.344930000000000000e+05
6.356350000000000000e+05 6.359440000000000000e+05
6.376440000000000000e+05 6.378060000000000000e+05
6.476760000000000000e+05 6.478090000000000000e+05
6.518430000000000000e+05 6.521260000000000000e+05
6.529100000000000000e+05 6.531930000000000000e+05
6.552090000000000000e+05 6.555200000000000000e+05
6.561700000000000000e+05 6.563090000000000000e+05
6.573820000000000000e+05 6.576040000000000000e+05
6.588590000000000000e+05 6.589820000000000000e+05
6.597710000000000000e+05 6.600430000000000000e+05
6.624540000000000000e+05 6.628360000000000000e+05
6.633120000000000000e+05 6.635950000000000000e+05
6.647150000000000000e+05 6.648260000000000000e+05
6.660480000000000000e+05 6.662310000000000000e+05
6.671100000000000000e+05 6.673510000000000000e+05
6.698090000000000000e+05 6.703690000000000000e+05
6.719020000000000000e+05 6.722420000000000000e+05
6.726970000000000000e+05 6.728640000000000000e+05
6.735600000000000000e+05 6.737530000000000000e+05
6.750350000000000000e+05 6.756160000000000000e+05
6.769860000000000000e+05 6.774830000000000000e+05
6.775980000000000000e+05 6.777550000000000000e+05
6.778930000000000000e+05 6.781480000000000000e+05
6.794450000000000000e+05 6.799000000000000000e+05
6.802610000000000000e+05 6.806900000000000000e+05
6.815130000000000000e+05 6.816470000000000000e+05
6.836590000000000000e+05 6.839320000000000000e+05
6.846590000000000000e+05 6.849700000000000000e+05
6.859840000000000000e+05 6.862500000000000000e+05
6.868230000000000000e+05 6.870690000000000000e+05
6.879930000000000000e+05 6.882090000000000000e+05
6.896200000000000000e+05 6.898040000000000000e+05
6.902200000000000000e+05 6.903490000000000000e+05
6.909820000000000000e+05 6.911540000000000000e+05
6.937990000000000000e+05 6.939030000000000000e+05
6.943200000000000000e+05 6.945320000000000000e+05
6.957320000000000000e+05 6.958420000000000000e+05
6.961160000000000000e+05 6.963150000000000000e+05
6.966370000000000000e+05 6.967990000000000000e+05
6.972800000000000000e+05 6.975050000000000000e+05
6.977170000000000000e+05 6.981930000000000000e+05
6.985930000000000000e+05 6.989900000000000000e+05
6.998590000000000000e+05 7.002250000000000000e+05
7.008650000000000000e+05 7.010700000000000000e+05
7.029150000000000000e+05 7.031650000000000000e+05
7.071300000000000000e+05 7.074180000000000000e+05
7.086630000000000000e+05 7.088510000000000000e+05
7.094740000000000000e+05 7.099550000000000000e+05
7.107920000000000000e+05 7.109440000000000000e+05
7.118800000000000000e+05 7.122250000000000000e+05
7.183290000000000000e+05 7.185090000000000000e+05
7.195430000000000000e+05 7.198100000000000000e+05
7.226480000000000000e+05 7.228090000000000000e+05
7.232780000000000000e+05 7.237860000000000000e+05
7.245180000000000000e+05 7.249310000000000000e+05
7.262020000000000000e+05 7.264430000000000000e+05
7.284150000000000000e+05 7.286190000000000000e+05
7.342840000000000000e+05 7.344830000000000000e+05
7.362050000000000000e+05 7.363110000000000000e+05
7.392850000000000000e+05 7.394790000000000000e+05
7.395940000000000000e+05 7.397930000000000000e+05
7.401640000000000000e+05 7.404520000000000000e+05
7.408340000000000000e+05 7.411370000000000000e+05
7.416040000000000000e+05 7.420090000000000000e+05
7.427380000000000000e+05 7.428480000000000000e+05
7.430620000000000000e+05 7.433600000000000000e+05
7.435880000000000000e+05 7.438490000000000000e+05
7.462580000000000000e+05 7.465410000000000000e+05
7.475920000000000000e+05 7.478690000000000000e+05
7.486170000000000000e+05 7.490620000000000000e+05
7.517480000000000000e+05 7.520620000000000000e+05
7.534930000000000000e+05 7.537090000000000000e+05
7.552320000000000000e+05 7.554430000000000000e+05
7.561290000000000000e+05 7.565010000000000000e+05
7.595150000000000000e+05 7.596200000000000000e+05
7.609840000000000000e+05 7.612290000000000000e+05
7.617930000000000000e+05 7.620480000000000000e+05
7.628590000000000000e+05 7.630320000000000000e+05
7.658200000000000000e+05 7.659540000000000000e+05
7.667510000000000000e+05 7.671540000000000000e+05
7.676980000000000000e+05 7.678590000000000000e+05
7.682290000000000000e+05 7.684640000000000000e+05
7.692380000000000000e+05 7.696100000000000000e+05
7.733920000000000000e+05 7.736370000000000000e+05
7.742370000000000000e+05 7.745150000000000000e+05
7.763650000000000000e+05 7.767890000000000000e+05
7.776500000000000000e+05 7.778690000000000000e+05
7.788840000000000000e+05 7.793340000000000000e+05
7.814890000000000000e+05 7.817300000000000000e+05
7.838480000000000000e+05 7.839760000000000000e+05
7.861760000000000000e+05 7.862930000000000000e+05
7.877140000000000000e+05 7.878080000000000000e+05
7.882420000000000000e+05 7.884310000000000000e+05
7.894400000000000000e+05 7.898280000000000000e+05
7.903040000000000000e+05 7.905760000000000000e+05
7.915170000000000000e+05 7.916900000000000000e+05
7.923490000000000000e+05 7.923860000000000000e+05
7.934200000000000000e+05 7.936870000000000000e+05
7.945820000000000000e+05 7.949700000000000000e+05
7.965150000000000000e+05 7.968480000000000000e+05
7.991260000000000000e+05 7.992510000000000000e+05
8.002970000000000000e+05 8.004800000000000000e+05
8.030200000000000000e+05 8.033980000000000000e+05
8.099870000000000000e+05 8.100700000000000000e+05
8.109940000000000000e+05 8.110730000000000000e+05
8.129650000000000000e+05 8.130820000000000000e+05
8.146750000000000000e+05 8.148680000000000000e+05
8.157500000000000000e+05 8.160220000000000000e+05
8.202750000000000000e+05 8.206300000000000000e+05
8.210930000000000000e+05 8.212200000000000000e+05
8.222310000000000000e+05 8.225660000000000000e+05
8.249540000000000000e+05 8.250700000000000000e+05
8.302750000000000000e+05 8.304070000000000000e+05
8.327260000000000000e+05 8.329150000000000000e+05
8.339650000000000000e+05 8.340870000000000000e+05
8.390280000000000000e+05 8.394940000000000000e+05
8.600700000000000000e+05 8.602150000000000000e+05
8.617320000000000000e+05 8.621260000000000000e+05
8.646930000000000000e+05 8.648430000000000000e+05
8.713480000000000000e+05 8.714650000000000000e+05
8.727700000000000000e+05 8.729150000000000000e+05
8.743590000000000000e+05 8.744610000000000000e+05
8.785260000000000000e+05 8.786200000000000000e+05
8.836980000000000000e+05 8.838870000000000000e+05
8.912930000000000000e+05 8.915090000000000000e+05
8.989090000000000000e+05 8.991320000000000000e+05
9.053820000000000000e+05 9.056590000000000000e+05
9.108400000000000000e+05 9.109970000000000000e+05
9.139340000000000000e+05 9.140020000000000000e+05
9.181820000000000000e+05 9.182820000000000000e+05
9.218930000000000000e+05 9.220820000000000000e+05
9.339650000000000000e+05 9.340930000000000000e+05
9.455820000000000000e+05 9.458320000000000000e+05
9.463590000000000000e+05 9.464930000000000000e+05
9.476560000000000000e+05 9.478020000000000000e+05
9.489540000000000000e+05 9.490540000000000000e+05
9.501700000000000000e+05 9.503430000000000000e+05
9.525940000000000000e+05 9.527720000000000000e+05
9.562370000000000000e+05 9.563310000000000000e+05
9.626930000000000000e+05 9.628260000000000000e+05
9.649500000000000000e+05 9.650440000000000000e+05
9.723260000000000000e+05 9.724480000000000000e+05
9.779760000000000000e+05 9.780870000000000000e+05
9.872820000000000000e+05 9.874260000000000000e+05
9.971200000000000000e+05 9.972650000000000000e+05
1.017009000000000000e+06 1.017182000000000000e+06
1.033761000000000000e+06 1.033939000000000000e+06
1.039770000000000000e+06 1.039976000000000000e+06
1.043818000000000000e+06 1.044043000000000000e+06
1.046198000000000000e+06 1.046354000000000000e+06
1.046920000000000000e+06 1.047009000000000000e+06
1.064282000000000000e+06 1.064393000000000000e+06
1.068604000000000000e+06 1.068782000000000000e+06
1.074404000000000000e+06 1.074515000000000000e+06
1.081276000000000000e+06 1.081454000000000000e+06
1.090513000000000000e+06 1.090607000000000000e+06
1.101615000000000000e+06 1.101720000000000000e+06
1.103493000000000000e+06 1.103659000000000000e+06
1.113932000000000000e+06 1.114109000000000000e+06
1.118193000000000000e+06 1.118426000000000000e+06
1.123320000000000000e+06 1.123459000000000000e+06
1.123570000000000000e+06 1.123732000000000000e+06
1.131852000000000000e+06 1.131974000000000000e+06
1.132591000000000000e+06 1.132701000000000000e+06
1.137107000000000000e+06 1.137218000000000000e+06
1.143670000000000000e+06 1.143865000000000000e+06
1.147351000000000000e+06 1.147576000000000000e+06
1.149232000000000000e+06 1.149398000000000000e+06
1.150526000000000000e+06 1.150665000000000000e+06
1.154565000000000000e+06 1.154765000000000000e+06
1.161265000000000000e+06 1.161382000000000000e+06
1.174454000000000000e+06 1.174570000000000000e+06
1.183536000000000000e+06 1.183620000000000000e+06
1.184159000000000000e+06 1.184243000000000000e+06
1.185111000000000000e+06 1.185247000000000000e+06
1.194537000000000000e+06 1.194689000000000000e+06
1.215932000000000000e+06 1.216183000000000000e+06
1.224537000000000000e+06 1.224654000000000000e+06
1.226482000000000000e+06 1.226693000000000000e+06
1.231293000000000000e+06 1.231476000000000000e+06
1.237687000000000000e+06 1.237826000000000000e+06
1.244876000000000000e+06 1.245032000000000000e+06
1.245576000000000000e+06 1.245743000000000000e+06
1.247198000000000000e+06 1.247292000000000000e+06
1.261859000000000000e+06 1.261954000000000000e+06
1.266584000000000000e+06 1.266689000000000000e+06
1.273066000000000000e+06 1.273317000000000000e+06
1.274541000000000000e+06 1.274650000000000000e+06
1.285837000000000000e+06 1.285998000000000000e+06
1.286804000000000000e+06 1.287020000000000000e+06
1.290867000000000000e+06 1.290987000000000000e+06
1.302359000000000000e+06 1.302474000000000000e+06
1.320480000000000000e+06 1.320623000000000000e+06
1.324276000000000000e+06 1.324548000000000000e+06
1.335854000000000000e+06 1.335965000000000000e+06
1.342026000000000000e+06 1.342204000000000000e+06
1.347503000000000000e+06 1.347670000000000000e+06
1.350370000000000000e+06 1.350501000000000000e+06
1.351379000000000000e+06 1.351667000000000000e+06
1.352190000000000000e+06 1.352305000000000000e+06
1.355674000000000000e+06 1.355883000000000000e+06
1.356621000000000000e+06 1.356746000000000000e+06
1.359174000000000000e+06 1.359420000000000000e+06
1.359854000000000000e+06 1.359943000000000000e+06
1.365158000000000000e+06 1.365367000000000000e+06
1.373177000000000000e+06 1.373412000000000000e+06
1.584134000000000000e+06 1.584412000000000000e+06
1.587571000000000000e+06 1.587660000000000000e+06
1.596307000000000000e+06 1.596422000000000000e+06
1.602626000000000000e+06 1.602793000000000000e+06
1.604462000000000000e+06 1.604666000000000000e+06
1.605085000000000000e+06 1.605357000000000000e+06
1.610865000000000000e+06 1.610982000000000000e+06
1.612034000000000000e+06 1.612207000000000000e+06
1.612909000000000000e+06 1.613065000000000000e+06
1.614527000000000000e+06 1.614731000000000000e+06
1.615249000000000000e+06 1.615364000000000000e+06
1.618424000000000000e+06 1.618523000000000000e+06
1.621489000000000000e+06 1.621887000000000000e+06
1.626773000000000000e+06 1.626998000000000000e+06
1.627557000000000000e+06 1.627834000000000000e+06
1.628389000000000000e+06 1.628739000000000000e+06
1.638061000000000000e+06 1.638250000000000000e+06
1.639076000000000000e+06 1.639458000000000000e+06
1.640133000000000000e+06 1.640373000000000000e+06
1.641189000000000000e+06 1.641352000000000000e+06
1.643881000000000000e+06 1.644006000000000000e+06
1.644307000000000000e+06 1.644616000000000000e+06
1.645515000000000000e+06 1.645970000000000000e+06
1.647613000000000000e+06 1.647712000000000000e+06
1.655295000000000000e+06 1.655808000000000000e+06
1.656919000000000000e+06 1.657160000000000000e+06
1.658985000000000000e+06 1.659268000000000000e+06
1.660542000000000000e+06 1.660814000000000000e+06
1.662158000000000000e+06 1.662388000000000000e+06
1.663306000000000000e+06 1.663761000000000000e+06
1.664091000000000000e+06 1.664488000000000000e+06
1.667677000000000000e+06 1.667933000000000000e+06
1.668197000000000000e+06 1.668506000000000000e+06
1.668916000000000000e+06 1.669042000000000000e+06
1.673334000000000000e+06 1.673779000000000000e+06
1.674626000000000000e+06 1.674993000000000000e+06
1.677211000000000000e+06 1.677436000000000000e+06
1.680220000000000000e+06 1.680376000000000000e+06
1.681776000000000000e+06 1.681970000000000000e+06
1.682755000000000000e+06 1.683242000000000000e+06
1.684126000000000000e+06 1.684476000000000000e+06
1.685287000000000000e+06 1.685470000000000000e+06
1.689660000000000000e+06 1.689927000000000000e+06
1.691876000000000000e+06 1.692080000000000000e+06
1.693037000000000000e+06 1.693293000000000000e+06
1.694384000000000000e+06 1.694792000000000000e+06
1.698631000000000000e+06 1.698924000000000000e+06
1.700473000000000000e+06 1.700944000000000000e+06
1.701608000000000000e+06 1.702016000000000000e+06
1.703514000000000000e+06 1.704194000000000000e+06
1.704749000000000000e+06 1.705016000000000000e+06
1.705973000000000000e+06 1.706297000000000000e+06
1.707412000000000000e+06 1.707621000000000000e+06
1.709201000000000000e+06 1.709426000000000000e+06
1.710770000000000000e+06 1.711042000000000000e+06
1.711842000000000000e+06 1.712198000000000000e+06
1.713579000000000000e+06 1.713898000000000000e+06
1.715556000000000000e+06 1.715886000000000000e+06
1.720315000000000000e+06 1.720515000000000000e+06
1.721590000000000000e+06 1.721674000000000000e+06
1.723267000000000000e+06 1.723434000000000000e+06
1.727828000000000000e+06 1.728111000000000000e+06
1.728906000000000000e+06 1.729351000000000000e+06
1.731882000000000000e+06 1.732066000000000000e+06
1.734828000000000000e+06 1.735272000000000000e+06
1.736387000000000000e+06 1.736570000000000000e+06
1.736752000000000000e+06 1.736857000000000000e+06
1.737386000000000000e+06 1.737626000000000000e+06
1.738583000000000000e+06 1.738777000000000000e+06
1.739504000000000000e+06 1.739645000000000000e+06
1.740242000000000000e+06 1.740378000000000000e+06
1.741220000000000000e+06 1.741366000000000000e+06
1.745002000000000000e+06 1.745279000000000000e+06
1.746723000000000000e+06 1.746911000000000000e+06
1.747774000000000000e+06 1.748182000000000000e+06
1.748515000000000000e+06 1.748656000000000000e+06
1.749757000000000000e+06 1.750175000000000000e+06
1.752571000000000000e+06 1.753089000000000000e+06
1.753816000000000000e+06 1.754041000000000000e+06
1.754781000000000000e+06 1.755022000000000000e+06
1.756098000000000000e+06 1.756354000000000000e+06
1.758343000000000000e+06 1.758693000000000000e+06
1.761984000000000000e+06 1.762345000000000000e+06
1.763204000000000000e+06 1.763370000000000000e+06
1.764365000000000000e+06 1.764759000000000000e+06
1.765437000000000000e+06 1.765637000000000000e+06
1.766776000000000000e+06 1.767015000000000000e+06
1.767571000000000000e+06 1.767655000000000000e+06
1.769266000000000000e+06 1.769585000000000000e+06
1.770401000000000000e+06 1.770830000000000000e+06
1.771353000000000000e+06 1.771406000000000000e+06
1.771657000000000000e+06 1.771840000000000000e+06
1.782298000000000000e+06 1.782498000000000000e+06
1.783591000000000000e+06 1.783717000000000000e+06
1.784405000000000000e+06 1.784525000000000000e+06
1.785132000000000000e+06 1.785341000000000000e+06
1.787282000000000000e+06 1.787684000000000000e+06
1.788529000000000000e+06 1.788705000000000000e+06
1.790274000000000000e+06 1.790834000000000000e+06
1.791426000000000000e+06 1.791732000000000000e+06
1.795123000000000000e+06 1.795484000000000000e+06
1.796436000000000000e+06 1.796734000000000000e+06
1.797659000000000000e+06 1.797876000000000000e+06
1.799329000000000000e+06 1.799643000000000000e+06
1.800659000000000000e+06 1.800904000000000000e+06
1.810800000000000000e+06 1.811093000000000000e+06
1.811677000000000000e+06 1.812001000000000000e+06
1.812807000000000000e+06 1.813084000000000000e+06
1.814015000000000000e+06 1.814470000000000000e+06
1.815108000000000000e+06 1.815370000000000000e+06
1.815673000000000000e+06 1.815977000000000000e+06
1.817075000000000000e+06 1.817368000000000000e+06
1.819450000000000000e+06 1.819617000000000000e+06
1.819957000000000000e+06 1.820219000000000000e+06
1.821108000000000000e+06 1.821265000000000000e+06
1.822311000000000000e+06 1.822589000000000000e+06
1.825497000000000000e+06 1.825712000000000000e+06
1.827443000000000000e+06 1.827846000000000000e+06
1.828400000000000000e+06 1.828735000000000000e+06
1.830022000000000000e+06 1.830268000000000000e+06
1.844148000000000000e+06 1.844452000000000000e+06
1.845116000000000000e+06 1.845372000000000000e+06
1.846638000000000000e+06 1.846853000000000000e+06
1.859088000000000000e+06 1.859616000000000000e+06
1.861798000000000000e+06 1.862115000000000000e+06
1.862882000000000000e+06 1.863293000000000000e+06
1.863859000000000000e+06 1.864204000000000000e+06
1.864942000000000000e+06 1.865224000000000000e+06
1.870199000000000000e+06 1.870633000000000000e+06
1.871313000000000000e+06 1.871590000000000000e+06
1.873548000000000000e+06 1.873709000000000000e+06
1.874098000000000000e+06 1.874209000000000000e+06
1.896522000000000000e+06 1.896647000000000000e+06
1.897301000000000000e+06 1.897573000000000000e+06
1.898148000000000000e+06 1.898420000000000000e+06
1.899426000000000000e+06 1.899654000000000000e+06
1.901198000000000000e+06 1.901448000000000000e+06
1.902673000000000000e+06 1.903317000000000000e+06
1.904096000000000000e+06 1.904410000000000000e+06
1.904720000000000000e+06 1.904898000000000000e+06
1.905257000000000000e+06 1.905451000000000000e+06
1.906032000000000000e+06 1.906165000000000000e+06
1.907926000000000000e+06 1.908132000000000000e+06
1.911291000000000000e+06 1.911454000000000000e+06
1.912510000000000000e+06 1.912871000000000000e+06
1.914709000000000000e+06 1.915020000000000000e+06
1.916065000000000000e+06 1.916315000000000000e+06
1.916964000000000000e+06 1.917320000000000000e+06
1.917969000000000000e+06 1.918304000000000000e+06
1.919410000000000000e+06 1.919844000000000000e+06
1.920160000000000000e+06 1.920301000000000000e+06
1.920554000000000000e+06 1.920948000000000000e+06
1.921132000000000000e+06 1.921276000000000000e+06
1.922154000000000000e+06 1.922420000000000000e+06
1.923323000000000000e+06 1.923584000000000000e+06
1.924149000000000000e+06 1.924416000000000000e+06
1.924798000000000000e+06 1.924904000000000000e+06
1.932456000000000000e+06 1.932786000000000000e+06
1.934015000000000000e+06 1.934334000000000000e+06
1.935333000000000000e+06 1.935480000000000000e+06
1.936254000000000000e+06 1.936500000000000000e+06
1.937002000000000000e+06 1.937128000000000000e+06
1.938098000000000000e+06 1.938348000000000000e+06
1.940287000000000000e+06 1.940616000000000000e+06
1.942132000000000000e+06 1.942348000000000000e+06
1.945152000000000000e+06 1.945340000000000000e+06
1.945826000000000000e+06 1.945937000000000000e+06
1.970476000000000000e+06 1.970670000000000000e+06
1.971509000000000000e+06 1.971659000000000000e+06
1.972387000000000000e+06 1.972526000000000000e+06
1.973448000000000000e+06 1.973648000000000000e+06
1.998143000000000000e+06 1.998287000000000000e+06
2.002237000000000000e+06 2.002504000000000000e+06
2.003059000000000000e+06 2.003237000000000000e+06
2.005698000000000000e+06 2.005855000000000000e+06
2.007034000000000000e+06 2.007166000000000000e+06
2.007959000000000000e+06 2.008376000000000000e+06
2.009865000000000000e+06 2.010137000000000000e+06
2.010909000000000000e+06 2.011070000000000000e+06
2.011937000000000000e+06 2.012115000000000000e+06
2.014840000000000000e+06 2.014991000000000000e+06
2.017795000000000000e+06 2.018041000000000000e+06
2.019482000000000000e+06 2.019693000000000000e+06
2.020004000000000000e+06 2.020237000000000000e+06
2.020542000000000000e+06 2.020814000000000000e+06
2.022065000000000000e+06 2.022196000000000000e+06
2.022639000000000000e+06 2.022833000000000000e+06
2.023058000000000000e+06 2.023178000000000000e+06
2.025298000000000000e+06 2.025639000000000000e+06
2.028712000000000000e+06 2.029032000000000000e+06
2.029732000000000000e+06 2.030208000000000000e+06
2.032107000000000000e+06 2.032332000000000000e+06
2.032882000000000000e+06 2.033070000000000000e+06
2.033415000000000000e+06 2.033619000000000000e+06
2.035237000000000000e+06 2.035459000000000000e+06
2.037759000000000000e+06 2.037954000000000000e+06
2.039300000000000000e+06 2.039530000000000000e+06
2.040268000000000000e+06 2.040624000000000000e+06
2.041727000000000000e+06 2.042240000000000000e+06
2.042980000000000000e+06 2.043216000000000000e+06
2.043854000000000000e+06 2.044230000000000000e+06
2.044882000000000000e+06 2.045126000000000000e+06
2.047149000000000000e+06 2.047400000000000000e+06
2.050955000000000000e+06 2.051106000000000000e+06
2.052213000000000000e+06 2.052501000000000000e+06
2.053304000000000000e+06 2.053404000000000000e+06
2.057770000000000000e+06 2.058009000000000000e+06
2.060193000000000000e+06 2.060415000000000000e+06
2.060865000000000000e+06 2.061106000000000000e+06
2.062510000000000000e+06 2.062735000000000000e+06
2.063708000000000000e+06 2.064038000000000000e+06
2.065131000000000000e+06 2.065502000000000000e+06
2.066271000000000000e+06 2.066554000000000000e+06
2.067600000000000000e+06 2.067862000000000000e+06
2.068688000000000000e+06 2.069023000000000000e+06
2.070356000000000000e+06 2.070594000000000000e+06
2.071068000000000000e+06 2.071649000000000000e+06
2.075734000000000000e+06 2.075891000000000000e+06
2.076822000000000000e+06 2.077157000000000000e+06
2.077780000000000000e+06 2.078193000000000000e+06
2.079554000000000000e+06 2.079698000000000000e+06
2.081912000000000000e+06 2.082268000000000000e+06
2.084266000000000000e+06 2.084852000000000000e+06
2.086217000000000000e+06 2.086369000000000000e+06
2.086751000000000000e+06 2.086955000000000000e+06
2.089984000000000000e+06 2.090303000000000000e+06
2.091522000000000000e+06 2.091767000000000000e+06
2.093321000000000000e+06 2.093640000000000000e+06
2.095743000000000000e+06 2.095957000000000000e+06
2.096750000000000000e+06 2.097184000000000000e+06
2.104434000000000000e+06 2.104790000000000000e+06
2.105548000000000000e+06 2.105826000000000000e+06
2.110165000000000000e+06 2.110448000000000000e+06
2.111303000000000000e+06 2.111951000000000000e+06
2.112252000000000000e+06 2.112540000000000000e+06
2.113370000000000000e+06 2.113748000000000000e+06
2.114170000000000000e+06 2.114332000000000000e+06
2.116754000000000000e+06 2.116848000000000000e+06
2.119400000000000000e+06 2.119793000000000000e+06
2.120765000000000000e+06 2.121015000000000000e+06
2.124417000000000000e+06 2.124668000000000000e+06
2.126886000000000000e+06 2.127304000000000000e+06
2.127809000000000000e+06 2.128043000000000000e+06
2.128947000000000000e+06 2.129214000000000000e+06
2.130032000000000000e+06 2.130148000000000000e+06
2.134804000000000000e+06 2.134948000000000000e+06
2.135616000000000000e+06 2.135873000000000000e+06
2.136187000000000000e+06 2.136527000000000000e+06
2.137243000000000000e+06 2.137426000000000000e+06
2.143970000000000000e+06 2.144321000000000000e+06
2.144786000000000000e+06 2.145399000000000000e+06
2.146392000000000000e+06 2.146644000000000000e+06
2.147203000000000000e+06 2.147470000000000000e+06
2.148223000000000000e+06 2.148396000000000000e+06
2.148699000000000000e+06 2.148862000000000000e+06
2.149275000000000000e+06 2.149672000000000000e+06
2.150598000000000000e+06 2.151404000000000000e+06
2.151948000000000000e+06 2.152450000000000000e+06
2.152916000000000000e+06 2.153292000000000000e+06
2.157812000000000000e+06 2.157984000000000000e+06
2.161454000000000000e+06 2.161948000000000000e+06
2.162582000000000000e+06 2.162687000000000000e+06
2.170143000000000000e+06 2.170393000000000000e+06
2.171371000000000000e+06 2.171669000000000000e+06
2.174588000000000000e+06 2.174823000000000000e+06
2.176476000000000000e+06 2.176795000000000000e+06
2.177355000000000000e+06 2.177632000000000000e+06
2.183254000000000000e+06 2.183420000000000000e+06
2.184237000000000000e+06 2.184532000000000000e+06
2.187837000000000000e+06 2.188054000000000000e+06
2.188404000000000000e+06 2.188632000000000000e+06
2.189436000000000000e+06 2.189760000000000000e+06
2.190404000000000000e+06 2.190654000000000000e+06
2.191568000000000000e+06 2.191782000000000000e+06
2.193854000000000000e+06 2.194037000000000000e+06
2.195580000000000000e+06 2.195842000000000000e+06
2.196865000000000000e+06 2.197132000000000000e+06
2.200453000000000000e+06 2.200746000000000000e+06
2.203644000000000000e+06 2.203889000000000000e+06
2.204954000000000000e+06 2.205372000000000000e+06
2.206309000000000000e+06 2.206465000000000000e+06
2.208526000000000000e+06 2.208832000000000000e+06
2.210615000000000000e+06 2.210843000000000000e+06
2.211609000000000000e+06 2.211698000000000000e+06
2.212202000000000000e+06 2.212573000000000000e+06
2.212981000000000000e+06 2.213274000000000000e+06
2.213645000000000000e+06 2.213886000000000000e+06
2.215539000000000000e+06 2.215638000000000000e+06
2.215769000000000000e+06 2.216031000000000000e+06
2.219532000000000000e+06 2.219782000000000000e+06
2.219937000000000000e+06 2.220109000000000000e+06
2.221387000000000000e+06 2.221790000000000000e+06
2.222109000000000000e+06 2.222329000000000000e+06
2.230552000000000000e+06 2.230714000000000000e+06
2.234146000000000000e+06 2.234460000000000000e+06
2.237572000000000000e+06 2.237886000000000000e+06
2.238770000000000000e+06 2.239204000000000000e+06
2.239843000000000000e+06 2.240048000000000000e+06
2.242543000000000000e+06 2.242643000000000000e+06
2.245059000000000000e+06 2.245179000000000000e+06
2.245377000000000000e+06 2.245466000000000000e+06
2.247893000000000000e+06 2.247987000000000000e+06
2.251348000000000000e+06 2.251554000000000000e+06
2.252415000000000000e+06 2.252654000000000000e+06
2.252965000000000000e+06 2.253320000000000000e+06
2.255693000000000000e+06 2.255832000000000000e+06
2.257997000000000000e+06 2.258279000000000000e+06
2.260188000000000000e+06 2.260638000000000000e+06
2.261679000000000000e+06 2.261868000000000000e+06
2.263965000000000000e+06 2.264216000000000000e+06
2.265587000000000000e+06 2.265754000000000000e+06
2.266539000000000000e+06 2.266827000000000000e+06
2.267645000000000000e+06 2.267922000000000000e+06
2.268710000000000000e+06 2.268825000000000000e+06
2.271132000000000000e+06 2.271382000000000000e+06
2.272447000000000000e+06 2.272542000000000000e+06
2.273907000000000000e+06 2.274038000000000000e+06
2.275987000000000000e+06 2.276248000000000000e+06
2.277542000000000000e+06 2.277673000000000000e+06
2.278322000000000000e+06 2.278646000000000000e+06
2.283859000000000000e+06 2.284004000000000000e+06
2.286376000000000000e+06 2.286676000000000000e+06
2.301720000000000000e+06 2.301965000000000000e+06
2.303787000000000000e+06 2.304004000000000000e+06
2.304615000000000000e+06 2.304765000000000000e+06
2.308259000000000000e+06 2.308415000000000000e+06
2.310598000000000000e+06 2.310793000000000000e+06
2.311770000000000000e+06 2.311998000000000000e+06
2.312674000000000000e+06 2.312831000000000000e+06
2.320887000000000000e+06 2.321098000000000000e+06
2.321619000000000000e+06 2.321881000000000000e+06
2.323587000000000000e+06 2.323737000000000000e+06
2.324698000000000000e+06 2.324815000000000000e+06
2.325115000000000000e+06 2.325554000000000000e+06
2.325950000000000000e+06 2.326024000000000000e+06
2.327259000000000000e+06 2.327482000000000000e+06
2.327994000000000000e+06 2.328286000000000000e+06
2.329137000000000000e+06 2.329265000000000000e+06
2.330134000000000000e+06 2.330238000000000000e+06
2.331699000000000000e+06 2.331956000000000000e+06
2.336256000000000000e+06 2.336575000000000000e+06
2.336965000000000000e+06 2.337132000000000000e+06
2.339132000000000000e+06 2.339432000000000000e+06
2.342462000000000000e+06 2.342708000000000000e+06
2.796882000000000000e+06 2.797009000000000000e+06
2.807329000000000000e+06 2.807554000000000000e+06
2.812502000000000000e+06 2.813015000000000000e+06
2.818534000000000000e+06 2.818811000000000000e+06
2.819798000000000000e+06 2.819937000000000000e+06
2.821393000000000000e+06 2.821570000000000000e+06
2.823982000000000000e+06 2.824248000000000000e+06
2.824926000000000000e+06 2.825135000000000000e+06
2.829804000000000000e+06 2.829976000000000000e+06
2.831254000000000000e+06 2.831487000000000000e+06
2.831926000000000000e+06 2.832032000000000000e+06
2.833393000000000000e+06 2.833665000000000000e+06
2.834537000000000000e+06 2.834720000000000000e+06
2.837943000000000000e+06 2.838115000000000000e+06
2.838880000000000000e+06 2.839309000000000000e+06
2.840426000000000000e+06 2.840537000000000000e+06
2.840632000000000000e+06 2.840743000000000000e+06
2.842474000000000000e+06 2.842730000000000000e+06
2.843185000000000000e+06 2.843446000000000000e+06
2.844404000000000000e+06 2.844550000000000000e+06
2.845220000000000000e+06 2.845638000000000000e+06
2.850082000000000000e+06 2.850432000000000000e+06
2.851304000000000000e+06 2.851587000000000000e+06
2.851965000000000000e+06 2.852126000000000000e+06
2.852533000000000000e+06 2.852732000000000000e+06
2.854265000000000000e+06 2.854432000000000000e+06
2.855666000000000000e+06 2.855857000000000000e+06
2.866109000000000000e+06 2.866226000000000000e+06
2.868004000000000000e+06 2.868309000000000000e+06
2.870415000000000000e+06 2.870626000000000000e+06
2.871793000000000000e+06 2.871926000000000000e+06
2.874187000000000000e+06 2.874609000000000000e+06
2.875326000000000000e+06 2.875565000000000000e+06
2.876265000000000000e+06 2.876376000000000000e+06
2.879180000000000000e+06 2.879405000000000000e+06
2.880263000000000000e+06 2.880404000000000000e+06
2.886459000000000000e+06 2.886626000000000000e+06
2.888303000000000000e+06 2.888569000000000000e+06
2.889300000000000000e+06 2.889605000000000000e+06
2.890170000000000000e+06 2.890515000000000000e+06
2.891343000000000000e+06 2.891515000000000000e+06
2.891603000000000000e+06 2.891734000000000000e+06
2.894739000000000000e+06 2.895032000000000000e+06
2.895121000000000000e+06 2.895477000000000000e+06
2.896420000000000000e+06 2.896609000000000000e+06
2.897444000000000000e+06 2.897554000000000000e+06
2.898290000000000000e+06 2.898656000000000000e+06
2.901592000000000000e+06 2.901728000000000000e+06
2.902426000000000000e+06 2.902554000000000000e+06
2.903420000000000000e+06 2.903665000000000000e+06
2.904286000000000000e+06 2.904401000000000000e+06
2.905573000000000000e+06 2.905944000000000000e+06
2.906436000000000000e+06 2.906572000000000000e+06
2.908790000000000000e+06 2.908989000000000000e+06
2.909601000000000000e+06 2.909904000000000000e+06
2.911557000000000000e+06 2.911850000000000000e+06
2.912363000000000000e+06 2.912870000000000000e+06
2.913320000000000000e+06 2.913529000000000000e+06
2.915052000000000000e+06 2.915533000000000000e+06
2.917422000000000000e+06 2.917526000000000000e+06
2.918798000000000000e+06 2.919004000000000000e+06
2.920115000000000000e+06 2.920343000000000000e+06
2.920434000000000000e+06 2.920555000000000000e+06
2.921214000000000000e+06 2.921522000000000000e+06
2.921809000000000000e+06 2.922226000000000000e+06
2.922880000000000000e+06 2.923105000000000000e+06
2.924729000000000000e+06 2.925043000000000000e+06
2.926136000000000000e+06 2.926366000000000000e+06
2.926712000000000000e+06 2.926785000000000000e+06
2.930770000000000000e+06 2.930959000000000000e+06
2.931074000000000000e+06 2.931289000000000000e+06
2.931720000000000000e+06 2.931915000000000000e+06
2.932754000000000000e+06 2.933132000000000000e+06
2.934715000000000000e+06 2.934820000000000000e+06
2.936170000000000000e+06 2.936376000000000000e+06
2.936818000000000000e+06 2.937095000000000000e+06
2.938052000000000000e+06 2.938377000000000000e+06
2.939020000000000000e+06 2.939297000000000000e+06
2.942023000000000000e+06 2.942227000000000000e+06
2.945093000000000000e+06 2.945397000000000000e+06
2.948654000000000000e+06 2.948859000000000000e+06
2.949090000000000000e+06 2.949320000000000000e+06
2.953678000000000000e+06 2.954012000000000000e+06
2.954548000000000000e+06 2.954664000000000000e+06
2.955686000000000000e+06 2.955911000000000000e+06
2.958470000000000000e+06 2.958582000000000000e+06
2.959515000000000000e+06 2.959743000000000000e+06
2.962404000000000000e+06 2.962676000000000000e+06
2.963426000000000000e+06 2.963715000000000000e+06
2.964357000000000000e+06 2.964519000000000000e+06
2.964901000000000000e+06 2.965115000000000000e+06
2.965764000000000000e+06 2.965884000000000000e+06
2.969748000000000000e+06 2.970237000000000000e+06
2.971241000000000000e+06 2.971560000000000000e+06
2.972235000000000000e+06 2.972491000000000000e+06
2.973604000000000000e+06 2.973754000000000000e+06
2.974570000000000000e+06 2.974826000000000000e+06
2.976354000000000000e+06 2.976582000000000000e+06
2.977225000000000000e+06 2.977518000000000000e+06
2.977712000000000000e+06 2.977868000000000000e+06
2.978569000000000000e+06 2.978857000000000000e+06
2.979992000000000000e+06 2.980254000000000000e+06
2.980730000000000000e+06 2.981023000000000000e+06
2.990364000000000000e+06 2.990551000000000000e+06
2.992263000000000000e+06 2.992346000000000000e+06
2.993222000000000000e+06 2.993420000000000000e+06
2.994571000000000000e+06 2.995042000000000000e+06
2.996739000000000000e+06 2.997064000000000000e+06
2.997336000000000000e+06 2.997488000000000000e+06
2.998047000000000000e+06 2.998314000000000000e+06
2.998821000000000000e+06 2.998916000000000000e+06
3.000402000000000000e+06 3.000605000000000000e+06
3.002119000000000000e+06 3.002216000000000000e+06
3.005219000000000000e+06 3.005470000000000000e+06
3.009398000000000000e+06 3.009682000000000000e+06
3.011609000000000000e+06 3.011766000000000000e+06
3.012744000000000000e+06 3.013073000000000000e+06
3.013513000000000000e+06 3.013727000000000000e+06
3.016060000000000000e+06 3.016286000000000000e+06
3.021148000000000000e+06 3.021498000000000000e+06
3.022395000000000000e+06 3.022599000000000000e+06
3.024231000000000000e+06 3.024425000000000000e+06
3.025753000000000000e+06 3.026004000000000000e+06
3.028909000000000000e+06 3.028998000000000000e+06
3.029802000000000000e+06 3.030058000000000000e+06
3.031434000000000000e+06 3.031644000000000000e+06
3.032533000000000000e+06 3.032831000000000000e+06
3.037471000000000000e+06 3.037910000000000000e+06
3.040202000000000000e+06 3.040557000000000000e+06
3.041860000000000000e+06 3.042153000000000000e+06
3.044054000000000000e+06 3.044254000000000000e+06
3.045959000000000000e+06 3.046048000000000000e+06
3.050404000000000000e+06 3.050615000000000000e+06
3.053410000000000000e+06 3.053645000000000000e+06
3.055230000000000000e+06 3.055581000000000000e+06
3.055853000000000000e+06 3.056052000000000000e+06
3.057631000000000000e+06 3.057814000000000000e+06
3.058468000000000000e+06 3.058845000000000000e+06
3.061058000000000000e+06 3.061429000000000000e+06
3.062567000000000000e+06 3.062718000000000000e+06
3.062886000000000000e+06 3.063184000000000000e+06
3.065046000000000000e+06 3.065507000000000000e+06
3.066165000000000000e+06 3.066359000000000000e+06
3.068326000000000000e+06 3.068635000000000000e+06
3.073008000000000000e+06 3.073228000000000000e+06
3.074635000000000000e+06 3.074970000000000000e+06
3.075503000000000000e+06 3.075927000000000000e+06
3.076591000000000000e+06 3.076910000000000000e+06
3.077203000000000000e+06 3.077344000000000000e+06
3.078359000000000000e+06 3.078548000000000000e+06
3.080526000000000000e+06 3.080776000000000000e+06
3.081587000000000000e+06 3.081704000000000000e+06
3.084765000000000000e+06 3.084987000000000000e+06
3.090543000000000000e+06 3.090709000000000000e+06
3.091921000000000000e+06 3.092015000000000000e+06
3.092159000000000000e+06 3.092282000000000000e+06
3.093187000000000000e+06 3.093398000000000000e+06
3.095554000000000000e+06 3.095826000000000000e+06
3.099234000000000000e+06 3.099485000000000000e+06
3.100301000000000000e+06 3.100604000000000000e+06
3.101359000000000000e+06 3.101543000000000000e+06
3.105073000000000000e+06 3.105198000000000000e+06
3.105605000000000000e+06 3.106031000000000000e+06
3.106589000000000000e+06 3.106824000000000000e+06
3.108109000000000000e+06 3.108304000000000000e+06
3.114509000000000000e+06 3.114693000000000000e+06
3.116170000000000000e+06 3.116282000000000000e+06
3.117959000000000000e+06 3.118159000000000000e+06
3.120698000000000000e+06 3.120860000000000000e+06
3.121604000000000000e+06 3.121782000000000000e+06
3.123265000000000000e+06 3.123427000000000000e+06
3.124296000000000000e+06 3.124589000000000000e+06
3.126263000000000000e+06 3.126822000000000000e+06
3.128834000000000000e+06 3.129168000000000000e+06
3.129648000000000000e+06 3.129754000000000000e+06
3.129843000000000000e+06 3.130015000000000000e+06
3.130978000000000000e+06 3.131276000000000000e+06
3.131729000000000000e+06 3.131938000000000000e+06
3.133024000000000000e+06 3.133186000000000000e+06
3.134348000000000000e+06 3.134476000000000000e+06
3.136376000000000000e+06 3.136520000000000000e+06
3.136623000000000000e+06 3.136712000000000000e+06
3.138817000000000000e+06 3.139094000000000000e+06
3.140507000000000000e+06 3.140700000000000000e+06
3.144255000000000000e+06 3.144522000000000000e+06
3.145060000000000000e+06 3.145217000000000000e+06
3.148999000000000000e+06 3.149355000000000000e+06
3.149985000000000000e+06 3.150242000000000000e+06
3.150911000000000000e+06 3.151220000000000000e+06
3.151748000000000000e+06 3.151978000000000000e+06
3.152705000000000000e+06 3.152899000000000000e+06
3.156104000000000000e+06 3.156259000000000000e+06
3.159302000000000000e+06 3.159595000000000000e+06
3.159673000000000000e+06 3.159909000000000000e+06
3.161703000000000000e+06 3.162414000000000000e+06
3.165114000000000000e+06 3.165469000000000000e+06
3.172482000000000000e+06 3.172593000000000000e+06
3.174456000000000000e+06 3.174848000000000000e+06
3.175356000000000000e+06 3.175518000000000000e+06
3.176304000000000000e+06 3.176398000000000000e+06
3.176912000000000000e+06 3.177053000000000000e+06
3.177624000000000000e+06 3.178021000000000000e+06
3.178670000000000000e+06 3.179067000000000000e+06
3.179256000000000000e+06 3.179569000000000000e+06
3.180024000000000000e+06 3.180239000000000000e+06
3.182370000000000000e+06 3.182465000000000000e+06
3.187160000000000000e+06 3.187338000000000000e+06
3.189934000000000000e+06 3.190031000000000000e+06
3.191443000000000000e+06 3.191604000000000000e+06
3.193332000000000000e+06 3.193565000000000000e+06
3.194887000000000000e+06 3.195020000000000000e+06
3.196343000000000000e+06 3.196448000000000000e+06
3.197818000000000000e+06 3.198085000000000000e+06
3.199398000000000000e+06 3.199644000000000000e+06
3.199853000000000000e+06 3.199994000000000000e+06
3.201098000000000000e+06 3.201480000000000000e+06
3.202024000000000000e+06 3.202374000000000000e+06
3.203337000000000000e+06 3.203593000000000000e+06
3.204268000000000000e+06 3.204446000000000000e+06
3.204898000000000000e+06 3.205020000000000000e+06
3.206787000000000000e+06 3.207004000000000000e+06
3.208578000000000000e+06 3.208698000000000000e+06
3.210252000000000000e+06 3.210754000000000000e+06
3.212407000000000000e+06 3.212763000000000000e+06
3.213613000000000000e+06 3.213828000000000000e+06
3.217079000000000000e+06 3.217419000000000000e+06
3.224580000000000000e+06 3.224857000000000000e+06
3.225550000000000000e+06 3.225822000000000000e+06
3.226136000000000000e+06 3.226262000000000000e+06
3.226612000000000000e+06 3.226748000000000000e+06
3.230658000000000000e+06 3.230936000000000000e+06
3.231388000000000000e+06 3.231686000000000000e+06
3.232528000000000000e+06 3.232780000000000000e+06
3.234950000000000000e+06 3.235186000000000000e+06
3.236080000000000000e+06 3.236467000000000000e+06
3.237414000000000000e+06 3.237608000000000000e+06
3.239315000000000000e+06 3.239448000000000000e+06
3.240284000000000000e+06 3.240540000000000000e+06
3.246037000000000000e+06 3.246215000000000000e+06
3.247159000000000000e+06 3.247304000000000000e+06
3.247459000000000000e+06 3.247593000000000000e+06
3.249193000000000000e+06 3.249359000000000000e+06
3.250787000000000000e+06 3.250965000000000000e+06
3.252059000000000000e+06 3.252254000000000000e+06
