1.976000000000000000e+03 2.221000000000000000e+03
1.386110000000000000e+05 1.388360000000000000e+05
1.395320000000000000e+05 1.398200000000000000e+05
1.425370000000000000e+05 1.427930000000000000e+05
1.447200000000000000e+05 1.448540000000000000e+05
1.447300000000000000e+05 1.449060000000000000e+05
1.455320000000000000e+05 1.456820000000000000e+05
1.600980000000000000e+05 1.604980000000000000e+05
1.630400000000000000e+05 1.634850000000000000e+05
1.630430000000000000e+05 1.632650000000000000e+05
1.633480000000000000e+05 1.635040000000000000e+05
1.660550000000000000e+05 1.662850000000000000e+05
1.668500000000000000e+05 1.671740000000000000e+05
1.670800000000000000e+05 1.674200000000000000e+05
1.869320000000000000e+05 1.872480000000000000e+05
2.126920000000000000e+05 2.130220000000000000e+05
2.126930000000000000e+05 2.129590000000000000e+05
2.321860000000000000e+05 2.324000000000000000e+05
2.321920000000000000e+05 2.324200000000000000e+05
2.347960000000000000e+05 2.352250000000000000e+05
2.348200000000000000e+05 2.352260000000000000e+05
2.380930000000000000e+05 2.385370000000000000e+05
2.381230000000000000e+05 2.385420000000000000e+05
2.584440000000000000e+05 2.585920000000000000e+05
2.584890000000000000e+05 2.587760000000000000e+05
2.586790000000000000e+05 2.587870000000000000e+05
2.651520000000000000e+05 2.654710000000000000e+05
3.030700000000000000e+05 3.031930000000000000e+05
3.101650000000000000e+05 3.103090000000000000e+05
3.127780000000000000e+05 3.130970000000000000e+05
3.129540000000000000e+05 3.131260000000000000e+05
3.129560000000000000e+05 3.131130000000000000e+05
3.136040000000000000e+05 3.137760000000000000e+05
4.009150000000000000e+05 4.011260000000000000e+05
4.089770000000000000e+05 4.092200000000000000e+05
4.100530000000000000e+05 4.101820000000000000e+05
4.120870000000000000e+05 4.123820000000000000e+05
4.153320000000000000e+05 4.155320000000000000e+05
4.169040000000000000e+05 4.173480000000000000e+05
4.169340000000000000e+05 4.174890000000000000e+05
4.187660000000000000e+05 4.189380000000000000e+05
4.205980000000000000e+05 4.208320000000000000e+05
4.240870000000000000e+05 4.244040000000000000e+05
4.255870000000000000e+05 4.258370000000000000e+05
4.275080000000000000e+05 4.276380000000000000e+05
4.312260000000000000e+05 4.314150000000000000e+05
4.325870000000000000e+05 4.327160000000000000e+05
4.337370000000000000e+05 4.339590000000000000e+05
4.347150000000000000e+05 4.349200000000000000e+05
4.377980000000000000e+05 4.380150000000000000e+05
4.395980000000000000e+05 4.398370000000000000e+05
4.463180000000000000e+05 4.465770000000000000e+05
4.557090000000000000e+05 4.559200000000000000e+05
4.574260000000000000e+05 4.576320000000000000e+05
4.582150000000000000e+05 4.586650000000000000e+05
4.594830000000000000e+05 4.596240000000000000e+05
4.646040000000000000e+05 4.649040000000000000e+05
5.602700000000000000e+05 5.604150000000000000e+05
5.613500000000000000e+05 5.617160000000000000e+05
5.614040000000000000e+05 5.616370000000000000e+05
5.624540000000000000e+05 5.627870000000000000e+05
5.638670000000000000e+05 5.641310000000000000e+05
5.640960000000000000e+05 5.641980000000000000e+05
5.663980000000000000e+05 5.666320000000000000e+05
5.673090000000000000e+05 5.676150000000000000e+05
5.686910000000000000e+05 5.688150000000000000e+05
5.785430000000000000e+05 5.787940000000000000e+05
5.785540000000000000e+05 5.786760000000000000e+05
5.810320000000000000e+05 5.811430000000000000e+05
5.844320000000000000e+05 5.849870000000000000e+05
5.848560000000000000e+05 5.852740000000000000e+05
5.892480000000000000e+05 5.894650000000000000e+05
5.902200000000000000e+05 5.904650000000000000e+05
5.946370000000000000e+05 5.947930000000000000e+05
6.014320000000000000e+05 6.016540000000000000e+05
6.066040000000000000e+05 6.069820000000000000e+05
6.077820000000000000e+05 6.080760000000000000e+05
6.087370000000000000e+05 6.090820000000000000e+05
6.098900000000000000e+05 6.099930000000000000e+05
6.099340000000000000e+05 6.100870000000000000e+05
6.317980000000000000e+05 6.319480000000000000e+05
6.356370000000000000e+05 6.359320000000000000e+05
6.375980000000000000e+05 6.378200000000000000e+05
6.519770000000000000e+05 6.521070000000000000e+05
6.529290000000000000e+05 6.531540000000000000e+05
6.529480000000000000e+05 6.531820000000000000e+05
6.597870000000000000e+05 6.600480000000000000e+05
6.624540000000000000e+05 6.627370000000000000e+05
6.633040000000000000e+05 6.635700000000000000e+05
6.660540000000000000e+05 6.662320000000000000e+05
6.660690000000000000e+05 6.662210000000000000e+05
6.670930000000000000e+05 6.673480000000000000e+05
6.671200000000000000e+05 6.673300000000000000e+05
6.698090000000000000e+05 6.703460000000000000e+05
6.698150000000000000e+05 6.699930000000000000e+05
6.701540000000000000e+05 6.703540000000000000e+05
6.721150000000000000e+05 6.722370000000000000e+05
6.727090000000000000e+05 6.728540000000000000e+05
6.750320000000000000e+05 6.755760000000000000e+05
6.769980000000000000e+05 6.772700000000000000e+05
6.795090000000000000e+05 6.796870000000000000e+05
6.797290000000000000e+05 6.798900000000000000e+05
6.805540000000000000e+05 6.807040000000000000e+05
6.815520000000000000e+05 6.816800000000000000e+05
6.859980000000000000e+05 6.862650000000000000e+05
6.869760000000000000e+05 6.870820000000000000e+05
6.960660000000000000e+05 6.961970000000000000e+05
6.965980000000000000e+05 6.967430000000000000e+05
6.972480000000000000e+05 6.974430000000000000e+05
6.976930000000000000e+05 6.981430000000000000e+05
6.986040000000000000e+05 6.989650000000000000e+05
6.999640000000000000e+05 7.002250000000000000e+05
7.071370000000000000e+05 7.073760000000000000e+05
7.086260000000000000e+05 7.088480000000000000e+05
7.094480000000000000e+05 7.099650000000000000e+05
7.107860000000000000e+05 7.109120000000000000e+05
7.108090000000000000e+05 7.109380000000000000e+05
7.118820000000000000e+05 7.122260000000000000e+05
7.118960000000000000e+05 7.122510000000000000e+05
7.125830000000000000e+05 7.127080000000000000e+05
7.195280000000000000e+05 7.197770000000000000e+05
7.232820000000000000e+05 7.236480000000000000e+05
7.247320000000000000e+05 7.249540000000000000e+05
7.262090000000000000e+05 7.264200000000000000e+05
7.284150000000000000e+05 7.286200000000000000e+05
7.391870000000000000e+05 7.394480000000000000e+05
7.392750000000000000e+05 7.394160000000000000e+05
7.395870000000000000e+05 7.397930000000000000e+05
7.400770000000000000e+05 7.404430000000000000e+05
7.408320000000000000e+05 7.411480000000000000e+05
7.427530000000000000e+05 7.428830000000000000e+05
7.430370000000000000e+05 7.433590000000000000e+05
7.461880000000000000e+05 7.465540000000000000e+05
7.462820000000000000e+05 7.465430000000000000e+05
7.475790000000000000e+05 7.478300000000000000e+05
7.475820000000000000e+05 7.477980000000000000e+05
7.486150000000000000e+05 7.488710000000000000e+05
7.486150000000000000e+05 7.489700000000000000e+05
7.517400000000000000e+05 7.520620000000000000e+05
7.561320000000000000e+05 7.564980000000000000e+05
7.628580000000000000e+05 7.630380000000000000e+05
7.667540000000000000e+05 7.671700000000000000e+05
7.682320000000000000e+05 7.684590000000000000e+05
7.682890000000000000e+05 7.684560000000000000e+05
7.692200000000000000e+05 7.694040000000000000e+05
7.692460000000000000e+05 7.693720000000000000e+05
7.733730000000000000e+05 7.734870000000000000e+05
7.764040000000000000e+05 7.768090000000000000e+05
7.788760000000000000e+05 7.793040000000000000e+05
7.788970000000000000e+05 7.792530000000000000e+05
7.816150000000000000e+05 7.817320000000000000e+05
7.882320000000000000e+05 7.884320000000000000e+05
7.894330000000000000e+05 7.898140000000000000e+05
7.894410000000000000e+05 7.898130000000000000e+05
7.902820000000000000e+05 7.905870000000000000e+05
7.916460000000000000e+05 7.917970000000000000e+05
7.923670000000000000e+05 7.926230000000000000e+05
7.945820000000000000e+05 7.946930000000000000e+05
7.946060000000000000e+05 7.947580000000000000e+05
8.108960000000000000e+05 8.110530000000000000e+05
8.147870000000000000e+05 8.148870000000000000e+05
8.202980000000000000e+05 8.204130000000000000e+05
8.205210000000000000e+05 8.206980000000000000e+05
8.223540000000000000e+05 8.226040000000000000e+05
8.390200000000000000e+05 8.393480000000000000e+05
9.108320000000000000e+05 9.109650000000000000e+05
9.526040000000000000e+05 9.527320000000000000e+05
1.043804000000000000e+06 1.043989000000000000e+06
1.043919000000000000e+06 1.044034000000000000e+06
1.147332000000000000e+06 1.147626000000000000e+06
1.148227000000000000e+06 1.148403000000000000e+06
1.342017000000000000e+06 1.342218000000000000e+06
1.347482000000000000e+06 1.347609000000000000e+06
1.355659000000000000e+06 1.355793000000000000e+06
1.359110000000000000e+06 1.359236000000000000e+06
1.359161000000000000e+06 1.359290000000000000e+06
1.365101000000000000e+06 1.365383000000000000e+06
1.365161000000000000e+06 1.365304000000000000e+06
1.584143000000000000e+06 1.584287000000000000e+06
1.587470000000000000e+06 1.587648000000000000e+06
1.604465000000000000e+06 1.604637000000000000e+06
1.605036000000000000e+06 1.605124000000000000e+06
1.618420000000000000e+06 1.618532000000000000e+06
1.621482000000000000e+06 1.621709000000000000e+06
1.621489000000000000e+06 1.621840000000000000e+06
1.626782000000000000e+06 1.627026000000000000e+06
1.626804000000000000e+06 1.626987000000000000e+06
1.627598000000000000e+06 1.627837000000000000e+06
1.628452000000000000e+06 1.628713000000000000e+06
1.628520000000000000e+06 1.628670000000000000e+06
1.638070000000000000e+06 1.638248000000000000e+06
1.639093000000000000e+06 1.639459000000000000e+06
1.640104000000000000e+06 1.640387000000000000e+06
1.640954000000000000e+06 1.641260000000000000e+06
1.644287000000000000e+06 1.644448000000000000e+06
1.644320000000000000e+06 1.644456000000000000e+06
1.645437000000000000e+06 1.645557000000000000e+06
1.645440000000000000e+06 1.645555000000000000e+06
1.645675000000000000e+06 1.645973000000000000e+06
1.645682000000000000e+06 1.645943000000000000e+06
1.647598000000000000e+06 1.647693000000000000e+06
1.655259000000000000e+06 1.655765000000000000e+06
1.656958000000000000e+06 1.657147000000000000e+06
1.656962000000000000e+06 1.657096000000000000e+06
1.659143000000000000e+06 1.659370000000000000e+06
1.659171000000000000e+06 1.659281000000000000e+06
1.660565000000000000e+06 1.660793000000000000e+06
1.662131000000000000e+06 1.662373000000000000e+06
1.663332000000000000e+06 1.663743000000000000e+06
1.663361000000000000e+06 1.663685000000000000e+06
1.664078000000000000e+06 1.664423000000000000e+06
1.664093000000000000e+06 1.664420000000000000e+06
1.667692000000000000e+06 1.667922000000000000e+06
1.667759000000000000e+06 1.667943000000000000e+06
1.668304000000000000e+06 1.668508000000000000e+06
1.668904000000000000e+06 1.669043000000000000e+06
1.673326000000000000e+06 1.673487000000000000e+06
1.673337000000000000e+06 1.673530000000000000e+06
1.682837000000000000e+06 1.683215000000000000e+06
1.684109000000000000e+06 1.684415000000000000e+06
1.684131000000000000e+06 1.684403000000000000e+06
1.685304000000000000e+06 1.685470000000000000e+06
1.691880000000000000e+06 1.692054000000000000e+06
1.693065000000000000e+06 1.693282000000000000e+06
1.694433000000000000e+06 1.694726000000000000e+06
1.700601000000000000e+06 1.700903000000000000e+06
1.701609000000000000e+06 1.701937000000000000e+06
1.703582000000000000e+06 1.703893000000000000e+06
1.703994000000000000e+06 1.704216000000000000e+06
1.704715000000000000e+06 1.705026000000000000e+06
1.705948000000000000e+06 1.706276000000000000e+06
1.707409000000000000e+06 1.707632000000000000e+06
1.709226000000000000e+06 1.709459000000000000e+06
1.710795000000000000e+06 1.711063000000000000e+06
1.711904000000000000e+06 1.712170000000000000e+06
1.713582000000000000e+06 1.713787000000000000e+06
1.715584000000000000e+06 1.715877000000000000e+06
1.723275000000000000e+06 1.723408000000000000e+06
1.728904000000000000e+06 1.729324000000000000e+06
1.731648000000000000e+06 1.731787000000000000e+06
1.734916000000000000e+06 1.735267000000000000e+06
1.735165000000000000e+06 1.735282000000000000e+06
1.736745000000000000e+06 1.736849000000000000e+06
1.737434000000000000e+06 1.737634000000000000e+06
1.738587000000000000e+06 1.738759000000000000e+06
1.740241000000000000e+06 1.740381000000000000e+06
1.745009000000000000e+06 1.745215000000000000e+06
1.749904000000000000e+06 1.750170000000000000e+06
1.752620000000000000e+06 1.753065000000000000e+06
1.753804000000000000e+06 1.754054000000000000e+06
1.761993000000000000e+06 1.762182000000000000e+06
1.769332000000000000e+06 1.769559000000000000e+06
1.770420000000000000e+06 1.770754000000000000e+06
1.771661000000000000e+06 1.771776000000000000e+06
1.785154000000000000e+06 1.785287000000000000e+06
1.787382000000000000e+06 1.787670000000000000e+06
1.790202000000000000e+06 1.790303000000000000e+06
1.790376000000000000e+06 1.790832000000000000e+06
1.795123000000000000e+06 1.795338000000000000e+06
1.795161000000000000e+06 1.795296000000000000e+06
1.796498000000000000e+06 1.796720000000000000e+06
1.799287000000000000e+06 1.799465000000000000e+06
1.810959000000000000e+06 1.811093000000000000e+06
1.811670000000000000e+06 1.811832000000000000e+06
1.812804000000000000e+06 1.813093000000000000e+06
1.814198000000000000e+06 1.814476000000000000e+06
1.815165000000000000e+06 1.815304000000000000e+06
1.815615000000000000e+06 1.815876000000000000e+06
1.817178000000000000e+06 1.817359000000000000e+06
1.819449000000000000e+06 1.819606000000000000e+06
1.819982000000000000e+06 1.820126000000000000e+06
1.821115000000000000e+06 1.821320000000000000e+06
1.822276000000000000e+06 1.822609000000000000e+06
1.827437000000000000e+06 1.827854000000000000e+06
1.828380000000000000e+06 1.828728000000000000e+06
1.830011000000000000e+06 1.830251000000000000e+06
1.844137000000000000e+06 1.844354000000000000e+06
1.845104000000000000e+06 1.845376000000000000e+06
1.846615000000000000e+06 1.846848000000000000e+06
1.859148000000000000e+06 1.859565000000000000e+06
1.863893000000000000e+06 1.864276000000000000e+06
1.864948000000000000e+06 1.865159000000000000e+06
1.870393000000000000e+06 1.870626000000000000e+06
1.871324000000000000e+06 1.871559000000000000e+06
1.871376000000000000e+06 1.871559000000000000e+06
1.896265000000000000e+06 1.896598000000000000e+06
1.897320000000000000e+06 1.897593000000000000e+06
1.902748000000000000e+06 1.902965000000000000e+06
1.902794000000000000e+06 1.903332000000000000e+06
1.904287000000000000e+06 1.904426000000000000e+06
1.912530000000000000e+06 1.912659000000000000e+06
1.916996000000000000e+06 1.917284000000000000e+06
1.917959000000000000e+06 1.918176000000000000e+06
1.923344000000000000e+06 1.923558000000000000e+06
1.923454000000000000e+06 1.923587000000000000e+06
1.924165000000000000e+06 1.924453000000000000e+06
1.924276000000000000e+06 1.924443000000000000e+06
1.932532000000000000e+06 1.932798000000000000e+06
1.934187000000000000e+06 1.934315000000000000e+06
1.935367000000000000e+06 1.935477000000000000e+06
1.940294000000000000e+06 1.940454000000000000e+06
2.014843000000000000e+06 2.015098000000000000e+06
2.017770000000000000e+06 2.018043000000000000e+06
2.020598000000000000e+06 2.020837000000000000e+06
2.022701000000000000e+06 2.022817000000000000e+06
2.023059000000000000e+06 2.023253000000000000e+06
2.030032000000000000e+06 2.030182000000000000e+06
2.032093000000000000e+06 2.032348000000000000e+06
2.033509000000000000e+06 2.033648000000000000e+06
2.039315000000000000e+06 2.039520000000000000e+06
2.040511000000000000e+06 2.040628000000000000e+06
2.041720000000000000e+06 2.042037000000000000e+06
2.042993000000000000e+06 2.043220000000000000e+06
2.043898000000000000e+06 2.044254000000000000e+06
2.047220000000000000e+06 2.047426000000000000e+06
2.052276000000000000e+06 2.052498000000000000e+06
2.060888000000000000e+06 2.060996000000000000e+06
2.060911000000000000e+06 2.061054000000000000e+06
2.062509000000000000e+06 2.062743000000000000e+06
2.063698000000000000e+06 2.064059000000000000e+06
2.065130000000000000e+06 2.065491000000000000e+06
2.066177000000000000e+06 2.066538000000000000e+06
2.066220000000000000e+06 2.066443000000000000e+06
2.067609000000000000e+06 2.067854000000000000e+06
2.068746000000000000e+06 2.069023000000000000e+06
2.068748000000000000e+06 2.068926000000000000e+06
2.071070000000000000e+06 2.071187000000000000e+06
2.071403000000000000e+06 2.071492000000000000e+06
2.071516000000000000e+06 2.071616000000000000e+06
2.075748000000000000e+06 2.075904000000000000e+06
2.076737000000000000e+06 2.076970000000000000e+06
2.077769000000000000e+06 2.078182000000000000e+06
2.077920000000000000e+06 2.078187000000000000e+06
2.081948000000000000e+06 2.082265000000000000e+06
2.084615000000000000e+06 2.084865000000000000e+06
2.086745000000000000e+06 2.086850000000000000e+06
2.089982000000000000e+06 2.090309000000000000e+06
2.090004000000000000e+06 2.090318000000000000e+06
2.091532000000000000e+06 2.091765000000000000e+06
2.093316000000000000e+06 2.093640000000000000e+06
2.093359000000000000e+06 2.093632000000000000e+06
2.095759000000000000e+06 2.095973000000000000e+06
2.097059000000000000e+06 2.097209000000000000e+06
2.104670000000000000e+06 2.104782000000000000e+06
2.111298000000000000e+06 2.111576000000000000e+06
2.111782000000000000e+06 2.111937000000000000e+06
2.112197000000000000e+06 2.112454000000000000e+06
2.112280000000000000e+06 2.112398000000000000e+06
2.119656000000000000e+06 2.119753000000000000e+06
2.124415000000000000e+06 2.124537000000000000e+06
2.126904000000000000e+06 2.127309000000000000e+06
2.128959000000000000e+06 2.129204000000000000e+06
2.143965000000000000e+06 2.144243000000000000e+06
2.143981000000000000e+06 2.144321000000000000e+06
2.144763000000000000e+06 2.144952000000000000e+06
2.144781000000000000e+06 2.145414000000000000e+06
2.145120000000000000e+06 2.145409000000000000e+06
2.146403000000000000e+06 2.146649000000000000e+06
2.146404000000000000e+06 2.146654000000000000e+06
2.147282000000000000e+06 2.147418000000000000e+06
2.148241000000000000e+06 2.148435000000000000e+06
2.148639000000000000e+06 2.148796000000000000e+06
2.148705000000000000e+06 2.148809000000000000e+06
2.149272000000000000e+06 2.149415000000000000e+06
2.149275000000000000e+06 2.149657000000000000e+06
2.149584000000000000e+06 2.149773000000000000e+06
2.150593000000000000e+06 2.151017000000000000e+06
2.150615000000000000e+06 2.151015000000000000e+06
2.151205000000000000e+06 2.151380000000000000e+06
2.151205000000000000e+06 2.151404000000000000e+06
2.151878000000000000e+06 2.152087000000000000e+06
2.151922000000000000e+06 2.152440000000000000e+06
2.152182000000000000e+06 2.152326000000000000e+06
2.152910000000000000e+06 2.153297000000000000e+06
2.152915000000000000e+06 2.153315000000000000e+06
2.157759000000000000e+06 2.157943000000000000e+06
2.171376000000000000e+06 2.171498000000000000e+06
2.174541000000000000e+06 2.174698000000000000e+06
2.174565000000000000e+06 2.174720000000000000e+06
2.174598000000000000e+06 2.174698000000000000e+06
2.176466000000000000e+06 2.176774000000000000e+06
2.176570000000000000e+06 2.176770000000000000e+06
2.177354000000000000e+06 2.177620000000000000e+06
2.189432000000000000e+06 2.189609000000000000e+06
2.193841000000000000e+06 2.194045000000000000e+06
2.193903000000000000e+06 2.194006000000000000e+06
2.195577000000000000e+06 2.195828000000000000e+06
2.195593000000000000e+06 2.195837000000000000e+06
2.203641000000000000e+06 2.203771000000000000e+06
2.204915000000000000e+06 2.205182000000000000e+06
2.212220000000000000e+06 2.212320000000000000e+06
2.213043000000000000e+06 2.213332000000000000e+06
2.215521000000000000e+06 2.215620000000000000e+06
2.215782000000000000e+06 2.216127000000000000e+06
2.215854000000000000e+06 2.216126000000000000e+06
2.221593000000000000e+06 2.221815000000000000e+06
2.222098000000000000e+06 2.222198000000000000e+06
2.234137000000000000e+06 2.234454000000000000e+06
2.235304000000000000e+06 2.235687000000000000e+06
2.235312000000000000e+06 2.235631000000000000e+06
2.237570000000000000e+06 2.237859000000000000e+06
2.238776000000000000e+06 2.239104000000000000e+06
2.258004000000000000e+06 2.258187000000000000e+06
2.258007000000000000e+06 2.258164000000000000e+06
2.258018000000000000e+06 2.258154000000000000e+06
2.260182000000000000e+06 2.260448000000000000e+06
2.260183000000000000e+06 2.260481000000000000e+06
2.260183000000000000e+06 2.260528000000000000e+06
2.261679000000000000e+06 2.261842000000000000e+06
2.261682000000000000e+06 2.261826000000000000e+06
2.265565000000000000e+06 2.265737000000000000e+06
2.266559000000000000e+06 2.266748000000000000e+06
2.267654000000000000e+06 2.267920000000000000e+06
2.278359000000000000e+06 2.278665000000000000e+06
2.321776000000000000e+06 2.321915000000000000e+06
2.331756000000000000e+06 2.331974000000000000e+06
2.336266000000000000e+06 2.336564000000000000e+06
2.336276000000000000e+06 2.336608000000000000e+06
2.342454000000000000e+06 2.342693000000000000e+06
2.807354000000000000e+06 2.807504000000000000e+06
2.812504000000000000e+06 2.813020000000000000e+06
2.818648000000000000e+06 2.818815000000000000e+06
2.824926000000000000e+06 2.825054000000000000e+06
2.838887000000000000e+06 2.839359000000000000e+06
2.842290000000000000e+06 2.842661000000000000e+06
2.843170000000000000e+06 2.843398000000000000e+06
2.845282000000000000e+06 2.845520000000000000e+06
2.888341000000000000e+06 2.888540000000000000e+06
2.894726000000000000e+06 2.894882000000000000e+06
2.894745000000000000e+06 2.894917000000000000e+06
2.895098000000000000e+06 2.895470000000000000e+06
2.895126000000000000e+06 2.895378000000000000e+06
2.898493000000000000e+06 2.898597000000000000e+06
2.904272000000000000e+06 2.904383000000000000e+06
2.905582000000000000e+06 2.905937000000000000e+06
2.908776000000000000e+06 2.909009000000000000e+06
2.909587000000000000e+06 2.909915000000000000e+06
2.909616000000000000e+06 2.909894000000000000e+06
2.911487000000000000e+06 2.911859000000000000e+06
2.912376000000000000e+06 2.912887000000000000e+06
2.913393000000000000e+06 2.913532000000000000e+06
2.921263000000000000e+06 2.921474000000000000e+06
2.922876000000000000e+06 2.923137000000000000e+06
2.924704000000000000e+06 2.924854000000000000e+06
2.924750000000000000e+06 2.925038000000000000e+06
2.926138000000000000e+06 2.926290000000000000e+06
2.926290000000000000e+06 2.926511000000000000e+06
2.936793000000000000e+06 2.937009000000000000e+06
2.938035000000000000e+06 2.938294000000000000e+06
2.938036000000000000e+06 2.938369000000000000e+06
2.939050000000000000e+06 2.939168000000000000e+06
2.942026000000000000e+06 2.942198000000000000e+06
2.945076000000000000e+06 2.945409000000000000e+06
2.953676000000000000e+06 2.953970000000000000e+06
2.954554000000000000e+06 2.954698000000000000e+06
2.955722000000000000e+06 2.955842000000000000e+06
2.964965000000000000e+06 2.965143000000000000e+06
2.965720000000000000e+06 2.965870000000000000e+06
2.971243000000000000e+06 2.971404000000000000e+06
2.972237000000000000e+06 2.972343000000000000e+06
2.977243000000000000e+06 2.977526000000000000e+06
2.978559000000000000e+06 2.978887000000000000e+06
2.980009000000000000e+06 2.980154000000000000e+06
2.980720000000000000e+06 2.980954000000000000e+06
2.992181000000000000e+06 2.992363000000000000e+06
2.993255000000000000e+06 2.993402000000000000e+06
2.994670000000000000e+06 2.995043000000000000e+06
2.996754000000000000e+06 2.997437000000000000e+06
2.998037000000000000e+06 2.998232000000000000e+06
2.998744000000000000e+06 2.998960000000000000e+06
2.998814000000000000e+06 2.998971000000000000e+06
3.000390000000000000e+06 3.000652000000000000e+06
3.002036000000000000e+06 3.002424000000000000e+06
3.005314000000000000e+06 3.005480000000000000e+06
3.022376000000000000e+06 3.022465000000000000e+06
3.024236000000000000e+06 3.024389000000000000e+06
3.025756000000000000e+06 3.025918000000000000e+06
3.025776000000000000e+06 3.025865000000000000e+06
3.029765000000000000e+06 3.030043000000000000e+06
3.031465000000000000e+06 3.031620000000000000e+06
3.032554000000000000e+06 3.032826000000000000e+06
3.037493000000000000e+06 3.037876000000000000e+06
3.040193000000000000e+06 3.040548000000000000e+06
3.041859000000000000e+06 3.042143000000000000e+06
3.053409000000000000e+06 3.053626000000000000e+06
3.055265000000000000e+06 3.055487000000000000e+06
3.057654000000000000e+06 3.057776000000000000e+06
3.058548000000000000e+06 3.058854000000000000e+06
3.061076000000000000e+06 3.061337000000000000e+06
3.062590000000000000e+06 3.062755000000000000e+06
3.062898000000000000e+06 3.063020000000000000e+06
3.063041000000000000e+06 3.063145000000000000e+06
3.065043000000000000e+06 3.065232000000000000e+06
3.068337000000000000e+06 3.068604000000000000e+06
3.074712000000000000e+06 3.074976000000000000e+06
3.075537000000000000e+06 3.075798000000000000e+06
3.076604000000000000e+06 3.076859000000000000e+06
3.099220000000000000e+06 3.099398000000000000e+06
3.100309000000000000e+06 3.100404000000000000e+06
3.105737000000000000e+06 3.105843000000000000e+06
3.105993000000000000e+06 3.106120000000000000e+06
3.123091000000000000e+06 3.123253000000000000e+06
3.123109000000000000e+06 3.123403000000000000e+06
3.123121000000000000e+06 3.123357000000000000e+06
3.124304000000000000e+06 3.124570000000000000e+06
3.124343000000000000e+06 3.124565000000000000e+06
3.126265000000000000e+06 3.126799000000000000e+06
3.126293000000000000e+06 3.126787000000000000e+06
3.127965000000000000e+06 3.128020000000000000e+06
3.128040000000000000e+06 3.128149000000000000e+06
3.128860000000000000e+06 3.129048000000000000e+06
3.128902000000000000e+06 3.129012000000000000e+06
3.130963000000000000e+06 3.131287000000000000e+06
3.130970000000000000e+06 3.131109000000000000e+06
3.131726000000000000e+06 3.131904000000000000e+06
3.140498000000000000e+06 3.140587000000000000e+06
3.140499000000000000e+06 3.140645000000000000e+06
3.144393000000000000e+06 3.144526000000000000e+06
3.145059000000000000e+06 3.145226000000000000e+06
3.149115000000000000e+06 3.149365000000000000e+06
3.150004000000000000e+06 3.150265000000000000e+06
3.150904000000000000e+06 3.151232000000000000e+06
3.151719000000000000e+06 3.151972000000000000e+06
3.152715000000000000e+06 3.152876000000000000e+06
3.159315000000000000e+06 3.159554000000000000e+06
3.159698000000000000e+06 3.159915000000000000e+06
3.161709000000000000e+06 3.161887000000000000e+06
3.161724000000000000e+06 3.161902000000000000e+06
3.161964000000000000e+06 3.162409000000000000e+06
3.162043000000000000e+06 3.162388000000000000e+06
3.162115000000000000e+06 3.162276000000000000e+06
3.165176000000000000e+06 3.165409000000000000e+06
3.166687000000000000e+06 3.166770000000000000e+06
3.174482000000000000e+06 3.174748000000000000e+06
3.175354000000000000e+06 3.175487000000000000e+06
3.175372000000000000e+06 3.175476000000000000e+06
3.177609000000000000e+06 3.177959000000000000e+06
3.178670000000000000e+06 3.178954000000000000e+06
3.179402000000000000e+06 3.179601000000000000e+06
3.179476000000000000e+06 3.179582000000000000e+06
3.180026000000000000e+06 3.180132000000000000e+06
3.197848000000000000e+06 3.198054000000000000e+06
3.199415000000000000e+06 3.199632000000000000e+06
3.201082000000000000e+06 3.201415000000000000e+06
3.202082000000000000e+06 3.202348000000000000e+06
3.203393000000000000e+06 3.203570000000000000e+06
3.204155000000000000e+06 3.204420000000000000e+06
3.208605000000000000e+06 3.208727000000000000e+06
3.210354000000000000e+06 3.210582000000000000e+06
3.212426000000000000e+06 3.212693000000000000e+06
3.213648000000000000e+06 3.213765000000000000e+06
3.217076000000000000e+06 3.217370000000000000e+06
3.224504000000000000e+06 3.224781000000000000e+06
3.224554000000000000e+06 3.224665000000000000e+06
3.225543000000000000e+06 3.225765000000000000e+06
3.226074000000000000e+06 3.226295000000000000e+06
3.226091000000000000e+06 3.226253000000000000e+06
3.226598000000000000e+06 3.226687000000000000e+06
3.230637000000000000e+06 3.230748000000000000e+06
3.230650000000000000e+06 3.230755000000000000e+06
3.231426000000000000e+06 3.231654000000000000e+06
3.232615000000000000e+06 3.232793000000000000e+06
3.234987000000000000e+06 3.235187000000000000e+06
3.236087000000000000e+06 3.236415000000000000e+06
3.237302000000000000e+06 3.237675000000000000e+06
3.237457000000000000e+06 3.237638000000000000e+06
3.240332000000000000e+06 3.240448000000000000e+06
