1.976000000000000000e+03 2.221000000000000000e+03 2.000000000000000000e+00
1.797500000000000000e+04 1.815300000000000000e+04 1.000000000000000000e+00
2.180400000000000000e+04 2.192400000000000000e+04 1.000000000000000000e+00
2.716000000000000000e+04 2.733300000000000000e+04 1.000000000000000000e+00
2.972900000000000000e+04 2.985400000000000000e+04 1.000000000000000000e+00
3.470400000000000000e+04 3.480300000000000000e+04 1.000000000000000000e+00
3.771700000000000000e+04 3.783700000000000000e+04 1.000000000000000000e+00
4.583500000000000000e+04 4.595600000000000000e+04 1.000000000000000000e+00
4.690800000000000000e+04 4.707000000000000000e+04 1.000000000000000000e+00
4.946000000000000000e+04 4.961700000000000000e+04 1.000000000000000000e+00
1.380170000000000000e+05 1.382840000000000000e+05 1.000000000000000000e+00
1.386110000000000000e+05 1.388360000000000000e+05 2.000000000000000000e+00
1.395320000000000000e+05 1.398200000000000000e+05 2.000000000000000000e+00
1.403390000000000000e+05 1.409150000000000000e+05 1.000000000000000000e+00
1.416100000000000000e+05 1.418510000000000000e+05 1.000000000000000000e+00
1.425370000000000000e+05 1.427930000000000000e+05 2.000000000000000000e+00
1.455320000000000000e+05 1.456820000000000000e+05 2.000000000000000000e+00
1.474060000000000000e+05 1.475420000000000000e+05 1.000000000000000000e+00
1.485360000000000000e+05 1.486830000000000000e+05 1.000000000000000000e+00
1.499070000000000000e+05 1.501630000000000000e+05 1.000000000000000000e+00
1.519730000000000000e+05 1.523180000000000000e+05 1.000000000000000000e+00
1.536470000000000000e+05 1.539400000000000000e+05 1.000000000000000000e+00
1.555250000000000000e+05 1.558650000000000000e+05 1.000000000000000000e+00
1.563360000000000000e+05 1.566760000000000000e+05 1.000000000000000000e+00
1.571730000000000000e+05 1.572830000000000000e+05 1.000000000000000000e+00
1.581400000000000000e+05 1.583240000000000000e+05 1.000000000000000000e+00
1.592440000000000000e+05 1.595110000000000000e+05 1.000000000000000000e+00
1.600980000000000000e+05 1.604980000000000000e+05 2.000000000000000000e+00
1.660550000000000000e+05 1.662850000000000000e+05 2.000000000000000000e+00
1.684250000000000000e+05 1.687650000000000000e+05 1.000000000000000000e+00
1.698160000000000000e+05 1.701770000000000000e+05 1.000000000000000000e+00
1.721230000000000000e+05 1.723740000000000000e+05 1.000000000000000000e+00
1.732160000000000000e+05 1.734880000000000000e+05 1.000000000000000000e+00
1.774120000000000000e+05 1.777520000000000000e+05 1.000000000000000000e+00
1.788030000000000000e+05 1.790280000000000000e+05 1.000000000000000000e+00
1.799540000000000000e+05 1.803990000000000000e+05 1.000000000000000000e+00
1.820880000000000000e+05 1.823760000000000000e+05 1.000000000000000000e+00
1.860950000000000000e+05 1.864300000000000000e+05 1.000000000000000000e+00
1.869320000000000000e+05 1.872480000000000000e+05 2.000000000000000000e+00
1.887920000000000000e+05 1.891940000000000000e+05 1.000000000000000000e+00
1.899370000000000000e+05 1.902560000000000000e+05 1.000000000000000000e+00
1.922760000000000000e+05 1.926890000000000000e+05 1.000000000000000000e+00
1.937460000000000000e+05 1.940750000000000000e+05 1.000000000000000000e+00
1.964810000000000000e+05 1.967900000000000000e+05 1.000000000000000000e+00
1.975540000000000000e+05 1.977160000000000000e+05 1.000000000000000000e+00
1.993640000000000000e+05 1.995260000000000000e+05 1.000000000000000000e+00
2.012470000000000000e+05 2.013780000000000000e+05 1.000000000000000000e+00
2.039590000000000000e+05 2.041420000000000000e+05 1.000000000000000000e+00
2.076050000000000000e+05 2.076890000000000000e+05 1.000000000000000000e+00
2.126930000000000000e+05 2.129590000000000000e+05 2.000000000000000000e+00
2.146200000000000000e+05 2.148290000000000000e+05 1.000000000000000000e+00
2.156920000000000000e+05 2.160380000000000000e+05 1.000000000000000000e+00
2.194270000000000000e+05 2.196420000000000000e+05 1.000000000000000000e+00
2.256630000000000000e+05 2.257940000000000000e+05 1.000000000000000000e+00
2.260080000000000000e+05 2.262120000000000000e+05 1.000000000000000000e+00
2.264060000000000000e+05 2.266040000000000000e+05 1.000000000000000000e+00
2.274150000000000000e+05 2.277500000000000000e+05 1.000000000000000000e+00
2.321920000000000000e+05 2.324200000000000000e+05 2.000000000000000000e+00
2.348200000000000000e+05 2.352260000000000000e+05 2.000000000000000000e+00
2.362580000000000000e+05 2.364520000000000000e+05 1.000000000000000000e+00
2.381230000000000000e+05 2.385420000000000000e+05 2.000000000000000000e+00
2.387900000000000000e+05 2.390100000000000000e+05 1.000000000000000000e+00
2.411070000000000000e+05 2.415570000000000000e+05 1.000000000000000000e+00
2.423210000000000000e+05 2.425770000000000000e+05 1.000000000000000000e+00
2.438120000000000000e+05 2.439790000000000000e+05 1.000000000000000000e+00
2.445810000000000000e+05 2.447900000000000000e+05 1.000000000000000000e+00
2.540330000000000000e+05 2.542950000000000000e+05 1.000000000000000000e+00
2.550580000000000000e+05 2.551840000000000000e+05 1.000000000000000000e+00
2.556290000000000000e+05 2.557440000000000000e+05 1.000000000000000000e+00
2.567640000000000000e+05 2.569730000000000000e+05 1.000000000000000000e+00
2.576140000000000000e+05 2.580580000000000000e+05 1.000000000000000000e+00
2.598320000000000000e+05 2.601400000000000000e+05 1.000000000000000000e+00
2.609330000000000000e+05 2.611630000000000000e+05 1.000000000000000000e+00
2.638490000000000000e+05 2.640120000000000000e+05 1.000000000000000000e+00
2.651520000000000000e+05 2.654710000000000000e+05 2.000000000000000000e+00
2.743320000000000000e+05 2.745870000000000000e+05 1.000000000000000000e+00
3.030700000000000000e+05 3.031930000000000000e+05 2.000000000000000000e+00
3.101650000000000000e+05 3.103090000000000000e+05 2.000000000000000000e+00
3.136040000000000000e+05 3.137760000000000000e+05 2.000000000000000000e+00
4.009150000000000000e+05 4.011260000000000000e+05 2.000000000000000000e+00
4.060590000000000000e+05 4.063040000000000000e+05 1.000000000000000000e+00
4.078760000000000000e+05 4.080590000000000000e+05 1.000000000000000000e+00
4.089770000000000000e+05 4.092200000000000000e+05 2.000000000000000000e+00
4.100530000000000000e+05 4.101820000000000000e+05 2.000000000000000000e+00
4.120870000000000000e+05 4.123820000000000000e+05 2.000000000000000000e+00
4.145260000000000000e+05 4.146540000000000000e+05 1.000000000000000000e+00
4.147440000000000000e+05 4.148960000000000000e+05 1.000000000000000000e+00
4.153320000000000000e+05 4.155320000000000000e+05 2.000000000000000000e+00
4.162040000000000000e+05 4.163320000000000000e+05 1.000000000000000000e+00
4.184240000000000000e+05 4.185490000000000000e+05 1.000000000000000000e+00
4.187660000000000000e+05 4.189380000000000000e+05 2.000000000000000000e+00
4.205980000000000000e+05 4.208320000000000000e+05 2.000000000000000000e+00
4.229480000000000000e+05 4.231870000000000000e+05 1.000000000000000000e+00
4.240870000000000000e+05 4.244040000000000000e+05 2.000000000000000000e+00
4.255870000000000000e+05 4.258370000000000000e+05 2.000000000000000000e+00
4.275080000000000000e+05 4.276380000000000000e+05 2.000000000000000000e+00
4.312260000000000000e+05 4.314150000000000000e+05 2.000000000000000000e+00
4.325870000000000000e+05 4.327160000000000000e+05 2.000000000000000000e+00
4.337370000000000000e+05 4.339590000000000000e+05 2.000000000000000000e+00
4.347150000000000000e+05 4.349200000000000000e+05 2.000000000000000000e+00
4.377980000000000000e+05 4.380150000000000000e+05 2.000000000000000000e+00
4.395980000000000000e+05 4.398370000000000000e+05 2.000000000000000000e+00
4.419700000000000000e+05 4.421820000000000000e+05 1.000000000000000000e+00
4.437090000000000000e+05 4.438200000000000000e+05 1.000000000000000000e+00
4.450240000000000000e+05 4.452490000000000000e+05 1.000000000000000000e+00
4.455420000000000000e+05 4.457140000000000000e+05 1.000000000000000000e+00
4.463180000000000000e+05 4.465770000000000000e+05 2.000000000000000000e+00
4.492830000000000000e+05 4.494430000000000000e+05 1.000000000000000000e+00
4.522580000000000000e+05 4.524650000000000000e+05 1.000000000000000000e+00
4.557090000000000000e+05 4.559200000000000000e+05 2.000000000000000000e+00
4.574260000000000000e+05 4.576320000000000000e+05 2.000000000000000000e+00
4.582150000000000000e+05 4.586650000000000000e+05 2.000000000000000000e+00
4.594830000000000000e+05 4.596240000000000000e+05 2.000000000000000000e+00
4.612730000000000000e+05 4.614340000000000000e+05 1.000000000000000000e+00
4.633320000000000000e+05 4.635930000000000000e+05 1.000000000000000000e+00
4.646040000000000000e+05 4.649040000000000000e+05 2.000000000000000000e+00
5.405320000000000000e+05 5.407980000000000000e+05 1.000000000000000000e+00
5.417350000000000000e+05 5.418500000000000000e+05 1.000000000000000000e+00
5.444870000000000000e+05 5.447090000000000000e+05 1.000000000000000000e+00
5.460260000000000000e+05 5.462370000000000000e+05 1.000000000000000000e+00
5.489870000000000000e+05 5.491080000000000000e+05 1.000000000000000000e+00
5.501970000000000000e+05 5.504460000000000000e+05 1.000000000000000000e+00
5.541930000000000000e+05 5.544370000000000000e+05 1.000000000000000000e+00
5.562820000000000000e+05 5.566040000000000000e+05 1.000000000000000000e+00
5.578700000000000000e+05 5.582200000000000000e+05 1.000000000000000000e+00
5.589700000000000000e+05 5.591320000000000000e+05 1.000000000000000000e+00
5.602700000000000000e+05 5.604150000000000000e+05 2.000000000000000000e+00
5.624540000000000000e+05 5.627870000000000000e+05 2.000000000000000000e+00
5.663980000000000000e+05 5.666320000000000000e+05 2.000000000000000000e+00
5.673090000000000000e+05 5.676150000000000000e+05 2.000000000000000000e+00
5.686910000000000000e+05 5.688150000000000000e+05 2.000000000000000000e+00
5.708200000000000000e+05 5.710980000000000000e+05 1.000000000000000000e+00
5.720490000000000000e+05 5.723670000000000000e+05 1.000000000000000000e+00
5.734260000000000000e+05 5.737200000000000000e+05 1.000000000000000000e+00
5.746650000000000000e+05 5.748820000000000000e+05 1.000000000000000000e+00
5.776090000000000000e+05 5.777980000000000000e+05 1.000000000000000000e+00
5.810320000000000000e+05 5.811430000000000000e+05 2.000000000000000000e+00
5.865230000000000000e+05 5.867590000000000000e+05 1.000000000000000000e+00
5.892480000000000000e+05 5.894650000000000000e+05 2.000000000000000000e+00
5.902200000000000000e+05 5.904650000000000000e+05 2.000000000000000000e+00
5.915200000000000000e+05 5.918650000000000000e+05 1.000000000000000000e+00
5.926590000000000000e+05 5.929040000000000000e+05 1.000000000000000000e+00
5.946370000000000000e+05 5.947930000000000000e+05 2.000000000000000000e+00
5.962950000000000000e+05 5.963990000000000000e+05 1.000000000000000000e+00
6.014320000000000000e+05 6.016540000000000000e+05 2.000000000000000000e+00
6.053930000000000000e+05 6.056040000000000000e+05 1.000000000000000000e+00
6.066040000000000000e+05 6.069820000000000000e+05 2.000000000000000000e+00
6.077820000000000000e+05 6.080760000000000000e+05 2.000000000000000000e+00
6.087370000000000000e+05 6.090820000000000000e+05 2.000000000000000000e+00
6.120930000000000000e+05 6.124540000000000000e+05 1.000000000000000000e+00
6.218750000000000000e+05 6.223450000000000000e+05 1.000000000000000000e+00
6.257200000000000000e+05 6.259480000000000000e+05 1.000000000000000000e+00
6.267900000000000000e+05 6.269800000000000000e+05 1.000000000000000000e+00
6.317980000000000000e+05 6.319480000000000000e+05 2.000000000000000000e+00
6.343430000000000000e+05 6.344930000000000000e+05 1.000000000000000000e+00
6.356370000000000000e+05 6.359320000000000000e+05 2.000000000000000000e+00
6.375980000000000000e+05 6.378200000000000000e+05 2.000000000000000000e+00
6.476760000000000000e+05 6.478090000000000000e+05 1.000000000000000000e+00
6.519770000000000000e+05 6.521070000000000000e+05 2.000000000000000000e+00
6.529480000000000000e+05 6.531820000000000000e+05 2.000000000000000000e+00
6.552090000000000000e+05 6.555200000000000000e+05 1.000000000000000000e+00
6.561700000000000000e+05 6.563090000000000000e+05 1.000000000000000000e+00
6.573820000000000000e+05 6.576040000000000000e+05 1.000000000000000000e+00
6.588590000000000000e+05 6.589820000000000000e+05 1.000000000000000000e+00
6.597870000000000000e+05 6.600480000000000000e+05 2.000000000000000000e+00
6.624540000000000000e+05 6.627370000000000000e+05 2.000000000000000000e+00
6.633040000000000000e+05 6.635700000000000000e+05 2.000000000000000000e+00
6.647150000000000000e+05 6.648260000000000000e+05 1.000000000000000000e+00
6.660690000000000000e+05 6.662210000000000000e+05 2.000000000000000000e+00
6.671200000000000000e+05 6.673300000000000000e+05 2.000000000000000000e+00
6.721150000000000000e+05 6.722370000000000000e+05 2.000000000000000000e+00
6.727090000000000000e+05 6.728540000000000000e+05 2.000000000000000000e+00
6.735600000000000000e+05 6.737530000000000000e+05 1.000000000000000000e+00
6.750320000000000000e+05 6.755760000000000000e+05 2.000000000000000000e+00
6.769980000000000000e+05 6.772700000000000000e+05 2.000000000000000000e+00
6.775980000000000000e+05 6.777550000000000000e+05 1.000000000000000000e+00
6.778930000000000000e+05 6.781480000000000000e+05 1.000000000000000000e+00
6.795090000000000000e+05 6.796870000000000000e+05 2.000000000000000000e+00
6.797290000000000000e+05 6.798900000000000000e+05 2.000000000000000000e+00
6.805540000000000000e+05 6.807040000000000000e+05 2.000000000000000000e+00
6.815520000000000000e+05 6.816800000000000000e+05 2.000000000000000000e+00
6.836590000000000000e+05 6.839320000000000000e+05 1.000000000000000000e+00
6.846590000000000000e+05 6.849700000000000000e+05 1.000000000000000000e+00
6.859980000000000000e+05 6.862650000000000000e+05 2.000000000000000000e+00
6.869760000000000000e+05 6.870820000000000000e+05 2.000000000000000000e+00
6.879930000000000000e+05 6.882090000000000000e+05 1.000000000000000000e+00
6.896200000000000000e+05 6.898040000000000000e+05 1.000000000000000000e+00
6.902200000000000000e+05 6.903490000000000000e+05 1.000000000000000000e+00
6.909820000000000000e+05 6.911540000000000000e+05 1.000000000000000000e+00
6.937990000000000000e+05 6.939030000000000000e+05 1.000000000000000000e+00
6.943200000000000000e+05 6.945320000000000000e+05 1.000000000000000000e+00
6.957320000000000000e+05 6.958420000000000000e+05 1.000000000000000000e+00
6.960660000000000000e+05 6.961970000000000000e+05 2.000000000000000000e+00
6.965980000000000000e+05 6.967430000000000000e+05 2.000000000000000000e+00
6.972480000000000000e+05 6.974430000000000000e+05 2.000000000000000000e+00
6.976930000000000000e+05 6.981430000000000000e+05 2.000000000000000000e+00
6.986040000000000000e+05 6.989650000000000000e+05 2.000000000000000000e+00
6.999640000000000000e+05 7.002250000000000000e+05 2.000000000000000000e+00
7.008650000000000000e+05 7.010700000000000000e+05 1.000000000000000000e+00
7.029150000000000000e+05 7.031650000000000000e+05 1.000000000000000000e+00
7.071370000000000000e+05 7.073760000000000000e+05 2.000000000000000000e+00
7.086260000000000000e+05 7.088480000000000000e+05 2.000000000000000000e+00
7.094480000000000000e+05 7.099650000000000000e+05 2.000000000000000000e+00
7.118960000000000000e+05 7.122510000000000000e+05 2.000000000000000000e+00
7.125830000000000000e+05 7.127080000000000000e+05 2.000000000000000000e+00
7.183290000000000000e+05 7.185090000000000000e+05 1.000000000000000000e+00
7.195280000000000000e+05 7.197770000000000000e+05 2.000000000000000000e+00
7.226480000000000000e+05 7.228090000000000000e+05 1.000000000000000000e+00
7.232820000000000000e+05 7.236480000000000000e+05 2.000000000000000000e+00
7.247320000000000000e+05 7.249540000000000000e+05 2.000000000000000000e+00
7.262090000000000000e+05 7.264200000000000000e+05 2.000000000000000000e+00
7.284150000000000000e+05 7.286200000000000000e+05 2.000000000000000000e+00
7.342840000000000000e+05 7.344830000000000000e+05 1.000000000000000000e+00
7.362050000000000000e+05 7.363110000000000000e+05 1.000000000000000000e+00
7.395870000000000000e+05 7.397930000000000000e+05 2.000000000000000000e+00
7.400770000000000000e+05 7.404430000000000000e+05 2.000000000000000000e+00
7.408320000000000000e+05 7.411480000000000000e+05 2.000000000000000000e+00
7.416040000000000000e+05 7.420090000000000000e+05 1.000000000000000000e+00
7.427530000000000000e+05 7.428830000000000000e+05 2.000000000000000000e+00
7.430370000000000000e+05 7.433590000000000000e+05 2.000000000000000000e+00
7.435880000000000000e+05 7.438490000000000000e+05 1.000000000000000000e+00
7.475820000000000000e+05 7.477980000000000000e+05 2.000000000000000000e+00
7.517400000000000000e+05 7.520620000000000000e+05 2.000000000000000000e+00
7.534930000000000000e+05 7.537090000000000000e+05 1.000000000000000000e+00
7.552320000000000000e+05 7.554430000000000000e+05 1.000000000000000000e+00
7.561320000000000000e+05 7.564980000000000000e+05 2.000000000000000000e+00
7.595150000000000000e+05 7.596200000000000000e+05 1.000000000000000000e+00
7.609840000000000000e+05 7.612290000000000000e+05 1.000000000000000000e+00
7.617930000000000000e+05 7.620480000000000000e+05 1.000000000000000000e+00
7.628580000000000000e+05 7.630380000000000000e+05 2.000000000000000000e+00
7.658200000000000000e+05 7.659540000000000000e+05 1.000000000000000000e+00
7.667540000000000000e+05 7.671700000000000000e+05 2.000000000000000000e+00
7.676980000000000000e+05 7.678590000000000000e+05 1.000000000000000000e+00
7.733730000000000000e+05 7.734870000000000000e+05 2.000000000000000000e+00
7.742370000000000000e+05 7.745150000000000000e+05 1.000000000000000000e+00
7.764040000000000000e+05 7.768090000000000000e+05 2.000000000000000000e+00
7.776500000000000000e+05 7.778690000000000000e+05 1.000000000000000000e+00
7.788970000000000000e+05 7.792530000000000000e+05 2.000000000000000000e+00
7.816150000000000000e+05 7.817320000000000000e+05 2.000000000000000000e+00
7.838480000000000000e+05 7.839760000000000000e+05 1.000000000000000000e+00
7.861760000000000000e+05 7.862930000000000000e+05 1.000000000000000000e+00
7.877140000000000000e+05 7.878080000000000000e+05 1.000000000000000000e+00
7.882320000000000000e+05 7.884320000000000000e+05 2.000000000000000000e+00
7.894410000000000000e+05 7.898130000000000000e+05 2.000000000000000000e+00
7.902820000000000000e+05 7.905870000000000000e+05 2.000000000000000000e+00
7.916460000000000000e+05 7.917970000000000000e+05 2.000000000000000000e+00
7.923670000000000000e+05 7.926230000000000000e+05 2.000000000000000000e+00
7.934200000000000000e+05 7.936870000000000000e+05 1.000000000000000000e+00
7.965150000000000000e+05 7.968480000000000000e+05 1.000000000000000000e+00
7.991260000000000000e+05 7.992510000000000000e+05 1.000000000000000000e+00
8.002970000000000000e+05 8.004800000000000000e+05 1.000000000000000000e+00
8.030200000000000000e+05 8.033980000000000000e+05 1.000000000000000000e+00
8.099870000000000000e+05 8.100700000000000000e+05 1.000000000000000000e+00
8.108960000000000000e+05 8.110530000000000000e+05 2.000000000000000000e+00
8.129650000000000000e+05 8.130820000000000000e+05 1.000000000000000000e+00
8.147870000000000000e+05 8.148870000000000000e+05 2.000000000000000000e+00
8.157500000000000000e+05 8.160220000000000000e+05 1.000000000000000000e+00
8.202980000000000000e+05 8.204130000000000000e+05 2.000000000000000000e+00
8.205210000000000000e+05 8.206980000000000000e+05 2.000000000000000000e+00
8.210930000000000000e+05 8.212200000000000000e+05 1.000000000000000000e+00
8.223540000000000000e+05 8.226040000000000000e+05 2.000000000000000000e+00
8.249540000000000000e+05 8.250700000000000000e+05 1.000000000000000000e+00
8.302750000000000000e+05 8.304070000000000000e+05 1.000000000000000000e+00
8.327260000000000000e+05 8.329150000000000000e+05 1.000000000000000000e+00
8.339650000000000000e+05 8.340870000000000000e+05 1.000000000000000000e+00
8.390200000000000000e+05 8.393480000000000000e+05 2.000000000000000000e+00
8.600700000000000000e+05 8.602150000000000000e+05 1.000000000000000000e+00
8.617320000000000000e+05 8.621260000000000000e+05 1.000000000000000000e+00
8.646930000000000000e+05 8.648430000000000000e+05 1.000000000000000000e+00
8.713480000000000000e+05 8.714650000000000000e+05 1.000000000000000000e+00
8.727700000000000000e+05 8.729150000000000000e+05 1.000000000000000000e+00
8.743590000000000000e+05 8.744610000000000000e+05 1.000000000000000000e+00
8.785260000000000000e+05 8.786200000000000000e+05 1.000000000000000000e+00
8.836980000000000000e+05 8.838870000000000000e+05 1.000000000000000000e+00
8.912930000000000000e+05 8.915090000000000000e+05 1.000000000000000000e+00
8.989090000000000000e+05 8.991320000000000000e+05 1.000000000000000000e+00
9.053820000000000000e+05 9.056590000000000000e+05 1.000000000000000000e+00
9.108320000000000000e+05 9.109650000000000000e+05 2.000000000000000000e+00
9.139340000000000000e+05 9.140020000000000000e+05 1.000000000000000000e+00
9.181820000000000000e+05 9.182820000000000000e+05 1.000000000000000000e+00
9.218930000000000000e+05 9.220820000000000000e+05 1.000000000000000000e+00
9.339650000000000000e+05 9.340930000000000000e+05 1.000000000000000000e+00
9.455820000000000000e+05 9.458320000000000000e+05 1.000000000000000000e+00
9.463590000000000000e+05 9.464930000000000000e+05 1.000000000000000000e+00
9.476560000000000000e+05 9.478020000000000000e+05 1.000000000000000000e+00
9.489540000000000000e+05 9.490540000000000000e+05 1.000000000000000000e+00
9.501700000000000000e+05 9.503430000000000000e+05 1.000000000000000000e+00
9.526040000000000000e+05 9.527320000000000000e+05 2.000000000000000000e+00
9.562370000000000000e+05 9.563310000000000000e+05 1.000000000000000000e+00
9.626930000000000000e+05 9.628260000000000000e+05 1.000000000000000000e+00
9.649500000000000000e+05 9.650440000000000000e+05 1.000000000000000000e+00
9.723260000000000000e+05 9.724480000000000000e+05 1.000000000000000000e+00
9.779760000000000000e+05 9.780870000000000000e+05 1.000000000000000000e+00
9.872820000000000000e+05 9.874260000000000000e+05 1.000000000000000000e+00
9.971200000000000000e+05 9.972650000000000000e+05 1.000000000000000000e+00
1.017009000000000000e+06 1.017182000000000000e+06 1.000000000000000000e+00
1.033761000000000000e+06 1.033939000000000000e+06 1.000000000000000000e+00
1.039770000000000000e+06 1.039976000000000000e+06 1.000000000000000000e+00
1.046198000000000000e+06 1.046354000000000000e+06 1.000000000000000000e+00
1.046920000000000000e+06 1.047009000000000000e+06 1.000000000000000000e+00
1.064282000000000000e+06 1.064393000000000000e+06 1.000000000000000000e+00
1.068604000000000000e+06 1.068782000000000000e+06 1.000000000000000000e+00
1.074404000000000000e+06 1.074515000000000000e+06 1.000000000000000000e+00
1.081276000000000000e+06 1.081454000000000000e+06 1.000000000000000000e+00
1.090513000000000000e+06 1.090607000000000000e+06 1.000000000000000000e+00
1.101615000000000000e+06 1.101720000000000000e+06 1.000000000000000000e+00
1.103493000000000000e+06 1.103659000000000000e+06 1.000000000000000000e+00
1.113932000000000000e+06 1.114109000000000000e+06 1.000000000000000000e+00
1.118193000000000000e+06 1.118426000000000000e+06 1.000000000000000000e+00
1.123320000000000000e+06 1.123459000000000000e+06 1.000000000000000000e+00
1.123570000000000000e+06 1.123732000000000000e+06 1.000000000000000000e+00
1.131852000000000000e+06 1.131974000000000000e+06 1.000000000000000000e+00
1.132591000000000000e+06 1.132701000000000000e+06 1.000000000000000000e+00
1.137107000000000000e+06 1.137218000000000000e+06 1.000000000000000000e+00
1.143670000000000000e+06 1.143865000000000000e+06 1.000000000000000000e+00
1.147332000000000000e+06 1.147626000000000000e+06 2.000000000000000000e+00
1.148227000000000000e+06 1.148403000000000000e+06 2.000000000000000000e+00
1.149232000000000000e+06 1.149398000000000000e+06 1.000000000000000000e+00
1.150526000000000000e+06 1.150665000000000000e+06 1.000000000000000000e+00
1.154565000000000000e+06 1.154765000000000000e+06 1.000000000000000000e+00
1.161265000000000000e+06 1.161382000000000000e+06 1.000000000000000000e+00
1.174454000000000000e+06 1.174570000000000000e+06 1.000000000000000000e+00
1.183536000000000000e+06 1.183620000000000000e+06 1.000000000000000000e+00
1.184159000000000000e+06 1.184243000000000000e+06 1.000000000000000000e+00
1.185111000000000000e+06 1.185247000000000000e+06 1.000000000000000000e+00
1.194537000000000000e+06 1.194689000000000000e+06 1.000000000000000000e+00
1.215932000000000000e+06 1.216183000000000000e+06 1.000000000000000000e+00
1.224537000000000000e+06 1.224654000000000000e+06 1.000000000000000000e+00
1.226482000000000000e+06 1.226693000000000000e+06 1.000000000000000000e+00
1.231293000000000000e+06 1.231476000000000000e+06 1.000000000000000000e+00
1.237687000000000000e+06 1.237826000000000000e+06 1.000000000000000000e+00
1.244876000000000000e+06 1.245032000000000000e+06 1.000000000000000000e+00
1.245576000000000000e+06 1.245743000000000000e+06 1.000000000000000000e+00
1.247198000000000000e+06 1.247292000000000000e+06 1.000000000000000000e+00
1.261859000000000000e+06 1.261954000000000000e+06 1.000000000000000000e+00
1.266584000000000000e+06 1.266689000000000000e+06 1.000000000000000000e+00
1.273066000000000000e+06 1.273317000000000000e+06 1.000000000000000000e+00
1.274541000000000000e+06 1.274650000000000000e+06 1.000000000000000000e+00
1.285837000000000000e+06 1.285998000000000000e+06 1.000000000000000000e+00
1.286804000000000000e+06 1.287020000000000000e+06 1.000000000000000000e+00
1.290867000000000000e+06 1.290987000000000000e+06 1.000000000000000000e+00
1.302359000000000000e+06 1.302474000000000000e+06 1.000000000000000000e+00
1.320480000000000000e+06 1.320623000000000000e+06 1.000000000000000000e+00
1.324276000000000000e+06 1.324548000000000000e+06 1.000000000000000000e+00
1.335854000000000000e+06 1.335965000000000000e+06 1.000000000000000000e+00
1.342017000000000000e+06 1.342218000000000000e+06 2.000000000000000000e+00
1.347482000000000000e+06 1.347609000000000000e+06 2.000000000000000000e+00
1.350370000000000000e+06 1.350501000000000000e+06 1.000000000000000000e+00
1.351379000000000000e+06 1.351667000000000000e+06 1.000000000000000000e+00
1.352190000000000000e+06 1.352305000000000000e+06 1.000000000000000000e+00
1.355659000000000000e+06 1.355793000000000000e+06 2.000000000000000000e+00
1.356621000000000000e+06 1.356746000000000000e+06 1.000000000000000000e+00
1.359854000000000000e+06 1.359943000000000000e+06 1.000000000000000000e+00
1.373177000000000000e+06 1.373412000000000000e+06 1.000000000000000000e+00
1.584143000000000000e+06 1.584287000000000000e+06 2.000000000000000000e+00
1.587470000000000000e+06 1.587648000000000000e+06 2.000000000000000000e+00
1.596307000000000000e+06 1.596422000000000000e+06 1.000000000000000000e+00
1.602626000000000000e+06 1.602793000000000000e+06 1.000000000000000000e+00
1.604465000000000000e+06 1.604637000000000000e+06 2.000000000000000000e+00
1.605036000000000000e+06 1.605124000000000000e+06 2.000000000000000000e+00
1.610865000000000000e+06 1.610982000000000000e+06 1.000000000000000000e+00
1.612034000000000000e+06 1.612207000000000000e+06 1.000000000000000000e+00
1.612909000000000000e+06 1.613065000000000000e+06 1.000000000000000000e+00
1.614527000000000000e+06 1.614731000000000000e+06 1.000000000000000000e+00
1.615249000000000000e+06 1.615364000000000000e+06 1.000000000000000000e+00
1.618420000000000000e+06 1.618532000000000000e+06 2.000000000000000000e+00
1.627598000000000000e+06 1.627837000000000000e+06 2.000000000000000000e+00
1.638070000000000000e+06 1.638248000000000000e+06 2.000000000000000000e+00
1.639093000000000000e+06 1.639459000000000000e+06 2.000000000000000000e+00
1.640104000000000000e+06 1.640387000000000000e+06 2.000000000000000000e+00
1.640954000000000000e+06 1.641260000000000000e+06 2.000000000000000000e+00
1.643881000000000000e+06 1.644006000000000000e+06 1.000000000000000000e+00
1.645440000000000000e+06 1.645555000000000000e+06 2.000000000000000000e+00
1.645682000000000000e+06 1.645943000000000000e+06 2.000000000000000000e+00
1.647598000000000000e+06 1.647693000000000000e+06 2.000000000000000000e+00
1.655259000000000000e+06 1.655765000000000000e+06 2.000000000000000000e+00
1.660565000000000000e+06 1.660793000000000000e+06 2.000000000000000000e+00
1.662131000000000000e+06 1.662373000000000000e+06 2.000000000000000000e+00
1.664093000000000000e+06 1.664420000000000000e+06 2.000000000000000000e+00
1.668304000000000000e+06 1.668508000000000000e+06 2.000000000000000000e+00
1.668904000000000000e+06 1.669043000000000000e+06 2.000000000000000000e+00
1.674626000000000000e+06 1.674993000000000000e+06 1.000000000000000000e+00
1.677211000000000000e+06 1.677436000000000000e+06 1.000000000000000000e+00
1.680220000000000000e+06 1.680376000000000000e+06 1.000000000000000000e+00
1.681776000000000000e+06 1.681970000000000000e+06 1.000000000000000000e+00
1.682837000000000000e+06 1.683215000000000000e+06 2.000000000000000000e+00
1.684131000000000000e+06 1.684403000000000000e+06 2.000000000000000000e+00
1.685304000000000000e+06 1.685470000000000000e+06 2.000000000000000000e+00
1.689660000000000000e+06 1.689927000000000000e+06 1.000000000000000000e+00
1.691880000000000000e+06 1.692054000000000000e+06 2.000000000000000000e+00
1.693065000000000000e+06 1.693282000000000000e+06 2.000000000000000000e+00
1.694433000000000000e+06 1.694726000000000000e+06 2.000000000000000000e+00
1.698631000000000000e+06 1.698924000000000000e+06 1.000000000000000000e+00
1.700601000000000000e+06 1.700903000000000000e+06 2.000000000000000000e+00
1.701609000000000000e+06 1.701937000000000000e+06 2.000000000000000000e+00
1.703582000000000000e+06 1.703893000000000000e+06 2.000000000000000000e+00
1.703994000000000000e+06 1.704216000000000000e+06 2.000000000000000000e+00
1.704715000000000000e+06 1.705026000000000000e+06 2.000000000000000000e+00
1.705948000000000000e+06 1.706276000000000000e+06 2.000000000000000000e+00
1.707409000000000000e+06 1.707632000000000000e+06 2.000000000000000000e+00
1.709226000000000000e+06 1.709459000000000000e+06 2.000000000000000000e+00
1.710795000000000000e+06 1.711063000000000000e+06 2.000000000000000000e+00
1.711904000000000000e+06 1.712170000000000000e+06 2.000000000000000000e+00
1.713582000000000000e+06 1.713787000000000000e+06 2.000000000000000000e+00
1.715584000000000000e+06 1.715877000000000000e+06 2.000000000000000000e+00
1.720315000000000000e+06 1.720515000000000000e+06 1.000000000000000000e+00
1.721590000000000000e+06 1.721674000000000000e+06 1.000000000000000000e+00
1.723275000000000000e+06 1.723408000000000000e+06 2.000000000000000000e+00
1.727828000000000000e+06 1.728111000000000000e+06 1.000000000000000000e+00
1.728904000000000000e+06 1.729324000000000000e+06 2.000000000000000000e+00
1.731648000000000000e+06 1.731787000000000000e+06 2.000000000000000000e+00
1.731882000000000000e+06 1.732066000000000000e+06 1.000000000000000000e+00
1.736387000000000000e+06 1.736570000000000000e+06 1.000000000000000000e+00
1.736745000000000000e+06 1.736849000000000000e+06 2.000000000000000000e+00
1.737434000000000000e+06 1.737634000000000000e+06 2.000000000000000000e+00
1.738587000000000000e+06 1.738759000000000000e+06 2.000000000000000000e+00
1.739504000000000000e+06 1.739645000000000000e+06 1.000000000000000000e+00
1.740241000000000000e+06 1.740381000000000000e+06 2.000000000000000000e+00
1.741220000000000000e+06 1.741366000000000000e+06 1.000000000000000000e+00
1.745009000000000000e+06 1.745215000000000000e+06 2.000000000000000000e+00
1.746723000000000000e+06 1.746911000000000000e+06 1.000000000000000000e+00
1.747774000000000000e+06 1.748182000000000000e+06 1.000000000000000000e+00
1.748515000000000000e+06 1.748656000000000000e+06 1.000000000000000000e+00
1.749904000000000000e+06 1.750170000000000000e+06 2.000000000000000000e+00
1.752620000000000000e+06 1.753065000000000000e+06 2.000000000000000000e+00
1.753804000000000000e+06 1.754054000000000000e+06 2.000000000000000000e+00
1.754781000000000000e+06 1.755022000000000000e+06 1.000000000000000000e+00
1.756098000000000000e+06 1.756354000000000000e+06 1.000000000000000000e+00
1.758343000000000000e+06 1.758693000000000000e+06 1.000000000000000000e+00
1.761993000000000000e+06 1.762182000000000000e+06 2.000000000000000000e+00
1.763204000000000000e+06 1.763370000000000000e+06 1.000000000000000000e+00
1.764365000000000000e+06 1.764759000000000000e+06 1.000000000000000000e+00
1.765437000000000000e+06 1.765637000000000000e+06 1.000000000000000000e+00
1.766776000000000000e+06 1.767015000000000000e+06 1.000000000000000000e+00
1.767571000000000000e+06 1.767655000000000000e+06 1.000000000000000000e+00
1.769332000000000000e+06 1.769559000000000000e+06 2.000000000000000000e+00
1.770420000000000000e+06 1.770754000000000000e+06 2.000000000000000000e+00
1.771353000000000000e+06 1.771406000000000000e+06 1.000000000000000000e+00
1.771661000000000000e+06 1.771776000000000000e+06 2.000000000000000000e+00
1.782298000000000000e+06 1.782498000000000000e+06 1.000000000000000000e+00
1.783591000000000000e+06 1.783717000000000000e+06 1.000000000000000000e+00
1.784405000000000000e+06 1.784525000000000000e+06 1.000000000000000000e+00
1.785154000000000000e+06 1.785287000000000000e+06 2.000000000000000000e+00
1.787382000000000000e+06 1.787670000000000000e+06 2.000000000000000000e+00
1.788529000000000000e+06 1.788705000000000000e+06 1.000000000000000000e+00
1.790202000000000000e+06 1.790303000000000000e+06 2.000000000000000000e+00
1.790376000000000000e+06 1.790832000000000000e+06 2.000000000000000000e+00
1.791426000000000000e+06 1.791732000000000000e+06 1.000000000000000000e+00
1.796498000000000000e+06 1.796720000000000000e+06 2.000000000000000000e+00
1.797659000000000000e+06 1.797876000000000000e+06 1.000000000000000000e+00
1.799287000000000000e+06 1.799465000000000000e+06 2.000000000000000000e+00
1.800659000000000000e+06 1.800904000000000000e+06 1.000000000000000000e+00
1.810959000000000000e+06 1.811093000000000000e+06 2.000000000000000000e+00
1.811670000000000000e+06 1.811832000000000000e+06 2.000000000000000000e+00
1.812804000000000000e+06 1.813093000000000000e+06 2.000000000000000000e+00
1.814198000000000000e+06 1.814476000000000000e+06 2.000000000000000000e+00
1.815165000000000000e+06 1.815304000000000000e+06 2.000000000000000000e+00
1.815615000000000000e+06 1.815876000000000000e+06 2.000000000000000000e+00
1.817178000000000000e+06 1.817359000000000000e+06 2.000000000000000000e+00
1.819449000000000000e+06 1.819606000000000000e+06 2.000000000000000000e+00
1.819982000000000000e+06 1.820126000000000000e+06 2.000000000000000000e+00
1.821115000000000000e+06 1.821320000000000000e+06 2.000000000000000000e+00
1.822276000000000000e+06 1.822609000000000000e+06 2.000000000000000000e+00
1.825497000000000000e+06 1.825712000000000000e+06 1.000000000000000000e+00
1.827437000000000000e+06 1.827854000000000000e+06 2.000000000000000000e+00
1.828380000000000000e+06 1.828728000000000000e+06 2.000000000000000000e+00
1.830011000000000000e+06 1.830251000000000000e+06 2.000000000000000000e+00
1.844137000000000000e+06 1.844354000000000000e+06 2.000000000000000000e+00
1.845104000000000000e+06 1.845376000000000000e+06 2.000000000000000000e+00
1.846615000000000000e+06 1.846848000000000000e+06 2.000000000000000000e+00
1.859148000000000000e+06 1.859565000000000000e+06 2.000000000000000000e+00
1.861798000000000000e+06 1.862115000000000000e+06 1.000000000000000000e+00
1.862882000000000000e+06 1.863293000000000000e+06 1.000000000000000000e+00
1.863893000000000000e+06 1.864276000000000000e+06 2.000000000000000000e+00
1.864948000000000000e+06 1.865159000000000000e+06 2.000000000000000000e+00
1.870393000000000000e+06 1.870626000000000000e+06 2.000000000000000000e+00
1.873548000000000000e+06 1.873709000000000000e+06 1.000000000000000000e+00
1.874098000000000000e+06 1.874209000000000000e+06 1.000000000000000000e+00
1.896265000000000000e+06 1.896598000000000000e+06 2.000000000000000000e+00
1.897320000000000000e+06 1.897593000000000000e+06 2.000000000000000000e+00
1.898148000000000000e+06 1.898420000000000000e+06 1.000000000000000000e+00
1.899426000000000000e+06 1.899654000000000000e+06 1.000000000000000000e+00
1.901198000000000000e+06 1.901448000000000000e+06 1.000000000000000000e+00
1.904287000000000000e+06 1.904426000000000000e+06 2.000000000000000000e+00
1.904720000000000000e+06 1.904898000000000000e+06 1.000000000000000000e+00
1.905257000000000000e+06 1.905451000000000000e+06 1.000000000000000000e+00
1.906032000000000000e+06 1.906165000000000000e+06 1.000000000000000000e+00
1.907926000000000000e+06 1.908132000000000000e+06 1.000000000000000000e+00
1.911291000000000000e+06 1.911454000000000000e+06 1.000000000000000000e+00
1.912530000000000000e+06 1.912659000000000000e+06 2.000000000000000000e+00
1.914709000000000000e+06 1.915020000000000000e+06 1.000000000000000000e+00
1.916065000000000000e+06 1.916315000000000000e+06 1.000000000000000000e+00
1.916996000000000000e+06 1.917284000000000000e+06 2.000000000000000000e+00
1.917959000000000000e+06 1.918176000000000000e+06 2.000000000000000000e+00
1.919410000000000000e+06 1.919844000000000000e+06 1.000000000000000000e+00
1.920160000000000000e+06 1.920301000000000000e+06 1.000000000000000000e+00
1.920554000000000000e+06 1.920948000000000000e+06 1.000000000000000000e+00
1.921132000000000000e+06 1.921276000000000000e+06 1.000000000000000000e+00
1.922154000000000000e+06 1.922420000000000000e+06 1.000000000000000000e+00
1.924798000000000000e+06 1.924904000000000000e+06 1.000000000000000000e+00
1.932532000000000000e+06 1.932798000000000000e+06 2.000000000000000000e+00
1.934187000000000000e+06 1.934315000000000000e+06 2.000000000000000000e+00
1.935367000000000000e+06 1.935477000000000000e+06 2.000000000000000000e+00
1.936254000000000000e+06 1.936500000000000000e+06 1.000000000000000000e+00
1.937002000000000000e+06 1.937128000000000000e+06 1.000000000000000000e+00
1.938098000000000000e+06 1.938348000000000000e+06 1.000000000000000000e+00
1.940294000000000000e+06 1.940454000000000000e+06 2.000000000000000000e+00
1.942132000000000000e+06 1.942348000000000000e+06 1.000000000000000000e+00
1.945152000000000000e+06 1.945340000000000000e+06 1.000000000000000000e+00
1.945826000000000000e+06 1.945937000000000000e+06 1.000000000000000000e+00
1.970476000000000000e+06 1.970670000000000000e+06 1.000000000000000000e+00
1.971509000000000000e+06 1.971659000000000000e+06 1.000000000000000000e+00
1.972387000000000000e+06 1.972526000000000000e+06 1.000000000000000000e+00
1.973448000000000000e+06 1.973648000000000000e+06 1.000000000000000000e+00
1.998143000000000000e+06 1.998287000000000000e+06 1.000000000000000000e+00
2.002237000000000000e+06 2.002504000000000000e+06 1.000000000000000000e+00
2.003059000000000000e+06 2.003237000000000000e+06 1.000000000000000000e+00
2.005698000000000000e+06 2.005855000000000000e+06 1.000000000000000000e+00
2.007034000000000000e+06 2.007166000000000000e+06 1.000000000000000000e+00
2.007959000000000000e+06 2.008376000000000000e+06 1.000000000000000000e+00
2.009865000000000000e+06 2.010137000000000000e+06 1.000000000000000000e+00
2.010909000000000000e+06 2.011070000000000000e+06 1.000000000000000000e+00
2.011937000000000000e+06 2.012115000000000000e+06 1.000000000000000000e+00
2.014843000000000000e+06 2.015098000000000000e+06 2.000000000000000000e+00
2.017770000000000000e+06 2.018043000000000000e+06 2.000000000000000000e+00
2.019482000000000000e+06 2.019693000000000000e+06 1.000000000000000000e+00
2.020004000000000000e+06 2.020237000000000000e+06 1.000000000000000000e+00
2.020598000000000000e+06 2.020837000000000000e+06 2.000000000000000000e+00
2.022065000000000000e+06 2.022196000000000000e+06 1.000000000000000000e+00
2.022701000000000000e+06 2.022817000000000000e+06 2.000000000000000000e+00
2.023059000000000000e+06 2.023253000000000000e+06 2.000000000000000000e+00
2.025298000000000000e+06 2.025639000000000000e+06 1.000000000000000000e+00
2.028712000000000000e+06 2.029032000000000000e+06 1.000000000000000000e+00
2.030032000000000000e+06 2.030182000000000000e+06 2.000000000000000000e+00
2.032093000000000000e+06 2.032348000000000000e+06 2.000000000000000000e+00
2.032882000000000000e+06 2.033070000000000000e+06 1.000000000000000000e+00
2.033509000000000000e+06 2.033648000000000000e+06 2.000000000000000000e+00
2.035237000000000000e+06 2.035459000000000000e+06 1.000000000000000000e+00
2.037759000000000000e+06 2.037954000000000000e+06 1.000000000000000000e+00
2.039315000000000000e+06 2.039520000000000000e+06 2.000000000000000000e+00
2.040511000000000000e+06 2.040628000000000000e+06 2.000000000000000000e+00
2.041720000000000000e+06 2.042037000000000000e+06 2.000000000000000000e+00
2.042993000000000000e+06 2.043220000000000000e+06 2.000000000000000000e+00
2.043898000000000000e+06 2.044254000000000000e+06 2.000000000000000000e+00
2.044882000000000000e+06 2.045126000000000000e+06 1.000000000000000000e+00
2.047220000000000000e+06 2.047426000000000000e+06 2.000000000000000000e+00
2.050955000000000000e+06 2.051106000000000000e+06 1.000000000000000000e+00
2.052276000000000000e+06 2.052498000000000000e+06 2.000000000000000000e+00
2.053304000000000000e+06 2.053404000000000000e+06 1.000000000000000000e+00
2.057770000000000000e+06 2.058009000000000000e+06 1.000000000000000000e+00
2.060193000000000000e+06 2.060415000000000000e+06 1.000000000000000000e+00
2.062509000000000000e+06 2.062743000000000000e+06 2.000000000000000000e+00
2.063698000000000000e+06 2.064059000000000000e+06 2.000000000000000000e+00
2.065130000000000000e+06 2.065491000000000000e+06 2.000000000000000000e+00
2.067609000000000000e+06 2.067854000000000000e+06 2.000000000000000000e+00
2.070356000000000000e+06 2.070594000000000000e+06 1.000000000000000000e+00
2.071070000000000000e+06 2.071187000000000000e+06 2.000000000000000000e+00
2.071403000000000000e+06 2.071492000000000000e+06 2.000000000000000000e+00
2.071516000000000000e+06 2.071616000000000000e+06 2.000000000000000000e+00
2.075748000000000000e+06 2.075904000000000000e+06 2.000000000000000000e+00
2.076737000000000000e+06 2.076970000000000000e+06 2.000000000000000000e+00
2.079554000000000000e+06 2.079698000000000000e+06 1.000000000000000000e+00
2.081948000000000000e+06 2.082265000000000000e+06 2.000000000000000000e+00
2.084615000000000000e+06 2.084865000000000000e+06 2.000000000000000000e+00
2.086217000000000000e+06 2.086369000000000000e+06 1.000000000000000000e+00
2.086745000000000000e+06 2.086850000000000000e+06 2.000000000000000000e+00
2.090004000000000000e+06 2.090318000000000000e+06 2.000000000000000000e+00
2.091532000000000000e+06 2.091765000000000000e+06 2.000000000000000000e+00
2.093359000000000000e+06 2.093632000000000000e+06 2.000000000000000000e+00
2.095759000000000000e+06 2.095973000000000000e+06 2.000000000000000000e+00
2.097059000000000000e+06 2.097209000000000000e+06 2.000000000000000000e+00
2.104670000000000000e+06 2.104782000000000000e+06 2.000000000000000000e+00
2.105548000000000000e+06 2.105826000000000000e+06 1.000000000000000000e+00
2.110165000000000000e+06 2.110448000000000000e+06 1.000000000000000000e+00
2.111298000000000000e+06 2.111576000000000000e+06 2.000000000000000000e+00
2.111782000000000000e+06 2.111937000000000000e+06 2.000000000000000000e+00
2.113370000000000000e+06 2.113748000000000000e+06 1.000000000000000000e+00
2.114170000000000000e+06 2.114332000000000000e+06 1.000000000000000000e+00
2.116754000000000000e+06 2.116848000000000000e+06 1.000000000000000000e+00
2.119656000000000000e+06 2.119753000000000000e+06 2.000000000000000000e+00
2.120765000000000000e+06 2.121015000000000000e+06 1.000000000000000000e+00
2.124415000000000000e+06 2.124537000000000000e+06 2.000000000000000000e+00
2.126904000000000000e+06 2.127309000000000000e+06 2.000000000000000000e+00
2.127809000000000000e+06 2.128043000000000000e+06 1.000000000000000000e+00
2.128959000000000000e+06 2.129204000000000000e+06 2.000000000000000000e+00
2.130032000000000000e+06 2.130148000000000000e+06 1.000000000000000000e+00
2.134804000000000000e+06 2.134948000000000000e+06 1.000000000000000000e+00
2.135616000000000000e+06 2.135873000000000000e+06 1.000000000000000000e+00
2.136187000000000000e+06 2.136527000000000000e+06 1.000000000000000000e+00
2.137243000000000000e+06 2.137426000000000000e+06 1.000000000000000000e+00
2.146404000000000000e+06 2.146654000000000000e+06 2.000000000000000000e+00
2.147282000000000000e+06 2.147418000000000000e+06 2.000000000000000000e+00
2.148241000000000000e+06 2.148435000000000000e+06 2.000000000000000000e+00
2.150615000000000000e+06 2.151015000000000000e+06 2.000000000000000000e+00
2.151205000000000000e+06 2.151404000000000000e+06 2.000000000000000000e+00
2.152915000000000000e+06 2.153315000000000000e+06 2.000000000000000000e+00
2.157759000000000000e+06 2.157943000000000000e+06 2.000000000000000000e+00
2.161454000000000000e+06 2.161948000000000000e+06 1.000000000000000000e+00
2.162582000000000000e+06 2.162687000000000000e+06 1.000000000000000000e+00
2.170143000000000000e+06 2.170393000000000000e+06 1.000000000000000000e+00
2.171376000000000000e+06 2.171498000000000000e+06 2.000000000000000000e+00
2.177354000000000000e+06 2.177620000000000000e+06 2.000000000000000000e+00
2.183254000000000000e+06 2.183420000000000000e+06 1.000000000000000000e+00
2.184237000000000000e+06 2.184532000000000000e+06 1.000000000000000000e+00
2.187837000000000000e+06 2.188054000000000000e+06 1.000000000000000000e+00
2.188404000000000000e+06 2.188632000000000000e+06 1.000000000000000000e+00
2.189432000000000000e+06 2.189609000000000000e+06 2.000000000000000000e+00
2.190404000000000000e+06 2.190654000000000000e+06 1.000000000000000000e+00
2.191568000000000000e+06 2.191782000000000000e+06 1.000000000000000000e+00
2.195593000000000000e+06 2.195837000000000000e+06 2.000000000000000000e+00
2.196865000000000000e+06 2.197132000000000000e+06 1.000000000000000000e+00
2.200453000000000000e+06 2.200746000000000000e+06 1.000000000000000000e+00
2.203641000000000000e+06 2.203771000000000000e+06 2.000000000000000000e+00
2.204915000000000000e+06 2.205182000000000000e+06 2.000000000000000000e+00
2.206309000000000000e+06 2.206465000000000000e+06 1.000000000000000000e+00
2.208526000000000000e+06 2.208832000000000000e+06 1.000000000000000000e+00
2.210615000000000000e+06 2.210843000000000000e+06 1.000000000000000000e+00
2.211609000000000000e+06 2.211698000000000000e+06 1.000000000000000000e+00
2.212220000000000000e+06 2.212320000000000000e+06 2.000000000000000000e+00
2.213043000000000000e+06 2.213332000000000000e+06 2.000000000000000000e+00
2.213645000000000000e+06 2.213886000000000000e+06 1.000000000000000000e+00
2.215521000000000000e+06 2.215620000000000000e+06 2.000000000000000000e+00
2.219532000000000000e+06 2.219782000000000000e+06 1.000000000000000000e+00
2.219937000000000000e+06 2.220109000000000000e+06 1.000000000000000000e+00
2.221593000000000000e+06 2.221815000000000000e+06 2.000000000000000000e+00
2.222098000000000000e+06 2.222198000000000000e+06 2.000000000000000000e+00
2.230552000000000000e+06 2.230714000000000000e+06 1.000000000000000000e+00
2.234137000000000000e+06 2.234454000000000000e+06 2.000000000000000000e+00
2.235312000000000000e+06 2.235631000000000000e+06 2.000000000000000000e+00
2.237570000000000000e+06 2.237859000000000000e+06 2.000000000000000000e+00
2.238776000000000000e+06 2.239104000000000000e+06 2.000000000000000000e+00
2.239843000000000000e+06 2.240048000000000000e+06 1.000000000000000000e+00
2.242543000000000000e+06 2.242643000000000000e+06 1.000000000000000000e+00
2.245059000000000000e+06 2.245179000000000000e+06 1.000000000000000000e+00
2.245377000000000000e+06 2.245466000000000000e+06 1.000000000000000000e+00
2.247893000000000000e+06 2.247987000000000000e+06 1.000000000000000000e+00
2.251348000000000000e+06 2.251554000000000000e+06 1.000000000000000000e+00
2.252415000000000000e+06 2.252654000000000000e+06 1.000000000000000000e+00
2.252965000000000000e+06 2.253320000000000000e+06 1.000000000000000000e+00
2.255693000000000000e+06 2.255832000000000000e+06 1.000000000000000000e+00
2.261682000000000000e+06 2.261826000000000000e+06 2.000000000000000000e+00
2.263965000000000000e+06 2.264216000000000000e+06 1.000000000000000000e+00
2.265565000000000000e+06 2.265737000000000000e+06 2.000000000000000000e+00
2.266559000000000000e+06 2.266748000000000000e+06 2.000000000000000000e+00
2.267654000000000000e+06 2.267920000000000000e+06 2.000000000000000000e+00
2.268710000000000000e+06 2.268825000000000000e+06 1.000000000000000000e+00
2.271132000000000000e+06 2.271382000000000000e+06 1.000000000000000000e+00
2.272447000000000000e+06 2.272542000000000000e+06 1.000000000000000000e+00
2.273907000000000000e+06 2.274038000000000000e+06 1.000000000000000000e+00
2.275987000000000000e+06 2.276248000000000000e+06 1.000000000000000000e+00
2.277542000000000000e+06 2.277673000000000000e+06 1.000000000000000000e+00
2.278359000000000000e+06 2.278665000000000000e+06 2.000000000000000000e+00
2.283859000000000000e+06 2.284004000000000000e+06 1.000000000000000000e+00
2.286376000000000000e+06 2.286676000000000000e+06 1.000000000000000000e+00
2.301720000000000000e+06 2.301965000000000000e+06 1.000000000000000000e+00
2.303787000000000000e+06 2.304004000000000000e+06 1.000000000000000000e+00
2.304615000000000000e+06 2.304765000000000000e+06 1.000000000000000000e+00
2.308259000000000000e+06 2.308415000000000000e+06 1.000000000000000000e+00
2.310598000000000000e+06 2.310793000000000000e+06 1.000000000000000000e+00
2.311770000000000000e+06 2.311998000000000000e+06 1.000000000000000000e+00
2.312674000000000000e+06 2.312831000000000000e+06 1.000000000000000000e+00
2.320887000000000000e+06 2.321098000000000000e+06 1.000000000000000000e+00
2.321776000000000000e+06 2.321915000000000000e+06 2.000000000000000000e+00
2.323587000000000000e+06 2.323737000000000000e+06 1.000000000000000000e+00
2.324698000000000000e+06 2.324815000000000000e+06 1.000000000000000000e+00
2.325115000000000000e+06 2.325554000000000000e+06 1.000000000000000000e+00
2.325950000000000000e+06 2.326024000000000000e+06 1.000000000000000000e+00
2.327259000000000000e+06 2.327482000000000000e+06 1.000000000000000000e+00
2.327994000000000000e+06 2.328286000000000000e+06 1.000000000000000000e+00
2.329137000000000000e+06 2.329265000000000000e+06 1.000000000000000000e+00
2.330134000000000000e+06 2.330238000000000000e+06 1.000000000000000000e+00
2.331756000000000000e+06 2.331974000000000000e+06 2.000000000000000000e+00
2.336276000000000000e+06 2.336608000000000000e+06 2.000000000000000000e+00
2.336965000000000000e+06 2.337132000000000000e+06 1.000000000000000000e+00
2.339132000000000000e+06 2.339432000000000000e+06 1.000000000000000000e+00
2.342454000000000000e+06 2.342693000000000000e+06 2.000000000000000000e+00
2.796882000000000000e+06 2.797009000000000000e+06 1.000000000000000000e+00
2.807354000000000000e+06 2.807504000000000000e+06 2.000000000000000000e+00
2.812504000000000000e+06 2.813020000000000000e+06 2.000000000000000000e+00
2.818648000000000000e+06 2.818815000000000000e+06 2.000000000000000000e+00
2.819798000000000000e+06 2.819937000000000000e+06 1.000000000000000000e+00
2.821393000000000000e+06 2.821570000000000000e+06 1.000000000000000000e+00
2.823982000000000000e+06 2.824248000000000000e+06 1.000000000000000000e+00
2.824926000000000000e+06 2.825054000000000000e+06 2.000000000000000000e+00
2.829804000000000000e+06 2.829976000000000000e+06 1.000000000000000000e+00
2.831254000000000000e+06 2.831487000000000000e+06 1.000000000000000000e+00
2.831926000000000000e+06 2.832032000000000000e+06 1.000000000000000000e+00
2.833393000000000000e+06 2.833665000000000000e+06 1.000000000000000000e+00
2.834537000000000000e+06 2.834720000000000000e+06 1.000000000000000000e+00
2.837943000000000000e+06 2.838115000000000000e+06 1.000000000000000000e+00
2.838887000000000000e+06 2.839359000000000000e+06 2.000000000000000000e+00
2.840426000000000000e+06 2.840537000000000000e+06 1.000000000000000000e+00
2.840632000000000000e+06 2.840743000000000000e+06 1.000000000000000000e+00
2.842290000000000000e+06 2.842661000000000000e+06 2.000000000000000000e+00
2.843170000000000000e+06 2.843398000000000000e+06 2.000000000000000000e+00
2.844404000000000000e+06 2.844550000000000000e+06 1.000000000000000000e+00
2.845282000000000000e+06 2.845520000000000000e+06 2.000000000000000000e+00
2.850082000000000000e+06 2.850432000000000000e+06 1.000000000000000000e+00
2.851304000000000000e+06 2.851587000000000000e+06 1.000000000000000000e+00
2.851965000000000000e+06 2.852126000000000000e+06 1.000000000000000000e+00
2.852533000000000000e+06 2.852732000000000000e+06 1.000000000000000000e+00
2.854265000000000000e+06 2.854432000000000000e+06 1.000000000000000000e+00
2.855666000000000000e+06 2.855857000000000000e+06 1.000000000000000000e+00
2.866109000000000000e+06 2.866226000000000000e+06 1.000000000000000000e+00
2.868004000000000000e+06 2.868309000000000000e+06 1.000000000000000000e+00
2.870415000000000000e+06 2.870626000000000000e+06 1.000000000000000000e+00
2.871793000000000000e+06 2.871926000000000000e+06 1.000000000000000000e+00
2.874187000000000000e+06 2.874609000000000000e+06 1.000000000000000000e+00
2.875326000000000000e+06 2.875565000000000000e+06 1.000000000000000000e+00
2.876265000000000000e+06 2.876376000000000000e+06 1.000000000000000000e+00
2.879180000000000000e+06 2.879405000000000000e+06 1.000000000000000000e+00
2.880263000000000000e+06 2.880404000000000000e+06 1.000000000000000000e+00
2.886459000000000000e+06 2.886626000000000000e+06 1.000000000000000000e+00
2.888341000000000000e+06 2.888540000000000000e+06 2.000000000000000000e+00
2.889300000000000000e+06 2.889605000000000000e+06 1.000000000000000000e+00
2.890170000000000000e+06 2.890515000000000000e+06 1.000000000000000000e+00
2.891343000000000000e+06 2.891515000000000000e+06 1.000000000000000000e+00
2.891603000000000000e+06 2.891734000000000000e+06 1.000000000000000000e+00
2.896420000000000000e+06 2.896609000000000000e+06 1.000000000000000000e+00
2.897444000000000000e+06 2.897554000000000000e+06 1.000000000000000000e+00
2.898493000000000000e+06 2.898597000000000000e+06 2.000000000000000000e+00
2.901592000000000000e+06 2.901728000000000000e+06 1.000000000000000000e+00
2.902426000000000000e+06 2.902554000000000000e+06 1.000000000000000000e+00
2.903420000000000000e+06 2.903665000000000000e+06 1.000000000000000000e+00
2.904272000000000000e+06 2.904383000000000000e+06 2.000000000000000000e+00
2.905582000000000000e+06 2.905937000000000000e+06 2.000000000000000000e+00
2.906436000000000000e+06 2.906572000000000000e+06 1.000000000000000000e+00
2.908776000000000000e+06 2.909009000000000000e+06 2.000000000000000000e+00
2.909616000000000000e+06 2.909894000000000000e+06 2.000000000000000000e+00
2.911487000000000000e+06 2.911859000000000000e+06 2.000000000000000000e+00
2.912376000000000000e+06 2.912887000000000000e+06 2.000000000000000000e+00
2.913393000000000000e+06 2.913532000000000000e+06 2.000000000000000000e+00
2.915052000000000000e+06 2.915533000000000000e+06 1.000000000000000000e+00
2.917422000000000000e+06 2.917526000000000000e+06 1.000000000000000000e+00
2.918798000000000000e+06 2.919004000000000000e+06 1.000000000000000000e+00
2.920115000000000000e+06 2.920343000000000000e+06 1.000000000000000000e+00
2.920434000000000000e+06 2.920555000000000000e+06 1.000000000000000000e+00
2.921263000000000000e+06 2.921474000000000000e+06 2.000000000000000000e+00
2.921809000000000000e+06 2.922226000000000000e+06 1.000000000000000000e+00
2.922876000000000000e+06 2.923137000000000000e+06 2.000000000000000000e+00
2.926712000000000000e+06 2.926785000000000000e+06 1.000000000000000000e+00
2.930770000000000000e+06 2.930959000000000000e+06 1.000000000000000000e+00
2.931074000000000000e+06 2.931289000000000000e+06 1.000000000000000000e+00
2.931720000000000000e+06 2.931915000000000000e+06 1.000000000000000000e+00
2.932754000000000000e+06 2.933132000000000000e+06 1.000000000000000000e+00
2.934715000000000000e+06 2.934820000000000000e+06 1.000000000000000000e+00
2.936170000000000000e+06 2.936376000000000000e+06 1.000000000000000000e+00
2.936793000000000000e+06 2.937009000000000000e+06 2.000000000000000000e+00
2.939050000000000000e+06 2.939168000000000000e+06 2.000000000000000000e+00
2.942026000000000000e+06 2.942198000000000000e+06 2.000000000000000000e+00
2.945076000000000000e+06 2.945409000000000000e+06 2.000000000000000000e+00
2.948654000000000000e+06 2.948859000000000000e+06 1.000000000000000000e+00
2.949090000000000000e+06 2.949320000000000000e+06 1.000000000000000000e+00
2.953676000000000000e+06 2.953970000000000000e+06 2.000000000000000000e+00
2.954554000000000000e+06 2.954698000000000000e+06 2.000000000000000000e+00
2.955722000000000000e+06 2.955842000000000000e+06 2.000000000000000000e+00
2.958470000000000000e+06 2.958582000000000000e+06 1.000000000000000000e+00
2.959515000000000000e+06 2.959743000000000000e+06 1.000000000000000000e+00
2.962404000000000000e+06 2.962676000000000000e+06 1.000000000000000000e+00
2.963426000000000000e+06 2.963715000000000000e+06 1.000000000000000000e+00
2.964357000000000000e+06 2.964519000000000000e+06 1.000000000000000000e+00
2.964965000000000000e+06 2.965143000000000000e+06 2.000000000000000000e+00
2.965720000000000000e+06 2.965870000000000000e+06 2.000000000000000000e+00
2.969748000000000000e+06 2.970237000000000000e+06 1.000000000000000000e+00
2.971243000000000000e+06 2.971404000000000000e+06 2.000000000000000000e+00
2.972237000000000000e+06 2.972343000000000000e+06 2.000000000000000000e+00
2.973604000000000000e+06 2.973754000000000000e+06 1.000000000000000000e+00
2.974570000000000000e+06 2.974826000000000000e+06 1.000000000000000000e+00
2.976354000000000000e+06 2.976582000000000000e+06 1.000000000000000000e+00
2.977243000000000000e+06 2.977526000000000000e+06 2.000000000000000000e+00
2.977712000000000000e+06 2.977868000000000000e+06 1.000000000000000000e+00
2.978559000000000000e+06 2.978887000000000000e+06 2.000000000000000000e+00
2.980009000000000000e+06 2.980154000000000000e+06 2.000000000000000000e+00
2.980720000000000000e+06 2.980954000000000000e+06 2.000000000000000000e+00
2.990364000000000000e+06 2.990551000000000000e+06 1.000000000000000000e+00
2.992181000000000000e+06 2.992363000000000000e+06 2.000000000000000000e+00
2.993255000000000000e+06 2.993402000000000000e+06 2.000000000000000000e+00
2.994670000000000000e+06 2.995043000000000000e+06 2.000000000000000000e+00
2.996754000000000000e+06 2.997437000000000000e+06 2.000000000000000000e+00
2.998037000000000000e+06 2.998232000000000000e+06 2.000000000000000000e+00
3.000390000000000000e+06 3.000652000000000000e+06 2.000000000000000000e+00
3.002036000000000000e+06 3.002424000000000000e+06 2.000000000000000000e+00
3.005314000000000000e+06 3.005480000000000000e+06 2.000000000000000000e+00
3.009398000000000000e+06 3.009682000000000000e+06 1.000000000000000000e+00
3.011609000000000000e+06 3.011766000000000000e+06 1.000000000000000000e+00
3.012744000000000000e+06 3.013073000000000000e+06 1.000000000000000000e+00
3.013513000000000000e+06 3.013727000000000000e+06 1.000000000000000000e+00
3.016060000000000000e+06 3.016286000000000000e+06 1.000000000000000000e+00
3.021148000000000000e+06 3.021498000000000000e+06 1.000000000000000000e+00
3.022376000000000000e+06 3.022465000000000000e+06 2.000000000000000000e+00
3.024236000000000000e+06 3.024389000000000000e+06 2.000000000000000000e+00
3.028909000000000000e+06 3.028998000000000000e+06 1.000000000000000000e+00
3.029765000000000000e+06 3.030043000000000000e+06 2.000000000000000000e+00
3.031465000000000000e+06 3.031620000000000000e+06 2.000000000000000000e+00
3.032554000000000000e+06 3.032826000000000000e+06 2.000000000000000000e+00
3.037493000000000000e+06 3.037876000000000000e+06 2.000000000000000000e+00
3.040193000000000000e+06 3.040548000000000000e+06 2.000000000000000000e+00
3.041859000000000000e+06 3.042143000000000000e+06 2.000000000000000000e+00
3.044054000000000000e+06 3.044254000000000000e+06 1.000000000000000000e+00
3.045959000000000000e+06 3.046048000000000000e+06 1.000000000000000000e+00
3.050404000000000000e+06 3.050615000000000000e+06 1.000000000000000000e+00
3.053409000000000000e+06 3.053626000000000000e+06 2.000000000000000000e+00
3.055265000000000000e+06 3.055487000000000000e+06 2.000000000000000000e+00
3.055853000000000000e+06 3.056052000000000000e+06 1.000000000000000000e+00
3.057654000000000000e+06 3.057776000000000000e+06 2.000000000000000000e+00
3.058548000000000000e+06 3.058854000000000000e+06 2.000000000000000000e+00
3.061076000000000000e+06 3.061337000000000000e+06 2.000000000000000000e+00
3.062590000000000000e+06 3.062755000000000000e+06 2.000000000000000000e+00
3.062898000000000000e+06 3.063020000000000000e+06 2.000000000000000000e+00
3.063041000000000000e+06 3.063145000000000000e+06 2.000000000000000000e+00
3.065043000000000000e+06 3.065232000000000000e+06 2.000000000000000000e+00
3.066165000000000000e+06 3.066359000000000000e+06 1.000000000000000000e+00
3.068337000000000000e+06 3.068604000000000000e+06 2.000000000000000000e+00
3.073008000000000000e+06 3.073228000000000000e+06 1.000000000000000000e+00
3.074712000000000000e+06 3.074976000000000000e+06 2.000000000000000000e+00
3.075537000000000000e+06 3.075798000000000000e+06 2.000000000000000000e+00
3.076604000000000000e+06 3.076859000000000000e+06 2.000000000000000000e+00
3.077203000000000000e+06 3.077344000000000000e+06 1.000000000000000000e+00
3.078359000000000000e+06 3.078548000000000000e+06 1.000000000000000000e+00
3.080526000000000000e+06 3.080776000000000000e+06 1.000000000000000000e+00
3.081587000000000000e+06 3.081704000000000000e+06 1.000000000000000000e+00
3.084765000000000000e+06 3.084987000000000000e+06 1.000000000000000000e+00
3.090543000000000000e+06 3.090709000000000000e+06 1.000000000000000000e+00
3.091921000000000000e+06 3.092015000000000000e+06 1.000000000000000000e+00
3.092159000000000000e+06 3.092282000000000000e+06 1.000000000000000000e+00
3.093187000000000000e+06 3.093398000000000000e+06 1.000000000000000000e+00
3.095554000000000000e+06 3.095826000000000000e+06 1.000000000000000000e+00
3.099220000000000000e+06 3.099398000000000000e+06 2.000000000000000000e+00
3.100309000000000000e+06 3.100404000000000000e+06 2.000000000000000000e+00
3.101359000000000000e+06 3.101543000000000000e+06 1.000000000000000000e+00
3.105073000000000000e+06 3.105198000000000000e+06 1.000000000000000000e+00
3.105737000000000000e+06 3.105843000000000000e+06 2.000000000000000000e+00
3.105993000000000000e+06 3.106120000000000000e+06 2.000000000000000000e+00
3.106589000000000000e+06 3.106824000000000000e+06 1.000000000000000000e+00
3.108109000000000000e+06 3.108304000000000000e+06 1.000000000000000000e+00
3.114509000000000000e+06 3.114693000000000000e+06 1.000000000000000000e+00
3.116170000000000000e+06 3.116282000000000000e+06 1.000000000000000000e+00
3.117959000000000000e+06 3.118159000000000000e+06 1.000000000000000000e+00
3.120698000000000000e+06 3.120860000000000000e+06 1.000000000000000000e+00
3.121604000000000000e+06 3.121782000000000000e+06 1.000000000000000000e+00
3.124343000000000000e+06 3.124565000000000000e+06 2.000000000000000000e+00
3.126293000000000000e+06 3.126787000000000000e+06 2.000000000000000000e+00
3.127965000000000000e+06 3.128020000000000000e+06 2.000000000000000000e+00
3.128040000000000000e+06 3.128149000000000000e+06 2.000000000000000000e+00
3.129648000000000000e+06 3.129754000000000000e+06 1.000000000000000000e+00
3.129843000000000000e+06 3.130015000000000000e+06 1.000000000000000000e+00
3.131726000000000000e+06 3.131904000000000000e+06 2.000000000000000000e+00
3.133024000000000000e+06 3.133186000000000000e+06 1.000000000000000000e+00
3.134348000000000000e+06 3.134476000000000000e+06 1.000000000000000000e+00
3.136376000000000000e+06 3.136520000000000000e+06 1.000000000000000000e+00
3.136623000000000000e+06 3.136712000000000000e+06 1.000000000000000000e+00
3.138817000000000000e+06 3.139094000000000000e+06 1.000000000000000000e+00
3.144393000000000000e+06 3.144526000000000000e+06 2.000000000000000000e+00
3.145059000000000000e+06 3.145226000000000000e+06 2.000000000000000000e+00
3.149115000000000000e+06 3.149365000000000000e+06 2.000000000000000000e+00
3.150004000000000000e+06 3.150265000000000000e+06 2.000000000000000000e+00
3.150904000000000000e+06 3.151232000000000000e+06 2.000000000000000000e+00
3.151719000000000000e+06 3.151972000000000000e+06 2.000000000000000000e+00
3.152715000000000000e+06 3.152876000000000000e+06 2.000000000000000000e+00
3.156104000000000000e+06 3.156259000000000000e+06 1.000000000000000000e+00
3.159315000000000000e+06 3.159554000000000000e+06 2.000000000000000000e+00
3.159698000000000000e+06 3.159915000000000000e+06 2.000000000000000000e+00
3.161724000000000000e+06 3.161902000000000000e+06 2.000000000000000000e+00
3.165176000000000000e+06 3.165409000000000000e+06 2.000000000000000000e+00
3.166687000000000000e+06 3.166770000000000000e+06 2.000000000000000000e+00
3.172482000000000000e+06 3.172593000000000000e+06 1.000000000000000000e+00
3.174482000000000000e+06 3.174748000000000000e+06 2.000000000000000000e+00
3.176304000000000000e+06 3.176398000000000000e+06 1.000000000000000000e+00
3.176912000000000000e+06 3.177053000000000000e+06 1.000000000000000000e+00
3.177609000000000000e+06 3.177959000000000000e+06 2.000000000000000000e+00
3.178670000000000000e+06 3.178954000000000000e+06 2.000000000000000000e+00
3.180026000000000000e+06 3.180132000000000000e+06 2.000000000000000000e+00
3.182370000000000000e+06 3.182465000000000000e+06 1.000000000000000000e+00
3.187160000000000000e+06 3.187338000000000000e+06 1.000000000000000000e+00
3.189934000000000000e+06 3.190031000000000000e+06 1.000000000000000000e+00
3.191443000000000000e+06 3.191604000000000000e+06 1.000000000000000000e+00
3.193332000000000000e+06 3.193565000000000000e+06 1.000000000000000000e+00
3.194887000000000000e+06 3.195020000000000000e+06 1.000000000000000000e+00
3.196343000000000000e+06 3.196448000000000000e+06 1.000000000000000000e+00
3.197848000000000000e+06 3.198054000000000000e+06 2.000000000000000000e+00
3.199415000000000000e+06 3.199632000000000000e+06 2.000000000000000000e+00
3.199853000000000000e+06 3.199994000000000000e+06 1.000000000000000000e+00
3.201082000000000000e+06 3.201415000000000000e+06 2.000000000000000000e+00
3.202082000000000000e+06 3.202348000000000000e+06 2.000000000000000000e+00
3.203393000000000000e+06 3.203570000000000000e+06 2.000000000000000000e+00
3.204155000000000000e+06 3.204420000000000000e+06 2.000000000000000000e+00
3.204898000000000000e+06 3.205020000000000000e+06 1.000000000000000000e+00
3.206787000000000000e+06 3.207004000000000000e+06 1.000000000000000000e+00
3.208605000000000000e+06 3.208727000000000000e+06 2.000000000000000000e+00
3.210354000000000000e+06 3.210582000000000000e+06 2.000000000000000000e+00
3.212426000000000000e+06 3.212693000000000000e+06 2.000000000000000000e+00
3.213648000000000000e+06 3.213765000000000000e+06 2.000000000000000000e+00
3.217076000000000000e+06 3.217370000000000000e+06 2.000000000000000000e+00
3.225543000000000000e+06 3.225765000000000000e+06 2.000000000000000000e+00
3.226598000000000000e+06 3.226687000000000000e+06 2.000000000000000000e+00
3.230650000000000000e+06 3.230755000000000000e+06 2.000000000000000000e+00
3.231426000000000000e+06 3.231654000000000000e+06 2.000000000000000000e+00
3.232615000000000000e+06 3.232793000000000000e+06 2.000000000000000000e+00
3.234987000000000000e+06 3.235187000000000000e+06 2.000000000000000000e+00
3.236087000000000000e+06 3.236415000000000000e+06 2.000000000000000000e+00
3.239315000000000000e+06 3.239448000000000000e+06 1.000000000000000000e+00
3.240332000000000000e+06 3.240448000000000000e+06 2.000000000000000000e+00
3.246037000000000000e+06 3.246215000000000000e+06 1.000000000000000000e+00
3.247159000000000000e+06 3.247304000000000000e+06 1.000000000000000000e+00
3.247459000000000000e+06 3.247593000000000000e+06 1.000000000000000000e+00
3.249193000000000000e+06 3.249359000000000000e+06 1.000000000000000000e+00
3.250787000000000000e+06 3.250965000000000000e+06 1.000000000000000000e+00
3.252059000000000000e+06 3.252254000000000000e+06 1.000000000000000000e+00
