7.191610000000000000e+05 7.193760000000000000e+05 1.000000000000000000e+00
7.247220000000000000e+05 7.249360000000000000e+05 1.000000000000000000e+00
7.312210000000000000e+05 7.314000000000000000e+05 2.000000000000000000e+00
7.327800000000000000e+05 7.330140000000000000e+05 1.000000000000000000e+00
7.600250000000000000e+05 7.601700000000000000e+05 2.000000000000000000e+00
7.724000000000000000e+05 7.726490000000000000e+05 2.000000000000000000e+00
8.113030000000000000e+05 8.114790000000000000e+05 2.000000000000000000e+00
8.120580000000000000e+05 8.122570000000000000e+05 2.000000000000000000e+00
8.145460000000000000e+05 8.146640000000000000e+05 2.000000000000000000e+00
8.153080000000000000e+05 8.156780000000000000e+05 2.000000000000000000e+00
8.157390000000000000e+05 8.162450000000000000e+05 2.000000000000000000e+00
8.189990000000000000e+05 8.195460000000000000e+05 2.000000000000000000e+00
8.209420000000000000e+05 8.210660000000000000e+05 2.000000000000000000e+00
8.218690000000000000e+05 8.219920000000000000e+05 2.000000000000000000e+00
8.242990000000000000e+05 8.244880000000000000e+05 2.000000000000000000e+00
8.256160000000000000e+05 8.257940000000000000e+05 2.000000000000000000e+00
8.265420000000000000e+05 8.266530000000000000e+05 2.000000000000000000e+00
8.273420000000000000e+05 8.276530000000000000e+05 2.000000000000000000e+00
8.307080000000000000e+05 8.309420000000000000e+05 2.000000000000000000e+00
8.322610000000000000e+05 8.325000000000000000e+05 2.000000000000000000e+00
8.347950000000000000e+05 8.349330000000000000e+05 1.000000000000000000e+00
8.349980000000000000e+05 8.351160000000000000e+05 1.000000000000000000e+00
8.372650000000000000e+05 8.374440000000000000e+05 2.000000000000000000e+00
8.375060000000000000e+05 8.376240000000000000e+05 2.000000000000000000e+00
8.381430000000000000e+05 8.386270000000000000e+05 2.000000000000000000e+00
8.387770000000000000e+05 8.389890000000000000e+05 1.000000000000000000e+00
8.405820000000000000e+05 8.406870000000000000e+05 2.000000000000000000e+00
8.420510000000000000e+05 8.425280000000000000e+05 2.000000000000000000e+00
8.428730000000000000e+05 8.435680000000000000e+05 2.000000000000000000e+00
8.444120000000000000e+05 8.445730000000000000e+05 2.000000000000000000e+00
8.456660000000000000e+05 8.461030000000000000e+05 2.000000000000000000e+00
8.466320000000000000e+05 8.467980000000000000e+05 1.000000000000000000e+00
8.478780000000000000e+05 8.480080000000000000e+05 2.000000000000000000e+00
8.489260000000000000e+05 8.490370000000000000e+05 1.000000000000000000e+00
8.509750000000000000e+05 8.513040000000000000e+05 2.000000000000000000e+00
8.515590000000000000e+05 8.518450000000000000e+05 1.000000000000000000e+00
8.542750000000000000e+05 8.543840000000000000e+05 1.000000000000000000e+00
8.556640000000000000e+05 8.558080000000000000e+05 1.000000000000000000e+00
8.561490000000000000e+05 8.562850000000000000e+05 1.000000000000000000e+00
8.610130000000000000e+05 8.611430000000000000e+05 1.000000000000000000e+00
8.619330000000000000e+05 8.622120000000000000e+05 2.000000000000000000e+00
8.646090000000000000e+05 8.650490000000000000e+05 2.000000000000000000e+00
8.765390000000000000e+05 8.772840000000000000e+05 2.000000000000000000e+00
8.777130000000000000e+05 8.781310000000000000e+05 2.000000000000000000e+00
8.790480000000000000e+05 8.793080000000000000e+05 1.000000000000000000e+00
8.801540000000000000e+05 8.803070000000000000e+05 1.000000000000000000e+00
8.862340000000000000e+05 8.864440000000000000e+05 2.000000000000000000e+00
8.880600000000000000e+05 8.883460000000000000e+05 2.000000000000000000e+00
8.925920000000000000e+05 8.927510000000000000e+05 2.000000000000000000e+00
8.943710000000000000e+05 8.944820000000000000e+05 2.000000000000000000e+00
8.985940000000000000e+05 8.987250000000000000e+05 1.000000000000000000e+00
8.999170000000000000e+05 9.000690000000000000e+05 1.000000000000000000e+00
9.021200000000000000e+05 9.022450000000000000e+05 1.000000000000000000e+00
9.066180000000000000e+05 9.067180000000000000e+05 1.000000000000000000e+00
9.225360000000000000e+05 9.227190000000000000e+05 1.000000000000000000e+00
9.239640000000000000e+05 9.241320000000000000e+05 1.000000000000000000e+00
9.246080000000000000e+05 9.247280000000000000e+05 1.000000000000000000e+00
9.287930000000000000e+05 9.291170000000000000e+05 1.000000000000000000e+00
9.373620000000000000e+05 9.375400000000000000e+05 1.000000000000000000e+00
9.385220000000000000e+05 9.387220000000000000e+05 2.000000000000000000e+00
9.394850000000000000e+05 9.397400000000000000e+05 1.000000000000000000e+00
9.432060000000000000e+05 9.432900000000000000e+05 2.000000000000000000e+00
9.452780000000000000e+05 9.454690000000000000e+05 1.000000000000000000e+00
9.462860000000000000e+05 9.465030000000000000e+05 1.000000000000000000e+00
9.471480000000000000e+05 9.475140000000000000e+05 1.000000000000000000e+00
9.499570000000000000e+05 9.501090000000000000e+05 1.000000000000000000e+00
9.502590000000000000e+05 9.504390000000000000e+05 1.000000000000000000e+00
9.514760000000000000e+05 9.517540000000000000e+05 1.000000000000000000e+00
9.521860000000000000e+05 9.524620000000000000e+05 2.000000000000000000e+00
9.572980000000000000e+05 9.574290000000000000e+05 1.000000000000000000e+00
9.631170000000000000e+05 9.632490000000000000e+05 2.000000000000000000e+00
9.733510000000000000e+05 9.736340000000000000e+05 1.000000000000000000e+00
9.743610000000000000e+05 9.746040000000000000e+05 1.000000000000000000e+00
9.755580000000000000e+05 9.758800000000000000e+05 1.000000000000000000e+00
9.785340000000000000e+05 9.786970000000000000e+05 1.000000000000000000e+00
9.837070000000000000e+05 9.838390000000000000e+05 1.000000000000000000e+00
9.843560000000000000e+05 9.845920000000000000e+05 1.000000000000000000e+00
9.854760000000000000e+05 9.856100000000000000e+05 2.000000000000000000e+00
9.893880000000000000e+05 9.895650000000000000e+05 1.000000000000000000e+00
9.918620000000000000e+05 9.919770000000000000e+05 1.000000000000000000e+00
1.024802000000000000e+06 1.025129000000000000e+06 1.000000000000000000e+00
1.033544000000000000e+06 1.033644000000000000e+06 1.000000000000000000e+00
1.041214000000000000e+06 1.041396000000000000e+06 1.000000000000000000e+00
1.045769000000000000e+06 1.045821000000000000e+06 1.000000000000000000e+00
1.053448000000000000e+06 1.053558000000000000e+06 1.000000000000000000e+00
1.066215000000000000e+06 1.066505000000000000e+06 1.000000000000000000e+00
1.095004000000000000e+06 1.095145000000000000e+06 1.000000000000000000e+00
1.098058000000000000e+06 1.098168000000000000e+06 1.000000000000000000e+00
1.117055000000000000e+06 1.117207000000000000e+06 1.000000000000000000e+00
1.117989000000000000e+06 1.118147000000000000e+06 1.000000000000000000e+00
1.118482000000000000e+06 1.118639000000000000e+06 1.000000000000000000e+00
1.119378000000000000e+06 1.119541000000000000e+06 1.000000000000000000e+00
1.119798000000000000e+06 1.119881000000000000e+06 1.000000000000000000e+00
1.127284000000000000e+06 1.127454000000000000e+06 1.000000000000000000e+00
1.128127000000000000e+06 1.128312000000000000e+06 1.000000000000000000e+00
1.132465000000000000e+06 1.132590000000000000e+06 1.000000000000000000e+00
1.135671000000000000e+06 1.135852000000000000e+06 1.000000000000000000e+00
1.178739000000000000e+06 1.178867000000000000e+06 1.000000000000000000e+00
1.184942000000000000e+06 1.185084000000000000e+06 1.000000000000000000e+00
1.186989000000000000e+06 1.187058000000000000e+06 1.000000000000000000e+00
1.233608000000000000e+06 1.233681000000000000e+06 1.000000000000000000e+00
1.242705000000000000e+06 1.243009000000000000e+06 2.000000000000000000e+00
1.244575000000000000e+06 1.244692000000000000e+06 1.000000000000000000e+00
1.266403000000000000e+06 1.266499000000000000e+06 1.000000000000000000e+00
1.282162000000000000e+06 1.282256000000000000e+06 1.000000000000000000e+00
1.294916000000000000e+06 1.295015000000000000e+06 1.000000000000000000e+00
1.336124000000000000e+06 1.336298000000000000e+06 1.000000000000000000e+00
1.350490000000000000e+06 1.350646000000000000e+06 1.000000000000000000e+00
1.385559000000000000e+06 1.385658000000000000e+06 1.000000000000000000e+00
1.392537000000000000e+06 1.392626000000000000e+06 1.000000000000000000e+00
1.398402000000000000e+06 1.398512000000000000e+06 2.000000000000000000e+00
1.401850000000000000e+06 1.401984000000000000e+06 1.000000000000000000e+00
1.404091000000000000e+06 1.404202000000000000e+06 1.000000000000000000e+00
1.405411000000000000e+06 1.405581000000000000e+06 2.000000000000000000e+00
1.407723000000000000e+06 1.407842000000000000e+06 1.000000000000000000e+00
1.414831000000000000e+06 1.414993000000000000e+06 2.000000000000000000e+00
1.419873000000000000e+06 1.420017000000000000e+06 2.000000000000000000e+00
1.420081000000000000e+06 1.420211000000000000e+06 2.000000000000000000e+00
1.421165000000000000e+06 1.421309000000000000e+06 2.000000000000000000e+00
1.433884000000000000e+06 1.434026000000000000e+06 2.000000000000000000e+00
1.437189000000000000e+06 1.437461000000000000e+06 2.000000000000000000e+00
1.438194000000000000e+06 1.438308000000000000e+06 1.000000000000000000e+00
1.443444000000000000e+06 1.443565000000000000e+06 2.000000000000000000e+00
1.444509000000000000e+06 1.444622000000000000e+06 1.000000000000000000e+00
1.445604000000000000e+06 1.445757000000000000e+06 1.000000000000000000e+00
1.446299000000000000e+06 1.446447000000000000e+06 2.000000000000000000e+00
1.455840000000000000e+06 1.456090000000000000e+06 1.000000000000000000e+00
1.456431000000000000e+06 1.456568000000000000e+06 1.000000000000000000e+00
1.457246000000000000e+06 1.457360000000000000e+06 2.000000000000000000e+00
1.464247000000000000e+06 1.464325000000000000e+06 2.000000000000000000e+00
1.465785000000000000e+06 1.465971000000000000e+06 2.000000000000000000e+00
1.469402000000000000e+06 1.469637000000000000e+06 1.000000000000000000e+00
1.471702000000000000e+06 1.471952000000000000e+06 1.000000000000000000e+00
1.483070000000000000e+06 1.483180000000000000e+06 2.000000000000000000e+00
1.491386000000000000e+06 1.491480000000000000e+06 2.000000000000000000e+00
1.492251000000000000e+06 1.492358000000000000e+06 2.000000000000000000e+00
1.494126000000000000e+06 1.494366000000000000e+06 1.000000000000000000e+00
1.496442000000000000e+06 1.496570000000000000e+06 1.000000000000000000e+00
1.505406000000000000e+06 1.505629000000000000e+06 2.000000000000000000e+00
1.508959000000000000e+06 1.509111000000000000e+06 1.000000000000000000e+00
1.514886000000000000e+06 1.515013000000000000e+06 1.000000000000000000e+00
1.515183000000000000e+06 1.515516000000000000e+06 1.000000000000000000e+00
1.516671000000000000e+06 1.516761000000000000e+06 2.000000000000000000e+00
1.517105000000000000e+06 1.517286000000000000e+06 2.000000000000000000e+00
1.523632000000000000e+06 1.523736000000000000e+06 2.000000000000000000e+00
1.524334000000000000e+06 1.524487000000000000e+06 2.000000000000000000e+00
1.526161000000000000e+06 1.526291000000000000e+06 2.000000000000000000e+00
1.527546000000000000e+06 1.527690000000000000e+06 2.000000000000000000e+00
1.527719000000000000e+06 1.527809000000000000e+06 2.000000000000000000e+00
1.533537000000000000e+06 1.533639000000000000e+06 2.000000000000000000e+00
1.542129000000000000e+06 1.542263000000000000e+06 2.000000000000000000e+00
1.545506000000000000e+06 1.545610000000000000e+06 1.000000000000000000e+00
1.557164000000000000e+06 1.557269000000000000e+06 2.000000000000000000e+00
1.558675000000000000e+06 1.558857000000000000e+06 1.000000000000000000e+00
1.565156000000000000e+06 1.565374000000000000e+06 1.000000000000000000e+00
1.575359000000000000e+06 1.575548000000000000e+06 1.000000000000000000e+00
1.575765000000000000e+06 1.575869000000000000e+06 2.000000000000000000e+00
1.576055000000000000e+06 1.576152000000000000e+06 2.000000000000000000e+00
1.576353000000000000e+06 1.576490000000000000e+06 1.000000000000000000e+00
1.577811000000000000e+06 1.578080000000000000e+06 1.000000000000000000e+00
1.582553000000000000e+06 1.582662000000000000e+06 1.000000000000000000e+00
1.585055000000000000e+06 1.585303000000000000e+06 1.000000000000000000e+00
1.585601000000000000e+06 1.585807000000000000e+06 2.000000000000000000e+00
1.590072000000000000e+06 1.590211000000000000e+06 1.000000000000000000e+00
1.590522000000000000e+06 1.590784000000000000e+06 2.000000000000000000e+00
1.593985000000000000e+06 1.594162000000000000e+06 1.000000000000000000e+00
1.601026000000000000e+06 1.601225000000000000e+06 2.000000000000000000e+00
1.601680000000000000e+06 1.601869000000000000e+06 2.000000000000000000e+00
1.607464000000000000e+06 1.607657000000000000e+06 2.000000000000000000e+00
1.609262000000000000e+06 1.609495000000000000e+06 1.000000000000000000e+00
1.612261000000000000e+06 1.612364000000000000e+06 2.000000000000000000e+00
1.618473000000000000e+06 1.618612000000000000e+06 1.000000000000000000e+00
1.619195000000000000e+06 1.619327000000000000e+06 1.000000000000000000e+00
1.620218000000000000e+06 1.620381000000000000e+06 1.000000000000000000e+00
1.620987000000000000e+06 1.621128000000000000e+06 1.000000000000000000e+00
1.621601000000000000e+06 1.621829000000000000e+06 2.000000000000000000e+00
1.622197000000000000e+06 1.622317000000000000e+06 2.000000000000000000e+00
1.622581000000000000e+06 1.622731000000000000e+06 2.000000000000000000e+00
1.625364000000000000e+06 1.625503000000000000e+06 2.000000000000000000e+00
1.627914000000000000e+06 1.628158000000000000e+06 1.000000000000000000e+00
1.628712000000000000e+06 1.628851000000000000e+06 2.000000000000000000e+00
1.628943000000000000e+06 1.629332000000000000e+06 2.000000000000000000e+00
1.629912000000000000e+06 1.630290000000000000e+06 1.000000000000000000e+00
1.631638000000000000e+06 1.631959000000000000e+06 2.000000000000000000e+00
1.632689000000000000e+06 1.632961000000000000e+06 2.000000000000000000e+00
1.633340000000000000e+06 1.633573000000000000e+06 2.000000000000000000e+00
1.635070000000000000e+06 1.635332000000000000e+06 2.000000000000000000e+00
1.637299000000000000e+06 1.637468000000000000e+06 2.000000000000000000e+00
1.637881000000000000e+06 1.638076000000000000e+06 2.000000000000000000e+00
1.638762000000000000e+06 1.638880000000000000e+06 2.000000000000000000e+00
1.641319000000000000e+06 1.641655000000000000e+06 1.000000000000000000e+00
1.641986000000000000e+06 1.642273000000000000e+06 2.000000000000000000e+00
1.642329000000000000e+06 1.642490000000000000e+06 2.000000000000000000e+00
1.642934000000000000e+06 1.643063000000000000e+06 2.000000000000000000e+00
1.644178000000000000e+06 1.644418000000000000e+06 1.000000000000000000e+00
1.644910000000000000e+06 1.645196000000000000e+06 1.000000000000000000e+00
1.645748000000000000e+06 1.646157000000000000e+06 1.000000000000000000e+00
1.647140000000000000e+06 1.647455000000000000e+06 2.000000000000000000e+00
1.649030000000000000e+06 1.649192000000000000e+06 1.000000000000000000e+00
1.649539000000000000e+06 1.649726000000000000e+06 1.000000000000000000e+00
1.650813000000000000e+06 1.651055000000000000e+06 2.000000000000000000e+00
1.651118000000000000e+06 1.651253000000000000e+06 2.000000000000000000e+00
1.652270000000000000e+06 1.652388000000000000e+06 1.000000000000000000e+00
1.652776000000000000e+06 1.652891000000000000e+06 2.000000000000000000e+00
1.653073000000000000e+06 1.653377000000000000e+06 1.000000000000000000e+00
1.655190000000000000e+06 1.655409000000000000e+06 2.000000000000000000e+00
1.655598000000000000e+06 1.655841000000000000e+06 2.000000000000000000e+00
1.656510000000000000e+06 1.656777000000000000e+06 2.000000000000000000e+00
1.660248000000000000e+06 1.660589000000000000e+06 2.000000000000000000e+00
1.662260000000000000e+06 1.662510000000000000e+06 2.000000000000000000e+00
1.664055000000000000e+06 1.664164000000000000e+06 2.000000000000000000e+00
1.664933000000000000e+06 1.665133000000000000e+06 1.000000000000000000e+00
1.666870000000000000e+06 1.667062000000000000e+06 1.000000000000000000e+00
1.668568000000000000e+06 1.668757000000000000e+06 2.000000000000000000e+00
1.669520000000000000e+06 1.669843000000000000e+06 2.000000000000000000e+00
1.671163000000000000e+06 1.671490000000000000e+06 2.000000000000000000e+00
1.672217000000000000e+06 1.672662000000000000e+06 1.000000000000000000e+00
1.673341000000000000e+06 1.673564000000000000e+06 2.000000000000000000e+00
1.674154000000000000e+06 1.674445000000000000e+06 1.000000000000000000e+00
1.675095000000000000e+06 1.675306000000000000e+06 2.000000000000000000e+00
1.676675000000000000e+06 1.677037000000000000e+06 1.000000000000000000e+00
1.677272000000000000e+06 1.677622000000000000e+06 1.000000000000000000e+00
1.678122000000000000e+06 1.678262000000000000e+06 2.000000000000000000e+00
1.679136000000000000e+06 1.679369000000000000e+06 1.000000000000000000e+00
1.680202000000000000e+06 1.680442000000000000e+06 1.000000000000000000e+00
1.681111000000000000e+06 1.681440000000000000e+06 1.000000000000000000e+00
1.681890000000000000e+06 1.682146000000000000e+06 1.000000000000000000e+00
1.682487000000000000e+06 1.682772000000000000e+06 1.000000000000000000e+00
1.683204000000000000e+06 1.683455000000000000e+06 2.000000000000000000e+00
1.683805000000000000e+06 1.684126000000000000e+06 1.000000000000000000e+00
1.685508000000000000e+06 1.685870000000000000e+06 1.000000000000000000e+00
1.687125000000000000e+06 1.687581000000000000e+06 1.000000000000000000e+00
1.690996000000000000e+06 1.691297000000000000e+06 2.000000000000000000e+00
1.691370000000000000e+06 1.691468000000000000e+06 2.000000000000000000e+00
1.691514000000000000e+06 1.691787000000000000e+06 2.000000000000000000e+00
1.692199000000000000e+06 1.692338000000000000e+06 1.000000000000000000e+00
1.693631000000000000e+06 1.694035000000000000e+06 1.000000000000000000e+00
1.695034000000000000e+06 1.695440000000000000e+06 1.000000000000000000e+00
1.695839000000000000e+06 1.696050000000000000e+06 1.000000000000000000e+00
1.698486000000000000e+06 1.698705000000000000e+06 1.000000000000000000e+00
1.699340000000000000e+06 1.699579000000000000e+06 2.000000000000000000e+00
1.699824000000000000e+06 1.699928000000000000e+06 1.000000000000000000e+00
1.700197000000000000e+06 1.700320000000000000e+06 1.000000000000000000e+00
1.700920000000000000e+06 1.701188000000000000e+06 1.000000000000000000e+00
1.701207000000000000e+06 1.701331000000000000e+06 1.000000000000000000e+00
1.703283000000000000e+06 1.703440000000000000e+06 2.000000000000000000e+00
1.704376000000000000e+06 1.704747000000000000e+06 1.000000000000000000e+00
1.704900000000000000e+06 1.705017000000000000e+06 1.000000000000000000e+00
1.706709000000000000e+06 1.706900000000000000e+06 1.000000000000000000e+00
1.707076000000000000e+06 1.707242000000000000e+06 2.000000000000000000e+00
1.707746000000000000e+06 1.708070000000000000e+06 1.000000000000000000e+00
1.708386000000000000e+06 1.708636000000000000e+06 2.000000000000000000e+00
1.710510000000000000e+06 1.710839000000000000e+06 1.000000000000000000e+00
1.711727000000000000e+06 1.711907000000000000e+06 1.000000000000000000e+00
1.711951000000000000e+06 1.712084000000000000e+06 1.000000000000000000e+00
1.714028000000000000e+06 1.714273000000000000e+06 1.000000000000000000e+00
1.715120000000000000e+06 1.715444000000000000e+06 1.000000000000000000e+00
1.715725000000000000e+06 1.716368000000000000e+06 1.000000000000000000e+00
1.716677000000000000e+06 1.716977000000000000e+06 2.000000000000000000e+00
1.717885000000000000e+06 1.718088000000000000e+06 1.000000000000000000e+00
1.721319000000000000e+06 1.721731000000000000e+06 1.000000000000000000e+00
1.723796000000000000e+06 1.724013000000000000e+06 1.000000000000000000e+00
1.726817000000000000e+06 1.726974000000000000e+06 2.000000000000000000e+00
1.727726000000000000e+06 1.727870000000000000e+06 1.000000000000000000e+00
1.728357000000000000e+06 1.728468000000000000e+06 1.000000000000000000e+00
1.728668000000000000e+06 1.728780000000000000e+06 2.000000000000000000e+00
1.731042000000000000e+06 1.731164000000000000e+06 2.000000000000000000e+00
1.732065000000000000e+06 1.732142000000000000e+06 1.000000000000000000e+00
1.733046000000000000e+06 1.733213000000000000e+06 1.000000000000000000e+00
1.733832000000000000e+06 1.734311000000000000e+06 1.000000000000000000e+00
1.735429000000000000e+06 1.735607000000000000e+06 1.000000000000000000e+00
1.736024000000000000e+06 1.736180000000000000e+06 1.000000000000000000e+00
1.736814000000000000e+06 1.737148000000000000e+06 2.000000000000000000e+00
1.737296000000000000e+06 1.737403000000000000e+06 2.000000000000000000e+00
1.738090000000000000e+06 1.738266000000000000e+06 1.000000000000000000e+00
1.739247000000000000e+06 1.739419000000000000e+06 2.000000000000000000e+00
1.739989000000000000e+06 1.740133000000000000e+06 1.000000000000000000e+00
1.740391000000000000e+06 1.740641000000000000e+06 1.000000000000000000e+00
1.741184000000000000e+06 1.741518000000000000e+06 2.000000000000000000e+00
1.741830000000000000e+06 1.741949000000000000e+06 2.000000000000000000e+00
1.742152000000000000e+06 1.742436000000000000e+06 1.000000000000000000e+00
1.744256000000000000e+06 1.744807000000000000e+06 2.000000000000000000e+00
1.744935000000000000e+06 1.745135000000000000e+06 2.000000000000000000e+00
1.746324000000000000e+06 1.746545000000000000e+06 2.000000000000000000e+00
1.746871000000000000e+06 1.747101000000000000e+06 1.000000000000000000e+00
1.750863000000000000e+06 1.751169000000000000e+06 2.000000000000000000e+00
1.752637000000000000e+06 1.753011000000000000e+06 1.000000000000000000e+00
1.754445000000000000e+06 1.754828000000000000e+06 1.000000000000000000e+00
1.758599000000000000e+06 1.758872000000000000e+06 1.000000000000000000e+00
1.759182000000000000e+06 1.759330000000000000e+06 2.000000000000000000e+00
1.759707000000000000e+06 1.759835000000000000e+06 2.000000000000000000e+00
1.761510000000000000e+06 1.761839000000000000e+06 2.000000000000000000e+00
1.761914000000000000e+06 1.762048000000000000e+06 2.000000000000000000e+00
1.768239000000000000e+06 1.768479000000000000e+06 1.000000000000000000e+00
1.770897000000000000e+06 1.771207000000000000e+06 2.000000000000000000e+00
1.771424000000000000e+06 1.771587000000000000e+06 1.000000000000000000e+00
1.772416000000000000e+06 1.772560000000000000e+06 1.000000000000000000e+00
1.773003000000000000e+06 1.773103000000000000e+06 1.000000000000000000e+00
1.773961000000000000e+06 1.774045000000000000e+06 1.000000000000000000e+00
1.774301000000000000e+06 1.774437000000000000e+06 1.000000000000000000e+00
1.775096000000000000e+06 1.775213000000000000e+06 2.000000000000000000e+00
1.777093000000000000e+06 1.777391000000000000e+06 2.000000000000000000e+00
1.778225000000000000e+06 1.778414000000000000e+06 1.000000000000000000e+00
1.781469000000000000e+06 1.781582000000000000e+06 2.000000000000000000e+00
1.785466000000000000e+06 1.785655000000000000e+06 2.000000000000000000e+00
1.791840000000000000e+06 1.792216000000000000e+06 2.000000000000000000e+00
1.792310000000000000e+06 1.792469000000000000e+06 1.000000000000000000e+00
1.793499000000000000e+06 1.793676000000000000e+06 1.000000000000000000e+00
1.794317000000000000e+06 1.794483000000000000e+06 1.000000000000000000e+00
1.795059000000000000e+06 1.795512000000000000e+06 2.000000000000000000e+00
1.795931000000000000e+06 1.796341000000000000e+06 2.000000000000000000e+00
1.798571000000000000e+06 1.798927000000000000e+06 2.000000000000000000e+00
1.800900000000000000e+06 1.801008000000000000e+06 1.000000000000000000e+00
1.802814000000000000e+06 1.803020000000000000e+06 1.000000000000000000e+00
1.803584000000000000e+06 1.803820000000000000e+06 1.000000000000000000e+00
1.806801000000000000e+06 1.806937000000000000e+06 1.000000000000000000e+00
1.809192000000000000e+06 1.809297000000000000e+06 1.000000000000000000e+00
1.814763000000000000e+06 1.814935000000000000e+06 2.000000000000000000e+00
1.815199000000000000e+06 1.815289000000000000e+06 1.000000000000000000e+00
1.815545000000000000e+06 1.815783000000000000e+06 2.000000000000000000e+00
1.818488000000000000e+06 1.818783000000000000e+06 1.000000000000000000e+00
1.819994000000000000e+06 1.820135000000000000e+06 1.000000000000000000e+00
1.820452000000000000e+06 1.820655000000000000e+06 1.000000000000000000e+00
1.821841000000000000e+06 1.822036000000000000e+06 2.000000000000000000e+00
1.823710000000000000e+06 1.823821000000000000e+06 1.000000000000000000e+00
1.824021000000000000e+06 1.824164000000000000e+06 1.000000000000000000e+00
1.824811000000000000e+06 1.824962000000000000e+06 2.000000000000000000e+00
1.826206000000000000e+06 1.826424000000000000e+06 1.000000000000000000e+00
1.831526000000000000e+06 1.831641000000000000e+06 1.000000000000000000e+00
1.840793000000000000e+06 1.840954000000000000e+06 1.000000000000000000e+00
1.842835000000000000e+06 1.842958000000000000e+06 1.000000000000000000e+00
1.843985000000000000e+06 1.844200000000000000e+06 1.000000000000000000e+00
1.846742000000000000e+06 1.846932000000000000e+06 1.000000000000000000e+00
1.852364000000000000e+06 1.852623000000000000e+06 1.000000000000000000e+00
1.855448000000000000e+06 1.855608000000000000e+06 1.000000000000000000e+00
1.856350000000000000e+06 1.856526000000000000e+06 2.000000000000000000e+00
1.857176000000000000e+06 1.857410000000000000e+06 1.000000000000000000e+00
1.857523000000000000e+06 1.857622000000000000e+06 1.000000000000000000e+00
1.861847000000000000e+06 1.861998000000000000e+06 1.000000000000000000e+00
1.863582000000000000e+06 1.863910000000000000e+06 1.000000000000000000e+00
1.873100000000000000e+06 1.873424000000000000e+06 1.000000000000000000e+00
1.873561000000000000e+06 1.873726000000000000e+06 2.000000000000000000e+00
1.875407000000000000e+06 1.875521000000000000e+06 1.000000000000000000e+00
1.881320000000000000e+06 1.881501000000000000e+06 1.000000000000000000e+00
1.885188000000000000e+06 1.885569000000000000e+06 2.000000000000000000e+00
1.888799000000000000e+06 1.888930000000000000e+06 2.000000000000000000e+00
1.890108000000000000e+06 1.890435000000000000e+06 2.000000000000000000e+00
1.892847000000000000e+06 1.893061000000000000e+06 1.000000000000000000e+00
1.894629000000000000e+06 1.894730000000000000e+06 2.000000000000000000e+00
1.904187000000000000e+06 1.904310000000000000e+06 1.000000000000000000e+00
1.916717000000000000e+06 1.916837000000000000e+06 1.000000000000000000e+00
1.926903000000000000e+06 1.927130000000000000e+06 2.000000000000000000e+00
1.931369000000000000e+06 1.931488000000000000e+06 1.000000000000000000e+00
1.938266000000000000e+06 1.938358000000000000e+06 1.000000000000000000e+00
1.939854000000000000e+06 1.939989000000000000e+06 1.000000000000000000e+00
1.940590000000000000e+06 1.940706000000000000e+06 1.000000000000000000e+00
1.941057000000000000e+06 1.941168000000000000e+06 2.000000000000000000e+00
1.941858000000000000e+06 1.942112000000000000e+06 2.000000000000000000e+00
2.002837000000000000e+06 2.002931000000000000e+06 1.000000000000000000e+00
2.226399000000000000e+06 2.226541000000000000e+06 1.000000000000000000e+00
2.252240000000000000e+06 2.252369000000000000e+06 1.000000000000000000e+00
2.256147000000000000e+06 2.256246000000000000e+06 1.000000000000000000e+00
2.257117000000000000e+06 2.257286000000000000e+06 1.000000000000000000e+00
2.276858000000000000e+06 2.276971000000000000e+06 2.000000000000000000e+00
2.322146000000000000e+06 2.322303000000000000e+06 2.000000000000000000e+00
2.330110000000000000e+06 2.330249000000000000e+06 1.000000000000000000e+00
2.359704000000000000e+06 2.359975000000000000e+06 1.000000000000000000e+00
2.361837000000000000e+06 2.361948000000000000e+06 2.000000000000000000e+00
2.382652000000000000e+06 2.382757000000000000e+06 2.000000000000000000e+00
2.385829000000000000e+06 2.385933000000000000e+06 2.000000000000000000e+00
2.389692000000000000e+06 2.389834000000000000e+06 2.000000000000000000e+00
2.390445000000000000e+06 2.390558000000000000e+06 2.000000000000000000e+00
2.407845000000000000e+06 2.407973000000000000e+06 1.000000000000000000e+00
2.413521000000000000e+06 2.413756000000000000e+06 1.000000000000000000e+00
2.420133000000000000e+06 2.420287000000000000e+06 1.000000000000000000e+00
2.423596000000000000e+06 2.423697000000000000e+06 2.000000000000000000e+00
2.425924000000000000e+06 2.426042000000000000e+06 2.000000000000000000e+00
2.426850000000000000e+06 2.427035000000000000e+06 1.000000000000000000e+00
2.435795000000000000e+06 2.435900000000000000e+06 1.000000000000000000e+00
2.480392000000000000e+06 2.480681000000000000e+06 1.000000000000000000e+00
2.482355000000000000e+06 2.482457000000000000e+06 1.000000000000000000e+00
2.483102000000000000e+06 2.483273000000000000e+06 1.000000000000000000e+00
2.484345000000000000e+06 2.484538000000000000e+06 1.000000000000000000e+00
2.496240000000000000e+06 2.496355000000000000e+06 2.000000000000000000e+00
2.496395000000000000e+06 2.496499000000000000e+06 2.000000000000000000e+00
2.497339000000000000e+06 2.497429000000000000e+06 2.000000000000000000e+00
2.497613000000000000e+06 2.497777000000000000e+06 2.000000000000000000e+00
2.504652000000000000e+06 2.504814000000000000e+06 2.000000000000000000e+00
2.509461000000000000e+06 2.509618000000000000e+06 1.000000000000000000e+00
2.511520000000000000e+06 2.511742000000000000e+06 1.000000000000000000e+00
2.520553000000000000e+06 2.520988000000000000e+06 1.000000000000000000e+00
2.775146000000000000e+06 2.775352000000000000e+06 2.000000000000000000e+00
2.776881000000000000e+06 2.777156000000000000e+06 2.000000000000000000e+00
2.780273000000000000e+06 2.780604000000000000e+06 2.000000000000000000e+00
2.786442000000000000e+06 2.786547000000000000e+06 2.000000000000000000e+00
2.799725000000000000e+06 2.800007000000000000e+06 2.000000000000000000e+00
2.806891000000000000e+06 2.807095000000000000e+06 2.000000000000000000e+00
2.808067000000000000e+06 2.808313000000000000e+06 2.000000000000000000e+00
2.808833000000000000e+06 2.809037000000000000e+06 1.000000000000000000e+00
2.812327000000000000e+06 2.812520000000000000e+06 2.000000000000000000e+00
2.812630000000000000e+06 2.812753000000000000e+06 2.000000000000000000e+00
2.819658000000000000e+06 2.819768000000000000e+06 1.000000000000000000e+00
2.835012000000000000e+06 2.835210000000000000e+06 1.000000000000000000e+00
2.835998000000000000e+06 2.836137000000000000e+06 2.000000000000000000e+00
2.839127000000000000e+06 2.839340000000000000e+06 2.000000000000000000e+00
2.842479000000000000e+06 2.842713000000000000e+06 1.000000000000000000e+00
2.844567000000000000e+06 2.844803000000000000e+06 1.000000000000000000e+00
2.845447000000000000e+06 2.845700000000000000e+06 1.000000000000000000e+00
2.846410000000000000e+06 2.846554000000000000e+06 1.000000000000000000e+00
2.857407000000000000e+06 2.857556000000000000e+06 1.000000000000000000e+00
2.862533000000000000e+06 2.862661000000000000e+06 2.000000000000000000e+00
2.865608000000000000e+06 2.865759000000000000e+06 1.000000000000000000e+00
2.872773000000000000e+06 2.872910000000000000e+06 1.000000000000000000e+00
2.875468000000000000e+06 2.875746000000000000e+06 2.000000000000000000e+00
2.877276000000000000e+06 2.877391000000000000e+06 1.000000000000000000e+00
2.877982000000000000e+06 2.878123000000000000e+06 2.000000000000000000e+00
2.879026000000000000e+06 2.879174000000000000e+06 2.000000000000000000e+00
2.881456000000000000e+06 2.881602000000000000e+06 2.000000000000000000e+00
2.882441000000000000e+06 2.882580000000000000e+06 1.000000000000000000e+00
2.885252000000000000e+06 2.885642000000000000e+06 1.000000000000000000e+00
2.887739000000000000e+06 2.887883000000000000e+06 1.000000000000000000e+00
2.889178000000000000e+06 2.889410000000000000e+06 2.000000000000000000e+00
2.889465000000000000e+06 2.889641000000000000e+06 2.000000000000000000e+00
2.891220000000000000e+06 2.891438000000000000e+06 1.000000000000000000e+00
2.891779000000000000e+06 2.891912000000000000e+06 1.000000000000000000e+00
2.892119000000000000e+06 2.892310000000000000e+06 2.000000000000000000e+00
2.893607000000000000e+06 2.893753000000000000e+06 2.000000000000000000e+00
2.893874000000000000e+06 2.894069000000000000e+06 2.000000000000000000e+00
2.894433000000000000e+06 2.894488000000000000e+06 1.000000000000000000e+00
2.897038000000000000e+06 2.897313000000000000e+06 1.000000000000000000e+00
2.902362000000000000e+06 2.902484000000000000e+06 1.000000000000000000e+00
2.903474000000000000e+06 2.903657000000000000e+06 1.000000000000000000e+00
2.906658000000000000e+06 2.906980000000000000e+06 1.000000000000000000e+00
2.907688000000000000e+06 2.907850000000000000e+06 2.000000000000000000e+00
2.908930000000000000e+06 2.909202000000000000e+06 1.000000000000000000e+00
2.910359000000000000e+06 2.910668000000000000e+06 1.000000000000000000e+00
2.913073000000000000e+06 2.913273000000000000e+06 2.000000000000000000e+00
2.915973000000000000e+06 2.916152000000000000e+06 2.000000000000000000e+00
2.917243000000000000e+06 2.917470000000000000e+06 1.000000000000000000e+00
2.918442000000000000e+06 2.918608000000000000e+06 2.000000000000000000e+00
2.919549000000000000e+06 2.919805000000000000e+06 1.000000000000000000e+00
2.920763000000000000e+06 2.920946000000000000e+06 1.000000000000000000e+00
2.921961000000000000e+06 2.922114000000000000e+06 1.000000000000000000e+00
2.922689000000000000e+06 2.922819000000000000e+06 1.000000000000000000e+00
2.923549000000000000e+06 2.923725000000000000e+06 2.000000000000000000e+00
2.923878000000000000e+06 2.924128000000000000e+06 2.000000000000000000e+00
2.924751000000000000e+06 2.925040000000000000e+06 2.000000000000000000e+00
2.926008000000000000e+06 2.926375000000000000e+06 2.000000000000000000e+00
2.926451000000000000e+06 2.926619000000000000e+06 2.000000000000000000e+00
2.928535000000000000e+06 2.928715000000000000e+06 1.000000000000000000e+00
2.929526000000000000e+06 2.929751000000000000e+06 1.000000000000000000e+00
2.931277000000000000e+06 2.931630000000000000e+06 2.000000000000000000e+00
2.934287000000000000e+06 2.934370000000000000e+06 1.000000000000000000e+00
2.934797000000000000e+06 2.935057000000000000e+06 1.000000000000000000e+00
2.940885000000000000e+06 2.941089000000000000e+06 1.000000000000000000e+00
2.954241000000000000e+06 2.954417000000000000e+06 1.000000000000000000e+00
2.956375000000000000e+06 2.956536000000000000e+06 1.000000000000000000e+00
2.959957000000000000e+06 2.960180000000000000e+06 1.000000000000000000e+00
2.960772000000000000e+06 2.960999000000000000e+06 2.000000000000000000e+00
2.961570000000000000e+06 2.961785000000000000e+06 2.000000000000000000e+00
2.963445000000000000e+06 2.963534000000000000e+06 2.000000000000000000e+00
2.963998000000000000e+06 2.964187000000000000e+06 1.000000000000000000e+00
2.964776000000000000e+06 2.964885000000000000e+06 2.000000000000000000e+00
2.965000000000000000e+06 2.965173000000000000e+06 2.000000000000000000e+00
2.967572000000000000e+06 2.967873000000000000e+06 2.000000000000000000e+00
2.968056000000000000e+06 2.968195000000000000e+06 1.000000000000000000e+00
2.969247000000000000e+06 2.969392000000000000e+06 1.000000000000000000e+00
2.972229000000000000e+06 2.972487000000000000e+06 2.000000000000000000e+00
2.974412000000000000e+06 2.974690000000000000e+06 2.000000000000000000e+00
2.974836000000000000e+06 2.974998000000000000e+06 2.000000000000000000e+00
2.975660000000000000e+06 2.975868000000000000e+06 2.000000000000000000e+00
2.977947000000000000e+06 2.978260000000000000e+06 2.000000000000000000e+00
2.978987000000000000e+06 2.979193000000000000e+06 2.000000000000000000e+00
2.979804000000000000e+06 2.980083000000000000e+06 2.000000000000000000e+00
2.980565000000000000e+06 2.980806000000000000e+06 1.000000000000000000e+00
2.981616000000000000e+06 2.981726000000000000e+06 1.000000000000000000e+00
2.983106000000000000e+06 2.983273000000000000e+06 1.000000000000000000e+00
2.984194000000000000e+06 2.984354000000000000e+06 1.000000000000000000e+00
2.985611000000000000e+06 2.985800000000000000e+06 1.000000000000000000e+00
2.987632000000000000e+06 2.987776000000000000e+06 1.000000000000000000e+00
2.989444000000000000e+06 2.989571000000000000e+06 1.000000000000000000e+00
2.990019000000000000e+06 2.990197000000000000e+06 2.000000000000000000e+00
2.991428000000000000e+06 2.991591000000000000e+06 1.000000000000000000e+00
2.992195000000000000e+06 2.992440000000000000e+06 2.000000000000000000e+00
2.993916000000000000e+06 2.994048000000000000e+06 1.000000000000000000e+00
2.994790000000000000e+06 2.994908000000000000e+06 2.000000000000000000e+00
2.995551000000000000e+06 2.995779000000000000e+06 2.000000000000000000e+00
2.997382000000000000e+06 2.997532000000000000e+06 1.000000000000000000e+00
2.998757000000000000e+06 2.998956000000000000e+06 2.000000000000000000e+00
3.001668000000000000e+06 3.001885000000000000e+06 1.000000000000000000e+00
3.003607000000000000e+06 3.003832000000000000e+06 1.000000000000000000e+00
3.004439000000000000e+06 3.004648000000000000e+06 1.000000000000000000e+00
3.005621000000000000e+06 3.005860000000000000e+06 1.000000000000000000e+00
3.006247000000000000e+06 3.006534000000000000e+06 1.000000000000000000e+00
3.009114000000000000e+06 3.009370000000000000e+06 1.000000000000000000e+00
3.010066000000000000e+06 3.010194000000000000e+06 2.000000000000000000e+00
3.012821000000000000e+06 3.013117000000000000e+06 1.000000000000000000e+00
3.013905000000000000e+06 3.014175000000000000e+06 2.000000000000000000e+00
3.014893000000000000e+06 3.015149000000000000e+06 2.000000000000000000e+00
3.015244000000000000e+06 3.015449000000000000e+06 2.000000000000000000e+00
3.015933000000000000e+06 3.016100000000000000e+06 2.000000000000000000e+00
3.017757000000000000e+06 3.017998000000000000e+06 1.000000000000000000e+00
3.022824000000000000e+06 3.023078000000000000e+06 1.000000000000000000e+00
3.027006000000000000e+06 3.027155000000000000e+06 1.000000000000000000e+00
3.028386000000000000e+06 3.028540000000000000e+06 1.000000000000000000e+00
3.028885000000000000e+06 3.029030000000000000e+06 1.000000000000000000e+00
3.031768000000000000e+06 3.032094000000000000e+06 2.000000000000000000e+00
3.032822000000000000e+06 3.033049000000000000e+06 2.000000000000000000e+00
3.037307000000000000e+06 3.037413000000000000e+06 2.000000000000000000e+00
3.041415000000000000e+06 3.041685000000000000e+06 2.000000000000000000e+00
3.042202000000000000e+06 3.042335000000000000e+06 1.000000000000000000e+00
3.043095000000000000e+06 3.043373000000000000e+06 2.000000000000000000e+00
3.047152000000000000e+06 3.047373000000000000e+06 1.000000000000000000e+00
3.049890000000000000e+06 3.050135000000000000e+06 2.000000000000000000e+00
3.050972000000000000e+06 3.051143000000000000e+06 1.000000000000000000e+00
3.051716000000000000e+06 3.051900000000000000e+06 2.000000000000000000e+00
3.052933000000000000e+06 3.053104000000000000e+06 2.000000000000000000e+00
3.058293000000000000e+06 3.058492000000000000e+06 1.000000000000000000e+00
3.059173000000000000e+06 3.059282000000000000e+06 2.000000000000000000e+00
3.060470000000000000e+06 3.060607000000000000e+06 2.000000000000000000e+00
3.060644000000000000e+06 3.060833000000000000e+06 2.000000000000000000e+00
3.061807000000000000e+06 3.062020000000000000e+06 1.000000000000000000e+00
3.065554000000000000e+06 3.065671000000000000e+06 1.000000000000000000e+00
3.068230000000000000e+06 3.068731000000000000e+06 2.000000000000000000e+00
3.071461000000000000e+06 3.071831000000000000e+06 1.000000000000000000e+00
3.072366000000000000e+06 3.072513000000000000e+06 2.000000000000000000e+00
3.075115000000000000e+06 3.075272000000000000e+06 2.000000000000000000e+00
3.075765000000000000e+06 3.075937000000000000e+06 1.000000000000000000e+00
3.076355000000000000e+06 3.076468000000000000e+06 1.000000000000000000e+00
3.077719000000000000e+06 3.077986000000000000e+06 2.000000000000000000e+00
3.079095000000000000e+06 3.079340000000000000e+06 1.000000000000000000e+00
3.082383000000000000e+06 3.082482000000000000e+06 1.000000000000000000e+00
3.085115000000000000e+06 3.085323000000000000e+06 1.000000000000000000e+00
3.087126000000000000e+06 3.087254000000000000e+06 1.000000000000000000e+00
3.088100000000000000e+06 3.088238000000000000e+06 2.000000000000000000e+00
3.088390000000000000e+06 3.088643000000000000e+06 2.000000000000000000e+00
3.089693000000000000e+06 3.089871000000000000e+06 2.000000000000000000e+00
3.090947000000000000e+06 3.091220000000000000e+06 2.000000000000000000e+00
3.092678000000000000e+06 3.092833000000000000e+06 1.000000000000000000e+00
3.095095000000000000e+06 3.095275000000000000e+06 1.000000000000000000e+00
3.096078000000000000e+06 3.096223000000000000e+06 2.000000000000000000e+00
3.096294000000000000e+06 3.096527000000000000e+06 2.000000000000000000e+00
3.096775000000000000e+06 3.096801000000000000e+06 2.000000000000000000e+00
3.099265000000000000e+06 3.099366000000000000e+06 1.000000000000000000e+00
3.100447000000000000e+06 3.100646000000000000e+06 2.000000000000000000e+00
3.102170000000000000e+06 3.102307000000000000e+06 2.000000000000000000e+00
3.103021000000000000e+06 3.103160000000000000e+06 2.000000000000000000e+00
3.105294000000000000e+06 3.105520000000000000e+06 1.000000000000000000e+00
3.106210000000000000e+06 3.106475000000000000e+06 2.000000000000000000e+00
3.107906000000000000e+06 3.108170000000000000e+06 2.000000000000000000e+00
3.109590000000000000e+06 3.109757000000000000e+06 1.000000000000000000e+00
3.110116000000000000e+06 3.110283000000000000e+06 2.000000000000000000e+00
3.110651000000000000e+06 3.110734000000000000e+06 2.000000000000000000e+00
3.110847000000000000e+06 3.110951000000000000e+06 2.000000000000000000e+00
3.111048000000000000e+06 3.111206000000000000e+06 2.000000000000000000e+00
3.111571000000000000e+06 3.111747000000000000e+06 2.000000000000000000e+00
3.112637000000000000e+06 3.112837000000000000e+06 2.000000000000000000e+00
3.113453000000000000e+06 3.113714000000000000e+06 1.000000000000000000e+00
3.114956000000000000e+06 3.115173000000000000e+06 2.000000000000000000e+00
3.115960000000000000e+06 3.116074000000000000e+06 2.000000000000000000e+00
3.119185000000000000e+06 3.119594000000000000e+06 1.000000000000000000e+00
3.120849000000000000e+06 3.121069000000000000e+06 1.000000000000000000e+00
3.121285000000000000e+06 3.121433000000000000e+06 1.000000000000000000e+00
3.121551000000000000e+06 3.121724000000000000e+06 1.000000000000000000e+00
3.122069000000000000e+06 3.122302000000000000e+06 1.000000000000000000e+00
3.123822000000000000e+06 3.123956000000000000e+06 1.000000000000000000e+00
3.124551000000000000e+06 3.124914000000000000e+06 1.000000000000000000e+00
3.126232000000000000e+06 3.126332000000000000e+06 2.000000000000000000e+00
3.126560000000000000e+06 3.126959000000000000e+06 2.000000000000000000e+00
3.127968000000000000e+06 3.128174000000000000e+06 2.000000000000000000e+00
3.129100000000000000e+06 3.129244000000000000e+06 2.000000000000000000e+00
3.129779000000000000e+06 3.129907000000000000e+06 2.000000000000000000e+00
3.131345000000000000e+06 3.131513000000000000e+06 1.000000000000000000e+00
3.132481000000000000e+06 3.132698000000000000e+06 1.000000000000000000e+00
3.134067000000000000e+06 3.134218000000000000e+06 1.000000000000000000e+00
3.138489000000000000e+06 3.138681000000000000e+06 2.000000000000000000e+00
3.143036000000000000e+06 3.143410000000000000e+06 1.000000000000000000e+00
3.146253000000000000e+06 3.146393000000000000e+06 2.000000000000000000e+00
3.148374000000000000e+06 3.148495000000000000e+06 2.000000000000000000e+00
3.148952000000000000e+06 3.149143000000000000e+06 1.000000000000000000e+00
3.151547000000000000e+06 3.151670000000000000e+06 2.000000000000000000e+00
3.153574000000000000e+06 3.153729000000000000e+06 1.000000000000000000e+00
3.154257000000000000e+06 3.154475000000000000e+06 2.000000000000000000e+00
3.156081000000000000e+06 3.156294000000000000e+06 2.000000000000000000e+00
3.161037000000000000e+06 3.161212000000000000e+06 1.000000000000000000e+00
3.162257000000000000e+06 3.162479000000000000e+06 2.000000000000000000e+00
3.162988000000000000e+06 3.163257000000000000e+06 2.000000000000000000e+00
3.164508000000000000e+06 3.164742000000000000e+06 2.000000000000000000e+00
3.166600000000000000e+06 3.166738000000000000e+06 2.000000000000000000e+00
3.168572000000000000e+06 3.168831000000000000e+06 2.000000000000000000e+00
3.170247000000000000e+06 3.170553000000000000e+06 1.000000000000000000e+00
3.171143000000000000e+06 3.171265000000000000e+06 2.000000000000000000e+00
3.171375000000000000e+06 3.171568000000000000e+06 2.000000000000000000e+00
3.171743000000000000e+06 3.171916000000000000e+06 2.000000000000000000e+00
3.174319000000000000e+06 3.174470000000000000e+06 1.000000000000000000e+00
3.174945000000000000e+06 3.175289000000000000e+06 2.000000000000000000e+00
3.178434000000000000e+06 3.178589000000000000e+06 2.000000000000000000e+00
3.179206000000000000e+06 3.179485000000000000e+06 1.000000000000000000e+00
3.180355000000000000e+06 3.180513000000000000e+06 2.000000000000000000e+00
3.184628000000000000e+06 3.184826000000000000e+06 2.000000000000000000e+00
3.185749000000000000e+06 3.186072000000000000e+06 1.000000000000000000e+00
3.187417000000000000e+06 3.187685000000000000e+06 2.000000000000000000e+00
3.189416000000000000e+06 3.189755000000000000e+06 1.000000000000000000e+00
3.191486000000000000e+06 3.191717000000000000e+06 1.000000000000000000e+00
3.192317000000000000e+06 3.192435000000000000e+06 1.000000000000000000e+00
3.193708000000000000e+06 3.193825000000000000e+06 1.000000000000000000e+00
3.194803000000000000e+06 3.194906000000000000e+06 2.000000000000000000e+00
3.194998000000000000e+06 3.195112000000000000e+06 2.000000000000000000e+00
3.195409000000000000e+06 3.195575000000000000e+06 1.000000000000000000e+00
3.198734000000000000e+06 3.199090000000000000e+06 1.000000000000000000e+00
3.199789000000000000e+06 3.200026000000000000e+06 1.000000000000000000e+00
3.200652000000000000e+06 3.200876000000000000e+06 1.000000000000000000e+00
3.201364000000000000e+06 3.201794000000000000e+06 1.000000000000000000e+00
3.203359000000000000e+06 3.203475000000000000e+06 1.000000000000000000e+00
3.203952000000000000e+06 3.204396000000000000e+06 2.000000000000000000e+00
3.205149000000000000e+06 3.205321000000000000e+06 2.000000000000000000e+00
3.211113000000000000e+06 3.211220000000000000e+06 2.000000000000000000e+00
3.211579000000000000e+06 3.211696000000000000e+06 1.000000000000000000e+00
3.212711000000000000e+06 3.212868000000000000e+06 2.000000000000000000e+00
3.213082000000000000e+06 3.213249000000000000e+06 1.000000000000000000e+00
3.214512000000000000e+06 3.214651000000000000e+06 1.000000000000000000e+00
3.218721000000000000e+06 3.218882000000000000e+06 1.000000000000000000e+00
3.221055000000000000e+06 3.221487000000000000e+06 1.000000000000000000e+00
3.222703000000000000e+06 3.222840000000000000e+06 1.000000000000000000e+00
3.222989000000000000e+06 3.223205000000000000e+06 1.000000000000000000e+00
3.223885000000000000e+06 3.224252000000000000e+06 1.000000000000000000e+00
3.226897000000000000e+06 3.227072000000000000e+06 1.000000000000000000e+00
3.227753000000000000e+06 3.227847000000000000e+06 1.000000000000000000e+00
3.229862000000000000e+06 3.229987000000000000e+06 2.000000000000000000e+00
3.230720000000000000e+06 3.230931000000000000e+06 1.000000000000000000e+00
3.231340000000000000e+06 3.231600000000000000e+06 2.000000000000000000e+00
3.240671000000000000e+06 3.240812000000000000e+06 1.000000000000000000e+00
3.243477000000000000e+06 3.243755000000000000e+06 1.000000000000000000e+00
3.247017000000000000e+06 3.247100000000000000e+06 1.000000000000000000e+00
3.251875000000000000e+06 3.252302000000000000e+06 1.000000000000000000e+00
3.252967000000000000e+06 3.253267000000000000e+06 1.000000000000000000e+00
3.254911000000000000e+06 3.255031000000000000e+06 1.000000000000000000e+00
3.257046000000000000e+06 3.257230000000000000e+06 1.000000000000000000e+00
3.258941000000000000e+06 3.259111000000000000e+06 1.000000000000000000e+00
3.260731000000000000e+06 3.260982000000000000e+06 1.000000000000000000e+00
3.261419000000000000e+06 3.261530000000000000e+06 2.000000000000000000e+00
3.261589000000000000e+06 3.261724000000000000e+06 2.000000000000000000e+00
3.270008000000000000e+06 3.270210000000000000e+06 2.000000000000000000e+00
3.271141000000000000e+06 3.271273000000000000e+06 2.000000000000000000e+00
3.272598000000000000e+06 3.272731000000000000e+06 2.000000000000000000e+00
3.274946000000000000e+06 3.275119000000000000e+06 1.000000000000000000e+00
3.277315000000000000e+06 3.277423000000000000e+06 2.000000000000000000e+00
3.284397000000000000e+06 3.284553000000000000e+06 1.000000000000000000e+00
3.290993000000000000e+06 3.291210000000000000e+06 2.000000000000000000e+00
3.292019000000000000e+06 3.292125000000000000e+06 1.000000000000000000e+00
3.318444000000000000e+06 3.318572000000000000e+06 2.000000000000000000e+00
3.318630000000000000e+06 3.318766000000000000e+06 2.000000000000000000e+00
3.319364000000000000e+06 3.319568000000000000e+06 1.000000000000000000e+00
3.320341000000000000e+06 3.320481000000000000e+06 2.000000000000000000e+00
3.321349000000000000e+06 3.321649000000000000e+06 2.000000000000000000e+00
3.322545000000000000e+06 3.322719000000000000e+06 2.000000000000000000e+00
3.322807000000000000e+06 3.323022000000000000e+06 2.000000000000000000e+00
3.323402000000000000e+06 3.323705000000000000e+06 1.000000000000000000e+00
3.325076000000000000e+06 3.325299000000000000e+06 1.000000000000000000e+00
3.327707000000000000e+06 3.327868000000000000e+06 1.000000000000000000e+00
3.329006000000000000e+06 3.329350000000000000e+06 1.000000000000000000e+00
3.329708000000000000e+06 3.329886000000000000e+06 1.000000000000000000e+00
3.330994000000000000e+06 3.331106000000000000e+06 2.000000000000000000e+00
3.331154000000000000e+06 3.331302000000000000e+06 2.000000000000000000e+00
3.332509000000000000e+06 3.332749000000000000e+06 1.000000000000000000e+00
3.336624000000000000e+06 3.336773000000000000e+06 2.000000000000000000e+00
3.340437000000000000e+06 3.340606000000000000e+06 2.000000000000000000e+00
3.341465000000000000e+06 3.341720000000000000e+06 2.000000000000000000e+00
3.345807000000000000e+06 3.346011000000000000e+06 1.000000000000000000e+00
3.363435000000000000e+06 3.363620000000000000e+06 2.000000000000000000e+00
3.364535000000000000e+06 3.364839000000000000e+06 2.000000000000000000e+00
3.366191000000000000e+06 3.366536000000000000e+06 1.000000000000000000e+00
3.367148000000000000e+06 3.367452000000000000e+06 2.000000000000000000e+00
3.368909000000000000e+06 3.369048000000000000e+06 1.000000000000000000e+00
3.369974000000000000e+06 3.370087000000000000e+06 2.000000000000000000e+00
3.370765000000000000e+06 3.370940000000000000e+06 1.000000000000000000e+00
3.371545000000000000e+06 3.372008000000000000e+06 1.000000000000000000e+00
3.372386000000000000e+06 3.372681000000000000e+06 1.000000000000000000e+00
3.373230000000000000e+06 3.373466000000000000e+06 1.000000000000000000e+00
3.375321000000000000e+06 3.375499000000000000e+06 1.000000000000000000e+00
3.376195000000000000e+06 3.376303000000000000e+06 1.000000000000000000e+00
3.377199000000000000e+06 3.377370000000000000e+06 2.000000000000000000e+00
3.379053000000000000e+06 3.379257000000000000e+06 2.000000000000000000e+00
3.383563000000000000e+06 3.383735000000000000e+06 2.000000000000000000e+00
3.401068000000000000e+06 3.401319000000000000e+06 2.000000000000000000e+00
3.409654000000000000e+06 3.409846000000000000e+06 2.000000000000000000e+00
3.416653000000000000e+06 3.416865000000000000e+06 1.000000000000000000e+00
3.417605000000000000e+06 3.417855000000000000e+06 1.000000000000000000e+00
3.418748000000000000e+06 3.418900000000000000e+06 2.000000000000000000e+00
3.423967000000000000e+06 3.424134000000000000e+06 1.000000000000000000e+00
3.425113000000000000e+06 3.425320000000000000e+06 2.000000000000000000e+00
3.426132000000000000e+06 3.426282000000000000e+06 1.000000000000000000e+00
3.429098000000000000e+06 3.429291000000000000e+06 2.000000000000000000e+00
3.429488000000000000e+06 3.429683000000000000e+06 2.000000000000000000e+00
3.430137000000000000e+06 3.430403000000000000e+06 2.000000000000000000e+00
3.431335000000000000e+06 3.431572000000000000e+06 1.000000000000000000e+00
3.434675000000000000e+06 3.434881000000000000e+06 2.000000000000000000e+00
3.435520000000000000e+06 3.435676000000000000e+06 2.000000000000000000e+00
3.437812000000000000e+06 3.438226000000000000e+06 1.000000000000000000e+00
3.438862000000000000e+06 3.439001000000000000e+06 2.000000000000000000e+00
3.439644000000000000e+06 3.439795000000000000e+06 1.000000000000000000e+00
3.441609000000000000e+06 3.441739000000000000e+06 2.000000000000000000e+00
3.442712000000000000e+06 3.442952000000000000e+06 1.000000000000000000e+00
3.443767000000000000e+06 3.443892000000000000e+06 2.000000000000000000e+00
3.445560000000000000e+06 3.445731000000000000e+06 1.000000000000000000e+00
3.446388000000000000e+06 3.446677000000000000e+06 1.000000000000000000e+00
3.448239000000000000e+06 3.448395000000000000e+06 1.000000000000000000e+00
3.449576000000000000e+06 3.449680000000000000e+06 1.000000000000000000e+00
3.450369000000000000e+06 3.450679000000000000e+06 1.000000000000000000e+00
3.451110000000000000e+06 3.451274000000000000e+06 1.000000000000000000e+00
3.452029000000000000e+06 3.452179000000000000e+06 1.000000000000000000e+00
3.454183000000000000e+06 3.454391000000000000e+06 1.000000000000000000e+00
3.456617000000000000e+06 3.456802000000000000e+06 1.000000000000000000e+00
3.457017000000000000e+06 3.457178000000000000e+06 1.000000000000000000e+00
3.457724000000000000e+06 3.457946000000000000e+06 1.000000000000000000e+00
3.459855000000000000e+06 3.460022000000000000e+06 1.000000000000000000e+00
3.461683000000000000e+06 3.461910000000000000e+06 1.000000000000000000e+00
3.462796000000000000e+06 3.463083000000000000e+06 1.000000000000000000e+00
3.463714000000000000e+06 3.463864000000000000e+06 1.000000000000000000e+00
3.464453000000000000e+06 3.464567000000000000e+06 1.000000000000000000e+00
3.465428000000000000e+06 3.465568000000000000e+06 1.000000000000000000e+00
3.468677000000000000e+06 3.468931000000000000e+06 1.000000000000000000e+00
3.473989000000000000e+06 3.474386000000000000e+06 2.000000000000000000e+00
3.474837000000000000e+06 3.474944000000000000e+06 2.000000000000000000e+00
3.475791000000000000e+06 3.475919000000000000e+06 1.000000000000000000e+00
3.476645000000000000e+06 3.476748000000000000e+06 1.000000000000000000e+00
3.477622000000000000e+06 3.477833000000000000e+06 1.000000000000000000e+00
3.480065000000000000e+06 3.480390000000000000e+06 1.000000000000000000e+00
3.481428000000000000e+06 3.481553000000000000e+06 1.000000000000000000e+00
3.482531000000000000e+06 3.482846000000000000e+06 2.000000000000000000e+00
3.484278000000000000e+06 3.484474000000000000e+06 1.000000000000000000e+00
3.485051000000000000e+06 3.485535000000000000e+06 1.000000000000000000e+00
3.486245000000000000e+06 3.486410000000000000e+06 2.000000000000000000e+00
3.487089000000000000e+06 3.487328000000000000e+06 1.000000000000000000e+00
3.489521000000000000e+06 3.489686000000000000e+06 2.000000000000000000e+00
3.490047000000000000e+06 3.490448000000000000e+06 1.000000000000000000e+00
3.491313000000000000e+06 3.491387000000000000e+06 2.000000000000000000e+00
3.492038000000000000e+06 3.492219000000000000e+06 1.000000000000000000e+00
3.492534000000000000e+06 3.492696000000000000e+06 2.000000000000000000e+00
3.495705000000000000e+06 3.495894000000000000e+06 1.000000000000000000e+00
3.498122000000000000e+06 3.498224000000000000e+06 2.000000000000000000e+00
3.498972000000000000e+06 3.499184000000000000e+06 1.000000000000000000e+00
3.499827000000000000e+06 3.499976000000000000e+06 1.000000000000000000e+00
3.500762000000000000e+06 3.501057000000000000e+06 1.000000000000000000e+00
3.501527000000000000e+06 3.501718000000000000e+06 1.000000000000000000e+00
3.503166000000000000e+06 3.503443000000000000e+06 1.000000000000000000e+00
3.503827000000000000e+06 3.504079000000000000e+06 2.000000000000000000e+00
3.505818000000000000e+06 3.505962000000000000e+06 1.000000000000000000e+00
3.506421000000000000e+06 3.506579000000000000e+06 2.000000000000000000e+00
3.508309000000000000e+06 3.508533000000000000e+06 2.000000000000000000e+00
3.512694000000000000e+06 3.512848000000000000e+06 2.000000000000000000e+00
3.516340000000000000e+06 3.516677000000000000e+06 2.000000000000000000e+00
3.518703000000000000e+06 3.518930000000000000e+06 1.000000000000000000e+00
3.520607000000000000e+06 3.520757000000000000e+06 2.000000000000000000e+00
3.529692000000000000e+06 3.529941000000000000e+06 2.000000000000000000e+00
3.531856000000000000e+06 3.531957000000000000e+06 1.000000000000000000e+00
3.533966000000000000e+06 3.534072000000000000e+06 1.000000000000000000e+00
3.537254000000000000e+06 3.537404000000000000e+06 2.000000000000000000e+00
3.538753000000000000e+06 3.538860000000000000e+06 1.000000000000000000e+00
3.539557000000000000e+06 3.539771000000000000e+06 2.000000000000000000e+00
3.540362000000000000e+06 3.540511000000000000e+06 2.000000000000000000e+00
3.548350000000000000e+06 3.548567000000000000e+06 2.000000000000000000e+00
3.550022000000000000e+06 3.550206000000000000e+06 1.000000000000000000e+00
3.551225000000000000e+06 3.551382000000000000e+06 1.000000000000000000e+00
3.551998000000000000e+06 3.552098000000000000e+06 2.000000000000000000e+00
5.045566000000000000e+06 5.045732000000000000e+06 1.000000000000000000e+00
5.056044000000000000e+06 5.056161000000000000e+06 2.000000000000000000e+00
5.056656000000000000e+06 5.056965000000000000e+06 2.000000000000000000e+00
5.063939000000000000e+06 5.064230000000000000e+06 2.000000000000000000e+00
5.069417000000000000e+06 5.069561000000000000e+06 1.000000000000000000e+00
5.070200000000000000e+06 5.070252000000000000e+06 1.000000000000000000e+00
5.075043000000000000e+06 5.075249000000000000e+06 1.000000000000000000e+00
5.075920000000000000e+06 5.076098000000000000e+06 2.000000000000000000e+00
5.076241000000000000e+06 5.076480000000000000e+06 2.000000000000000000e+00
5.077510000000000000e+06 5.077663000000000000e+06 2.000000000000000000e+00
5.078381000000000000e+06 5.078563000000000000e+06 2.000000000000000000e+00
5.081874000000000000e+06 5.082041000000000000e+06 2.000000000000000000e+00
5.084392000000000000e+06 5.084586000000000000e+06 2.000000000000000000e+00
5.086288000000000000e+06 5.086514000000000000e+06 2.000000000000000000e+00
5.087253000000000000e+06 5.087509000000000000e+06 2.000000000000000000e+00
5.087565000000000000e+06 5.087733000000000000e+06 2.000000000000000000e+00
5.088705000000000000e+06 5.088822000000000000e+06 2.000000000000000000e+00
5.089664000000000000e+06 5.090081000000000000e+06 1.000000000000000000e+00
5.091648000000000000e+06 5.091771000000000000e+06 1.000000000000000000e+00
5.095018000000000000e+06 5.095173000000000000e+06 1.000000000000000000e+00
5.097414000000000000e+06 5.097641000000000000e+06 1.000000000000000000e+00
5.098336000000000000e+06 5.098477000000000000e+06 2.000000000000000000e+00
5.099001000000000000e+06 5.099122000000000000e+06 2.000000000000000000e+00
5.101565000000000000e+06 5.101747000000000000e+06 2.000000000000000000e+00
5.104227000000000000e+06 5.104483000000000000e+06 1.000000000000000000e+00
5.107859000000000000e+06 5.107983000000000000e+06 2.000000000000000000e+00
5.109763000000000000e+06 5.109904000000000000e+06 2.000000000000000000e+00
5.111369000000000000e+06 5.111640000000000000e+06 2.000000000000000000e+00
5.112214000000000000e+06 5.112358000000000000e+06 1.000000000000000000e+00
5.114249000000000000e+06 5.114366000000000000e+06 2.000000000000000000e+00
5.116852000000000000e+06 5.117138000000000000e+06 1.000000000000000000e+00
5.117508000000000000e+06 5.117642000000000000e+06 1.000000000000000000e+00
5.119334000000000000e+06 5.119752000000000000e+06 1.000000000000000000e+00
5.121384000000000000e+06 5.121671000000000000e+06 1.000000000000000000e+00
5.122457000000000000e+06 5.122603000000000000e+06 1.000000000000000000e+00
5.122783000000000000e+06 5.122922000000000000e+06 2.000000000000000000e+00
5.123006000000000000e+06 5.123152000000000000e+06 1.000000000000000000e+00
5.123578000000000000e+06 5.123791000000000000e+06 1.000000000000000000e+00
5.125106000000000000e+06 5.125301000000000000e+06 1.000000000000000000e+00
5.125997000000000000e+06 5.126237000000000000e+06 1.000000000000000000e+00
5.129886000000000000e+06 5.130030000000000000e+06 1.000000000000000000e+00
5.131579000000000000e+06 5.131790000000000000e+06 2.000000000000000000e+00
5.135410000000000000e+06 5.135547000000000000e+06 1.000000000000000000e+00
5.135801000000000000e+06 5.135924000000000000e+06 1.000000000000000000e+00
5.139043000000000000e+06 5.139238000000000000e+06 1.000000000000000000e+00
5.140178000000000000e+06 5.140332000000000000e+06 2.000000000000000000e+00
5.140796000000000000e+06 5.140930000000000000e+06 2.000000000000000000e+00
5.140980000000000000e+06 5.141098000000000000e+06 2.000000000000000000e+00
5.143803000000000000e+06 5.143998000000000000e+06 2.000000000000000000e+00
5.144514000000000000e+06 5.144809000000000000e+06 2.000000000000000000e+00
5.146540000000000000e+06 5.146857000000000000e+06 2.000000000000000000e+00
5.147146000000000000e+06 5.147502000000000000e+06 2.000000000000000000e+00
5.148831000000000000e+06 5.149026000000000000e+06 2.000000000000000000e+00
5.150349000000000000e+06 5.150553000000000000e+06 2.000000000000000000e+00
5.151294000000000000e+06 5.151526000000000000e+06 2.000000000000000000e+00
5.152976000000000000e+06 5.153099000000000000e+06 2.000000000000000000e+00
5.159654000000000000e+06 5.159815000000000000e+06 1.000000000000000000e+00
5.160318000000000000e+06 5.160459000000000000e+06 1.000000000000000000e+00
5.167663000000000000e+06 5.167881000000000000e+06 2.000000000000000000e+00
5.170624000000000000e+06 5.170735000000000000e+06 1.000000000000000000e+00
5.183489000000000000e+06 5.183651000000000000e+06 2.000000000000000000e+00
5.183705000000000000e+06 5.183886000000000000e+06 2.000000000000000000e+00
5.184860000000000000e+06 5.184954000000000000e+06 1.000000000000000000e+00
5.186732000000000000e+06 5.186914000000000000e+06 2.000000000000000000e+00
5.187006000000000000e+06 5.187291000000000000e+06 2.000000000000000000e+00
5.188162000000000000e+06 5.188423000000000000e+06 1.000000000000000000e+00
5.189246000000000000e+06 5.189563000000000000e+06 1.000000000000000000e+00
5.193689000000000000e+06 5.193792000000000000e+06 2.000000000000000000e+00
5.194791000000000000e+06 5.194961000000000000e+06 1.000000000000000000e+00
5.196196000000000000e+06 5.196330000000000000e+06 2.000000000000000000e+00
5.197696000000000000e+06 5.198000000000000000e+06 2.000000000000000000e+00
5.203078000000000000e+06 5.203278000000000000e+06 1.000000000000000000e+00
5.204631000000000000e+06 5.204859000000000000e+06 1.000000000000000000e+00
5.205622000000000000e+06 5.205800000000000000e+06 1.000000000000000000e+00
5.207510000000000000e+06 5.207592000000000000e+06 1.000000000000000000e+00
5.207770000000000000e+06 5.207970000000000000e+06 1.000000000000000000e+00
5.210277000000000000e+06 5.210432000000000000e+06 1.000000000000000000e+00
5.210850000000000000e+06 5.211100000000000000e+06 2.000000000000000000e+00
5.217744000000000000e+06 5.217936000000000000e+06 2.000000000000000000e+00
5.218331000000000000e+06 5.218459000000000000e+06 2.000000000000000000e+00
5.218488000000000000e+06 5.218575000000000000e+06 2.000000000000000000e+00
5.224970000000000000e+06 5.225119000000000000e+06 1.000000000000000000e+00
5.225455000000000000e+06 5.225602000000000000e+06 1.000000000000000000e+00
5.229319000000000000e+06 5.229478000000000000e+06 2.000000000000000000e+00
5.231242000000000000e+06 5.231479000000000000e+06 2.000000000000000000e+00
5.231554000000000000e+06 5.231661000000000000e+06 2.000000000000000000e+00
5.233691000000000000e+06 5.233834000000000000e+06 2.000000000000000000e+00
5.248822000000000000e+06 5.249069000000000000e+06 1.000000000000000000e+00
5.249774000000000000e+06 5.249883000000000000e+06 2.000000000000000000e+00
5.249940000000000000e+06 5.250117000000000000e+06 2.000000000000000000e+00
5.250160000000000000e+06 5.250299000000000000e+06 2.000000000000000000e+00
5.254237000000000000e+06 5.254351000000000000e+06 1.000000000000000000e+00
5.255032000000000000e+06 5.255197000000000000e+06 1.000000000000000000e+00
5.255777000000000000e+06 5.256000000000000000e+06 2.000000000000000000e+00
5.256932000000000000e+06 5.257100000000000000e+06 1.000000000000000000e+00
5.257846000000000000e+06 5.257992000000000000e+06 1.000000000000000000e+00
5.261894000000000000e+06 5.262050000000000000e+06 1.000000000000000000e+00
5.271188000000000000e+06 5.271370000000000000e+06 1.000000000000000000e+00
5.272540000000000000e+06 5.272679000000000000e+06 1.000000000000000000e+00
5.273102000000000000e+06 5.273287000000000000e+06 2.000000000000000000e+00
5.273772000000000000e+06 5.274017000000000000e+06 1.000000000000000000e+00
5.277188000000000000e+06 5.277366000000000000e+06 1.000000000000000000e+00
5.277599000000000000e+06 5.277800000000000000e+06 1.000000000000000000e+00
5.278554000000000000e+06 5.278655000000000000e+06 1.000000000000000000e+00
5.279077000000000000e+06 5.279426000000000000e+06 1.000000000000000000e+00
5.295285000000000000e+06 5.295453000000000000e+06 2.000000000000000000e+00
5.296265000000000000e+06 5.296367000000000000e+06 2.000000000000000000e+00
5.308582000000000000e+06 5.308809000000000000e+06 1.000000000000000000e+00
5.319377000000000000e+06 5.319598000000000000e+06 1.000000000000000000e+00
5.333560000000000000e+06 5.333655000000000000e+06 1.000000000000000000e+00
5.339259000000000000e+06 5.339411000000000000e+06 1.000000000000000000e+00
5.343289000000000000e+06 5.343398000000000000e+06 1.000000000000000000e+00
5.349199000000000000e+06 5.349353000000000000e+06 1.000000000000000000e+00
5.349674000000000000e+06 5.349790000000000000e+06 2.000000000000000000e+00
5.349818000000000000e+06 5.349946000000000000e+06 2.000000000000000000e+00
5.356525000000000000e+06 5.356634000000000000e+06 2.000000000000000000e+00
5.360252000000000000e+06 5.360417000000000000e+06 1.000000000000000000e+00
5.361138000000000000e+06 5.361256000000000000e+06 1.000000000000000000e+00
5.362077000000000000e+06 5.362308000000000000e+06 1.000000000000000000e+00
5.366011000000000000e+06 5.366137000000000000e+06 2.000000000000000000e+00
5.369671000000000000e+06 5.369808000000000000e+06 1.000000000000000000e+00
5.372535000000000000e+06 5.372681000000000000e+06 1.000000000000000000e+00
5.376923000000000000e+06 5.377159000000000000e+06 1.000000000000000000e+00
5.388286000000000000e+06 5.388442000000000000e+06 1.000000000000000000e+00
5.392206000000000000e+06 5.392365000000000000e+06 1.000000000000000000e+00
5.405018000000000000e+06 5.405312000000000000e+06 1.000000000000000000e+00
5.407206000000000000e+06 5.407402000000000000e+06 2.000000000000000000e+00
5.408402000000000000e+06 5.408684000000000000e+06 1.000000000000000000e+00
5.414994000000000000e+06 5.415142000000000000e+06 1.000000000000000000e+00
5.417833000000000000e+06 5.417947000000000000e+06 1.000000000000000000e+00
5.419145000000000000e+06 5.419277000000000000e+06 1.000000000000000000e+00
5.420148000000000000e+06 5.420360000000000000e+06 1.000000000000000000e+00
5.432272000000000000e+06 5.432480000000000000e+06 2.000000000000000000e+00
5.432949000000000000e+06 5.433344000000000000e+06 2.000000000000000000e+00
5.444873000000000000e+06 5.444980000000000000e+06 2.000000000000000000e+00
5.447839000000000000e+06 5.448009000000000000e+06 2.000000000000000000e+00
5.451096000000000000e+06 5.451277000000000000e+06 1.000000000000000000e+00
5.454416000000000000e+06 5.454554000000000000e+06 1.000000000000000000e+00
5.461762000000000000e+06 5.461949000000000000e+06 2.000000000000000000e+00
5.469410000000000000e+06 5.469539000000000000e+06 1.000000000000000000e+00
5.483522000000000000e+06 5.483611000000000000e+06 1.000000000000000000e+00
5.485083000000000000e+06 5.485359000000000000e+06 1.000000000000000000e+00
5.491331000000000000e+06 5.491467000000000000e+06 2.000000000000000000e+00
5.494451000000000000e+06 5.494597000000000000e+06 2.000000000000000000e+00
5.498355000000000000e+06 5.498428000000000000e+06 1.000000000000000000e+00
5.499500000000000000e+06 5.499672000000000000e+06 1.000000000000000000e+00
5.501286000000000000e+06 5.501358000000000000e+06 1.000000000000000000e+00
5.502466000000000000e+06 5.502724000000000000e+06 1.000000000000000000e+00
5.515592000000000000e+06 5.515714000000000000e+06 1.000000000000000000e+00
5.520942000000000000e+06 5.521025000000000000e+06 1.000000000000000000e+00
5.536639000000000000e+06 5.536747000000000000e+06 2.000000000000000000e+00
5.544875000000000000e+06 5.544937000000000000e+06 1.000000000000000000e+00
5.545372000000000000e+06 5.545450000000000000e+06 1.000000000000000000e+00
5.551042000000000000e+06 5.551153000000000000e+06 2.000000000000000000e+00
5.562429000000000000e+06 5.562554000000000000e+06 1.000000000000000000e+00
5.566977000000000000e+06 5.567116000000000000e+06 1.000000000000000000e+00
5.574420000000000000e+06 5.574540000000000000e+06 1.000000000000000000e+00
5.582575000000000000e+06 5.582653000000000000e+06 1.000000000000000000e+00
5.583959000000000000e+06 5.584105000000000000e+06 1.000000000000000000e+00
5.584212000000000000e+06 5.584306000000000000e+06 1.000000000000000000e+00
5.585494000000000000e+06 5.585588000000000000e+06 1.000000000000000000e+00
5.588600000000000000e+06 5.588871000000000000e+06 1.000000000000000000e+00
5.598995000000000000e+06 5.599147000000000000e+06 1.000000000000000000e+00
5.601950000000000000e+06 5.602050000000000000e+06 1.000000000000000000e+00
5.605208000000000000e+06 5.605368000000000000e+06 2.000000000000000000e+00
5.605811000000000000e+06 5.605916000000000000e+06 1.000000000000000000e+00
6.173010000000000000e+06 6.173164000000000000e+06 1.000000000000000000e+00
6.177824000000000000e+06 6.178030000000000000e+06 1.000000000000000000e+00
6.178216000000000000e+06 6.178358000000000000e+06 1.000000000000000000e+00
6.184637000000000000e+06 6.184739000000000000e+06 1.000000000000000000e+00
6.200281000000000000e+06 6.200542000000000000e+06 1.000000000000000000e+00
6.201174000000000000e+06 6.201317000000000000e+06 1.000000000000000000e+00
6.206374000000000000e+06 6.206525000000000000e+06 1.000000000000000000e+00
6.209236000000000000e+06 6.209375000000000000e+06 1.000000000000000000e+00
6.210232000000000000e+06 6.210667000000000000e+06 2.000000000000000000e+00
6.211337000000000000e+06 6.211458000000000000e+06 2.000000000000000000e+00
6.211577000000000000e+06 6.211693000000000000e+06 2.000000000000000000e+00
6.215692000000000000e+06 6.215994000000000000e+06 1.000000000000000000e+00
6.216107000000000000e+06 6.216225000000000000e+06 1.000000000000000000e+00
6.216421000000000000e+06 6.216694000000000000e+06 1.000000000000000000e+00
6.220964000000000000e+06 6.221117000000000000e+06 2.000000000000000000e+00
6.224586000000000000e+06 6.224764000000000000e+06 1.000000000000000000e+00
6.225131000000000000e+06 6.225242000000000000e+06 1.000000000000000000e+00
6.230961000000000000e+06 6.231233000000000000e+06 2.000000000000000000e+00
6.232346000000000000e+06 6.232494000000000000e+06 1.000000000000000000e+00
6.235239000000000000e+06 6.235418000000000000e+06 1.000000000000000000e+00
6.240327000000000000e+06 6.240505000000000000e+06 1.000000000000000000e+00
6.244362000000000000e+06 6.244499000000000000e+06 2.000000000000000000e+00
6.246162000000000000e+06 6.246310000000000000e+06 1.000000000000000000e+00
6.247284000000000000e+06 6.247700000000000000e+06 1.000000000000000000e+00
6.248971000000000000e+06 6.249119000000000000e+06 1.000000000000000000e+00
6.256517000000000000e+06 6.256892000000000000e+06 2.000000000000000000e+00
6.257938000000000000e+06 6.258160000000000000e+06 2.000000000000000000e+00
6.261059000000000000e+06 6.261193000000000000e+06 1.000000000000000000e+00
6.265276000000000000e+06 6.265447000000000000e+06 2.000000000000000000e+00
6.265976000000000000e+06 6.266156000000000000e+06 1.000000000000000000e+00
6.266601000000000000e+06 6.266847000000000000e+06 2.000000000000000000e+00
6.274630000000000000e+06 6.274896000000000000e+06 2.000000000000000000e+00
6.275457000000000000e+06 6.275874000000000000e+06 1.000000000000000000e+00
6.276312000000000000e+06 6.276448000000000000e+06 2.000000000000000000e+00
6.278029000000000000e+06 6.278520000000000000e+06 2.000000000000000000e+00
6.280239000000000000e+06 6.280590000000000000e+06 1.000000000000000000e+00
6.282020000000000000e+06 6.282226000000000000e+06 1.000000000000000000e+00
6.285662000000000000e+06 6.286005000000000000e+06 1.000000000000000000e+00
6.291319000000000000e+06 6.291725000000000000e+06 2.000000000000000000e+00
6.292845000000000000e+06 6.293021000000000000e+06 2.000000000000000000e+00
6.293492000000000000e+06 6.293643000000000000e+06 2.000000000000000000e+00
6.294394000000000000e+06 6.294602000000000000e+06 1.000000000000000000e+00
6.294802000000000000e+06 6.294918000000000000e+06 1.000000000000000000e+00
6.295641000000000000e+06 6.295786000000000000e+06 2.000000000000000000e+00
6.298434000000000000e+06 6.298724000000000000e+06 1.000000000000000000e+00
6.299216000000000000e+06 6.299310000000000000e+06 1.000000000000000000e+00
6.302230000000000000e+06 6.302503000000000000e+06 1.000000000000000000e+00
6.304760000000000000e+06 6.304892000000000000e+06 1.000000000000000000e+00
6.305554000000000000e+06 6.305679000000000000e+06 1.000000000000000000e+00
6.309654000000000000e+06 6.309788000000000000e+06 1.000000000000000000e+00
6.311239000000000000e+06 6.311421000000000000e+06 1.000000000000000000e+00
6.313055000000000000e+06 6.313192000000000000e+06 1.000000000000000000e+00
6.316498000000000000e+06 6.316618000000000000e+06 2.000000000000000000e+00
6.320181000000000000e+06 6.320390000000000000e+06 1.000000000000000000e+00
6.321433000000000000e+06 6.321813000000000000e+06 1.000000000000000000e+00
6.323270000000000000e+06 6.323372000000000000e+06 1.000000000000000000e+00
6.325538000000000000e+06 6.325641000000000000e+06 2.000000000000000000e+00
6.325816000000000000e+06 6.325994000000000000e+06 1.000000000000000000e+00
6.327226000000000000e+06 6.327343000000000000e+06 2.000000000000000000e+00
6.329067000000000000e+06 6.329481000000000000e+06 2.000000000000000000e+00
6.329937000000000000e+06 6.330183000000000000e+06 2.000000000000000000e+00
6.330354000000000000e+06 6.330485000000000000e+06 2.000000000000000000e+00
6.332476000000000000e+06 6.332823000000000000e+06 1.000000000000000000e+00
6.333533000000000000e+06 6.333759000000000000e+06 2.000000000000000000e+00
6.334402000000000000e+06 6.334599000000000000e+06 1.000000000000000000e+00
6.337674000000000000e+06 6.337896000000000000e+06 2.000000000000000000e+00
6.338928000000000000e+06 6.339298000000000000e+06 1.000000000000000000e+00
6.340107000000000000e+06 6.340374000000000000e+06 2.000000000000000000e+00
6.341376000000000000e+06 6.341596000000000000e+06 2.000000000000000000e+00
6.342046000000000000e+06 6.342192000000000000e+06 1.000000000000000000e+00
6.343303000000000000e+06 6.343447000000000000e+06 1.000000000000000000e+00
6.344638000000000000e+06 6.344771000000000000e+06 1.000000000000000000e+00
6.346048000000000000e+06 6.346260000000000000e+06 1.000000000000000000e+00
6.347055000000000000e+06 6.347160000000000000e+06 2.000000000000000000e+00
6.348148000000000000e+06 6.348343000000000000e+06 1.000000000000000000e+00
6.348664000000000000e+06 6.349348000000000000e+06 2.000000000000000000e+00
6.352548000000000000e+06 6.352674000000000000e+06 2.000000000000000000e+00
6.354121000000000000e+06 6.354263000000000000e+06 2.000000000000000000e+00
6.354776000000000000e+06 6.354920000000000000e+06 1.000000000000000000e+00
6.355633000000000000e+06 6.355721000000000000e+06 1.000000000000000000e+00
6.356438000000000000e+06 6.356591000000000000e+06 1.000000000000000000e+00
6.358083000000000000e+06 6.358834000000000000e+06 2.000000000000000000e+00
6.359408000000000000e+06 6.359558000000000000e+06 1.000000000000000000e+00
6.360871000000000000e+06 6.361090000000000000e+06 2.000000000000000000e+00
6.361294000000000000e+06 6.361602000000000000e+06 2.000000000000000000e+00
6.361802000000000000e+06 6.361988000000000000e+06 2.000000000000000000e+00
6.362157000000000000e+06 6.362268000000000000e+06 2.000000000000000000e+00
6.365111000000000000e+06 6.365356000000000000e+06 2.000000000000000000e+00
6.365416000000000000e+06 6.366151000000000000e+06 2.000000000000000000e+00
6.366270000000000000e+06 6.366640000000000000e+06 2.000000000000000000e+00
6.378276000000000000e+06 6.378399000000000000e+06 2.000000000000000000e+00
6.380841000000000000e+06 6.380992000000000000e+06 1.000000000000000000e+00
6.383048000000000000e+06 6.383155000000000000e+06 1.000000000000000000e+00
6.384744000000000000e+06 6.384948000000000000e+06 2.000000000000000000e+00
6.388648000000000000e+06 6.388807000000000000e+06 1.000000000000000000e+00
6.389759000000000000e+06 6.389957000000000000e+06 2.000000000000000000e+00
6.393297000000000000e+06 6.393435000000000000e+06 2.000000000000000000e+00
6.395013000000000000e+06 6.395175000000000000e+06 1.000000000000000000e+00
6.396436000000000000e+06 6.396731000000000000e+06 1.000000000000000000e+00
6.398422000000000000e+06 6.398570000000000000e+06 1.000000000000000000e+00
6.401167000000000000e+06 6.401318000000000000e+06 2.000000000000000000e+00
6.403239000000000000e+06 6.403397000000000000e+06 1.000000000000000000e+00
6.404726000000000000e+06 6.404982000000000000e+06 2.000000000000000000e+00
6.409479000000000000e+06 6.409752000000000000e+06 1.000000000000000000e+00
6.411434000000000000e+06 6.411610000000000000e+06 1.000000000000000000e+00
6.412083000000000000e+06 6.412347000000000000e+06 2.000000000000000000e+00
6.416476000000000000e+06 6.416674000000000000e+06 1.000000000000000000e+00
6.416984000000000000e+06 6.417126000000000000e+06 2.000000000000000000e+00
6.417577000000000000e+06 6.417702000000000000e+06 1.000000000000000000e+00
6.430349000000000000e+06 6.430442000000000000e+06 1.000000000000000000e+00
6.431819000000000000e+06 6.432090000000000000e+06 1.000000000000000000e+00
6.432336000000000000e+06 6.432458000000000000e+06 2.000000000000000000e+00
6.435189000000000000e+06 6.435285000000000000e+06 1.000000000000000000e+00
6.448477000000000000e+06 6.448697000000000000e+06 1.000000000000000000e+00
6.452544000000000000e+06 6.452841000000000000e+06 2.000000000000000000e+00
6.453738000000000000e+06 6.453872000000000000e+06 2.000000000000000000e+00
6.454753000000000000e+06 6.454994000000000000e+06 1.000000000000000000e+00
6.456344000000000000e+06 6.456523000000000000e+06 1.000000000000000000e+00
6.458272000000000000e+06 6.458413000000000000e+06 2.000000000000000000e+00
6.459281000000000000e+06 6.459443000000000000e+06 1.000000000000000000e+00
6.460873000000000000e+06 6.460998000000000000e+06 1.000000000000000000e+00
6.462648000000000000e+06 6.463216000000000000e+06 2.000000000000000000e+00
6.467144000000000000e+06 6.467324000000000000e+06 2.000000000000000000e+00
6.469204000000000000e+06 6.469347000000000000e+06 2.000000000000000000e+00
6.471196000000000000e+06 6.471426000000000000e+06 2.000000000000000000e+00
6.475200000000000000e+06 6.475332000000000000e+06 2.000000000000000000e+00
6.475716000000000000e+06 6.475963000000000000e+06 1.000000000000000000e+00
6.476163000000000000e+06 6.476252000000000000e+06 2.000000000000000000e+00
6.476331000000000000e+06 6.476460000000000000e+06 2.000000000000000000e+00
6.476996000000000000e+06 6.477213000000000000e+06 1.000000000000000000e+00
6.478902000000000000e+06 6.479128000000000000e+06 1.000000000000000000e+00
6.480535000000000000e+06 6.480647000000000000e+06 2.000000000000000000e+00
6.481930000000000000e+06 6.482130000000000000e+06 1.000000000000000000e+00
6.483215000000000000e+06 6.483434000000000000e+06 2.000000000000000000e+00
6.490662000000000000e+06 6.491085000000000000e+06 2.000000000000000000e+00
6.493458000000000000e+06 6.493918000000000000e+06 2.000000000000000000e+00
6.496408000000000000e+06 6.496578000000000000e+06 1.000000000000000000e+00
6.498572000000000000e+06 6.498691000000000000e+06 1.000000000000000000e+00
6.502536000000000000e+06 6.502649000000000000e+06 2.000000000000000000e+00
6.502700000000000000e+06 6.502816000000000000e+06 2.000000000000000000e+00
6.503381000000000000e+06 6.503720000000000000e+06 2.000000000000000000e+00
6.512991000000000000e+06 6.513090000000000000e+06 1.000000000000000000e+00
6.520057000000000000e+06 6.520328000000000000e+06 1.000000000000000000e+00
6.525259000000000000e+06 6.525385000000000000e+06 1.000000000000000000e+00
