7.191610000000000000e+05 7.193760000000000000e+05
7.247220000000000000e+05 7.249360000000000000e+05
7.302800000000000000e+05 7.306600000000000000e+05
7.311880000000000000e+05 7.316830000000000000e+05
7.327800000000000000e+05 7.330140000000000000e+05
7.665890000000000000e+05 7.669600000000000000e+05
7.725020000000000000e+05 7.726830000000000000e+05
8.044040000000000000e+05 8.045660000000000000e+05
8.057590000000000000e+05 8.059310000000000000e+05
8.074400000000000000e+05 8.075660000000000000e+05
8.113090000000000000e+05 8.114190000000000000e+05
8.119310000000000000e+05 8.122240000000000000e+05
8.144790000000000000e+05 8.146880000000000000e+05
8.153080000000000000e+05 8.155350000000000000e+05
8.158450000000000000e+05 8.161000000000000000e+05
8.180570000000000000e+05 8.183970000000000000e+05
8.192380000000000000e+05 8.196090000000000000e+05
8.214310000000000000e+05 8.215880000000000000e+05
8.218390000000000000e+05 8.219800000000000000e+05
8.228070000000000000e+05 8.230470000000000000e+05
8.234970000000000000e+05 8.236490000000000000e+05
8.242660000000000000e+05 8.243710000000000000e+05
8.253680000000000000e+05 8.258910000000000000e+05
8.263640000000000000e+05 8.266320000000000000e+05
8.274240000000000000e+05 8.276320000000000000e+05
8.307600000000000000e+05 8.309640000000000000e+05
8.320760000000000000e+05 8.325630000000000000e+05
8.337180000000000000e+05 8.340380000000000000e+05
8.347950000000000000e+05 8.349330000000000000e+05
8.349980000000000000e+05 8.351160000000000000e+05
8.354030000000000000e+05 8.359470000000000000e+05
8.373820000000000000e+05 8.377020000000000000e+05
8.382570000000000000e+05 8.385810000000000000e+05
8.387770000000000000e+05 8.389890000000000000e+05
8.405530000000000000e+05 8.409100000000000000e+05
8.420530000000000000e+05 8.424140000000000000e+05
8.430390000000000000e+05 8.435260000000000000e+05
8.444140000000000000e+05 8.447480000000000000e+05
8.459280000000000000e+05 8.464280000000000000e+05
8.466320000000000000e+05 8.467980000000000000e+05
8.478360000000000000e+05 8.480530000000000000e+05
8.489260000000000000e+05 8.490370000000000000e+05
8.507800000000000000e+05 8.511320000000000000e+05
8.515590000000000000e+05 8.518450000000000000e+05
8.529790000000000000e+05 8.533080000000000000e+05
8.542750000000000000e+05 8.543840000000000000e+05
8.556640000000000000e+05 8.558080000000000000e+05
8.561490000000000000e+05 8.562850000000000000e+05
8.610130000000000000e+05 8.611430000000000000e+05
8.618510000000000000e+05 8.621960000000000000e+05
8.647380000000000000e+05 8.648870000000000000e+05
8.770160000000000000e+05 8.771920000000000000e+05
8.779140000000000000e+05 8.782200000000000000e+05
8.790480000000000000e+05 8.793080000000000000e+05
8.801540000000000000e+05 8.803070000000000000e+05
8.862220000000000000e+05 8.864790000000000000e+05
8.926780000000000000e+05 8.928080000000000000e+05
8.943870000000000000e+05 8.946090000000000000e+05
8.985940000000000000e+05 8.987250000000000000e+05
8.999170000000000000e+05 9.000690000000000000e+05
9.010890000000000000e+05 9.012460000000000000e+05
9.021200000000000000e+05 9.022450000000000000e+05
9.066180000000000000e+05 9.067180000000000000e+05
9.225360000000000000e+05 9.227190000000000000e+05
9.239640000000000000e+05 9.241320000000000000e+05
9.246080000000000000e+05 9.247280000000000000e+05
9.287930000000000000e+05 9.291170000000000000e+05
9.373620000000000000e+05 9.375400000000000000e+05
9.384930000000000000e+05 9.388080000000000000e+05
9.394850000000000000e+05 9.397400000000000000e+05
9.402190000000000000e+05 9.406820000000000000e+05
9.432020000000000000e+05 9.433960000000000000e+05
9.452780000000000000e+05 9.454690000000000000e+05
9.462860000000000000e+05 9.465030000000000000e+05
9.471480000000000000e+05 9.475140000000000000e+05
9.499570000000000000e+05 9.501090000000000000e+05
9.502590000000000000e+05 9.504390000000000000e+05
9.514760000000000000e+05 9.517540000000000000e+05
9.522700000000000000e+05 9.524630000000000000e+05
9.572980000000000000e+05 9.574290000000000000e+05
9.605760000000000000e+05 9.607910000000000000e+05
9.631410000000000000e+05 9.632380000000000000e+05
9.686580000000000000e+05 9.688000000000000000e+05
9.701690000000000000e+05 9.703870000000000000e+05
9.733510000000000000e+05 9.736340000000000000e+05
9.743610000000000000e+05 9.746040000000000000e+05
9.755580000000000000e+05 9.758800000000000000e+05
9.785340000000000000e+05 9.786970000000000000e+05
9.792980000000000000e+05 9.794080000000000000e+05
9.837070000000000000e+05 9.838390000000000000e+05
9.843560000000000000e+05 9.845920000000000000e+05
9.855260000000000000e+05 9.856370000000000000e+05
9.893880000000000000e+05 9.895650000000000000e+05
9.918620000000000000e+05 9.919770000000000000e+05
1.024802000000000000e+06 1.025129000000000000e+06
1.033544000000000000e+06 1.033644000000000000e+06
1.041214000000000000e+06 1.041396000000000000e+06
1.045769000000000000e+06 1.045821000000000000e+06
1.053448000000000000e+06 1.053558000000000000e+06
1.066215000000000000e+06 1.066505000000000000e+06
1.069309000000000000e+06 1.069408000000000000e+06
1.095004000000000000e+06 1.095145000000000000e+06
1.098058000000000000e+06 1.098168000000000000e+06
1.110938000000000000e+06 1.111197000000000000e+06
1.117055000000000000e+06 1.117207000000000000e+06
1.117989000000000000e+06 1.118147000000000000e+06
1.118482000000000000e+06 1.118639000000000000e+06
1.119378000000000000e+06 1.119541000000000000e+06
1.119798000000000000e+06 1.119881000000000000e+06
1.127284000000000000e+06 1.127454000000000000e+06
1.128127000000000000e+06 1.128312000000000000e+06
1.131202000000000000e+06 1.131387000000000000e+06
1.132465000000000000e+06 1.132590000000000000e+06
1.135671000000000000e+06 1.135852000000000000e+06
1.167359000000000000e+06 1.167488000000000000e+06
1.178739000000000000e+06 1.178867000000000000e+06
1.181553000000000000e+06 1.181720000000000000e+06
1.184942000000000000e+06 1.185084000000000000e+06
1.186989000000000000e+06 1.187058000000000000e+06
1.233608000000000000e+06 1.233681000000000000e+06
1.242952000000000000e+06 1.243044000000000000e+06
1.244575000000000000e+06 1.244692000000000000e+06
1.266403000000000000e+06 1.266499000000000000e+06
1.266952000000000000e+06 1.267090000000000000e+06
1.282162000000000000e+06 1.282256000000000000e+06
1.294916000000000000e+06 1.295015000000000000e+06
1.336124000000000000e+06 1.336298000000000000e+06
1.350490000000000000e+06 1.350646000000000000e+06
1.385559000000000000e+06 1.385658000000000000e+06
1.387202000000000000e+06 1.387557000000000000e+06
1.392537000000000000e+06 1.392626000000000000e+06
1.398021000000000000e+06 1.398452000000000000e+06
1.401850000000000000e+06 1.401984000000000000e+06
1.404091000000000000e+06 1.404202000000000000e+06
1.404928000000000000e+06 1.405202000000000000e+06
1.405526000000000000e+06 1.405831000000000000e+06
1.407723000000000000e+06 1.407842000000000000e+06
1.414216000000000000e+06 1.414352000000000000e+06
1.414822000000000000e+06 1.414958000000000000e+06
1.418601000000000000e+06 1.418732000000000000e+06
1.418920000000000000e+06 1.419030000000000000e+06
1.419952000000000000e+06 1.420160000000000000e+06
1.421127000000000000e+06 1.421364000000000000e+06
1.437215000000000000e+06 1.437350000000000000e+06
1.438194000000000000e+06 1.438308000000000000e+06
1.439347000000000000e+06 1.439535000000000000e+06
1.439996000000000000e+06 1.440263000000000000e+06
1.443488000000000000e+06 1.443669000000000000e+06
1.444509000000000000e+06 1.444622000000000000e+06
1.445604000000000000e+06 1.445757000000000000e+06
1.446266000000000000e+06 1.446942000000000000e+06
1.448273000000000000e+06 1.448532000000000000e+06
1.455840000000000000e+06 1.456090000000000000e+06
1.456431000000000000e+06 1.456568000000000000e+06
1.457030000000000000e+06 1.457516000000000000e+06
1.463140000000000000e+06 1.463559000000000000e+06
1.464104000000000000e+06 1.464364000000000000e+06
1.465824000000000000e+06 1.465991000000000000e+06
1.466671000000000000e+06 1.466802000000000000e+06
1.469402000000000000e+06 1.469637000000000000e+06
1.471702000000000000e+06 1.471952000000000000e+06
1.491377000000000000e+06 1.491734000000000000e+06
1.494126000000000000e+06 1.494366000000000000e+06
1.496442000000000000e+06 1.496570000000000000e+06
1.505382000000000000e+06 1.505683000000000000e+06
1.508959000000000000e+06 1.509111000000000000e+06
1.514886000000000000e+06 1.515013000000000000e+06
1.515183000000000000e+06 1.515516000000000000e+06
1.516612000000000000e+06 1.516774000000000000e+06
1.519918000000000000e+06 1.520065000000000000e+06
1.524338000000000000e+06 1.524433000000000000e+06
1.533303000000000000e+06 1.533664000000000000e+06
1.538729000000000000e+06 1.539048000000000000e+06
1.542058000000000000e+06 1.542289000000000000e+06
1.545506000000000000e+06 1.545610000000000000e+06
1.558675000000000000e+06 1.558857000000000000e+06
1.565156000000000000e+06 1.565374000000000000e+06
1.575359000000000000e+06 1.575548000000000000e+06
1.576353000000000000e+06 1.576490000000000000e+06
1.577811000000000000e+06 1.578080000000000000e+06
1.578576000000000000e+06 1.579032000000000000e+06
1.580859000000000000e+06 1.581452000000000000e+06
1.582553000000000000e+06 1.582662000000000000e+06
1.585055000000000000e+06 1.585303000000000000e+06
1.585590000000000000e+06 1.585845000000000000e+06
1.588220000000000000e+06 1.588785000000000000e+06
1.590072000000000000e+06 1.590211000000000000e+06
1.590516000000000000e+06 1.590794000000000000e+06
1.593985000000000000e+06 1.594162000000000000e+06
1.601669000000000000e+06 1.601910000000000000e+06
1.602046000000000000e+06 1.602223000000000000e+06
1.603568000000000000e+06 1.603730000000000000e+06
1.605969000000000000e+06 1.606293000000000000e+06
1.606612000000000000e+06 1.607099000000000000e+06
1.607501000000000000e+06 1.607664000000000000e+06
1.608338000000000000e+06 1.608705000000000000e+06
1.609262000000000000e+06 1.609495000000000000e+06
1.610478000000000000e+06 1.610718000000000000e+06
1.612759000000000000e+06 1.613041000000000000e+06
1.618473000000000000e+06 1.618612000000000000e+06
1.619195000000000000e+06 1.619327000000000000e+06
1.620218000000000000e+06 1.620381000000000000e+06
1.620508000000000000e+06 1.620745000000000000e+06
1.620987000000000000e+06 1.621128000000000000e+06
1.621567000000000000e+06 1.621877000000000000e+06
1.622220000000000000e+06 1.622725000000000000e+06
1.623145000000000000e+06 1.623715000000000000e+06
1.623862000000000000e+06 1.624411000000000000e+06
1.624861000000000000e+06 1.625535000000000000e+06
1.625980000000000000e+06 1.626221000000000000e+06
1.627914000000000000e+06 1.628158000000000000e+06
1.628748000000000000e+06 1.629479000000000000e+06
1.629912000000000000e+06 1.630290000000000000e+06
1.631650000000000000e+06 1.632012000000000000e+06
1.632592000000000000e+06 1.632969000000000000e+06
1.633372000000000000e+06 1.633581000000000000e+06
1.634439000000000000e+06 1.634873000000000000e+06
1.635061000000000000e+06 1.635323000000000000e+06
1.636264000000000000e+06 1.636390000000000000e+06
1.637185000000000000e+06 1.637499000000000000e+06
1.637912000000000000e+06 1.638053000000000000e+06
1.638754000000000000e+06 1.638911000000000000e+06
1.639633000000000000e+06 1.640109000000000000e+06
1.640585000000000000e+06 1.640847000000000000e+06
1.641319000000000000e+06 1.641655000000000000e+06
1.642016000000000000e+06 1.642664000000000000e+06
1.642831000000000000e+06 1.643331000000000000e+06
1.644178000000000000e+06 1.644418000000000000e+06
1.644910000000000000e+06 1.645196000000000000e+06
1.645748000000000000e+06 1.646157000000000000e+06
1.647187000000000000e+06 1.647454000000000000e+06
1.647851000000000000e+06 1.648740000000000000e+06
1.649030000000000000e+06 1.649192000000000000e+06
1.649539000000000000e+06 1.649726000000000000e+06
1.649938000000000000e+06 1.650225000000000000e+06
1.650817000000000000e+06 1.651303000000000000e+06
1.652270000000000000e+06 1.652388000000000000e+06
1.652677000000000000e+06 1.652917000000000000e+06
1.653073000000000000e+06 1.653377000000000000e+06
1.655182000000000000e+06 1.655433000000000000e+06
1.655606000000000000e+06 1.655862000000000000e+06
1.656490000000000000e+06 1.656930000000000000e+06
1.657348000000000000e+06 1.657568000000000000e+06
1.659252000000000000e+06 1.659498000000000000e+06
1.660256000000000000e+06 1.660607000000000000e+06
1.661624000000000000e+06 1.662012000000000000e+06
1.662236000000000000e+06 1.662576000000000000e+06
1.663000000000000000e+06 1.663304000000000000e+06
1.664067000000000000e+06 1.664438000000000000e+06
1.664933000000000000e+06 1.665133000000000000e+06
1.665746000000000000e+06 1.666113000000000000e+06
1.666870000000000000e+06 1.667062000000000000e+06
1.667902000000000000e+06 1.668148000000000000e+06
1.668561000000000000e+06 1.668791000000000000e+06
1.669528000000000000e+06 1.669853000000000000e+06
1.671056000000000000e+06 1.671490000000000000e+06
1.672217000000000000e+06 1.672662000000000000e+06
1.673389000000000000e+06 1.673509000000000000e+06
1.674154000000000000e+06 1.674445000000000000e+06
1.675089000000000000e+06 1.675356000000000000e+06
1.676146000000000000e+06 1.676344000000000000e+06
1.676675000000000000e+06 1.677037000000000000e+06
1.677272000000000000e+06 1.677622000000000000e+06
1.678047000000000000e+06 1.678283000000000000e+06
1.679136000000000000e+06 1.679369000000000000e+06
1.680202000000000000e+06 1.680442000000000000e+06
1.681111000000000000e+06 1.681440000000000000e+06
1.681890000000000000e+06 1.682146000000000000e+06
1.682487000000000000e+06 1.682772000000000000e+06
1.683226000000000000e+06 1.683582000000000000e+06
1.683805000000000000e+06 1.684126000000000000e+06
1.685508000000000000e+06 1.685870000000000000e+06
1.687125000000000000e+06 1.687581000000000000e+06
1.688269000000000000e+06 1.688698000000000000e+06
1.689440000000000000e+06 1.690052000000000000e+06
1.690884000000000000e+06 1.691266000000000000e+06
1.691405000000000000e+06 1.691803000000000000e+06
1.692199000000000000e+06 1.692338000000000000e+06
1.692873000000000000e+06 1.693299000000000000e+06
1.693631000000000000e+06 1.694035000000000000e+06
1.695034000000000000e+06 1.695440000000000000e+06
1.695839000000000000e+06 1.696050000000000000e+06
1.697198000000000000e+06 1.697460000000000000e+06
1.698486000000000000e+06 1.698705000000000000e+06
1.698900000000000000e+06 1.699169000000000000e+06
1.699353000000000000e+06 1.699667000000000000e+06
1.699824000000000000e+06 1.699928000000000000e+06
1.700197000000000000e+06 1.700320000000000000e+06
1.700920000000000000e+06 1.701188000000000000e+06
1.701207000000000000e+06 1.701331000000000000e+06
1.701970000000000000e+06 1.702604000000000000e+06
1.703289000000000000e+06 1.703706000000000000e+06
1.704376000000000000e+06 1.704747000000000000e+06
1.704900000000000000e+06 1.705017000000000000e+06
1.705678000000000000e+06 1.706211000000000000e+06
1.706709000000000000e+06 1.706900000000000000e+06
1.707012000000000000e+06 1.707299000000000000e+06
1.707746000000000000e+06 1.708070000000000000e+06
1.708351000000000000e+06 1.708717000000000000e+06
1.709539000000000000e+06 1.709808000000000000e+06
1.710510000000000000e+06 1.710839000000000000e+06
1.711727000000000000e+06 1.711907000000000000e+06
1.711951000000000000e+06 1.712084000000000000e+06
1.713022000000000000e+06 1.713451000000000000e+06
1.714028000000000000e+06 1.714273000000000000e+06
1.715120000000000000e+06 1.715444000000000000e+06
1.715725000000000000e+06 1.716368000000000000e+06
1.716613000000000000e+06 1.717256000000000000e+06
1.717885000000000000e+06 1.718088000000000000e+06
1.719903000000000000e+06 1.720086000000000000e+06
1.721319000000000000e+06 1.721731000000000000e+06
1.723796000000000000e+06 1.724013000000000000e+06
1.725291000000000000e+06 1.725474000000000000e+06
1.726864000000000000e+06 1.727007000000000000e+06
1.727726000000000000e+06 1.727870000000000000e+06
1.728357000000000000e+06 1.728468000000000000e+06
1.728561000000000000e+06 1.728807000000000000e+06
1.730498000000000000e+06 1.731609000000000000e+06
1.732065000000000000e+06 1.732142000000000000e+06
1.733046000000000000e+06 1.733213000000000000e+06
1.733832000000000000e+06 1.734311000000000000e+06
1.735429000000000000e+06 1.735607000000000000e+06
1.736024000000000000e+06 1.736180000000000000e+06
1.736776000000000000e+06 1.737163000000000000e+06
1.737315000000000000e+06 1.737440000000000000e+06
1.738090000000000000e+06 1.738266000000000000e+06
1.739256000000000000e+06 1.739528000000000000e+06
1.739989000000000000e+06 1.740133000000000000e+06
1.740391000000000000e+06 1.740641000000000000e+06
1.741196000000000000e+06 1.741562000000000000e+06
1.741808000000000000e+06 1.741929000000000000e+06
1.742152000000000000e+06 1.742436000000000000e+06
1.743284000000000000e+06 1.743508000000000000e+06
1.743613000000000000e+06 1.743864000000000000e+06
1.744246000000000000e+06 1.744952000000000000e+06
1.746871000000000000e+06 1.747101000000000000e+06
1.747335000000000000e+06 1.747633000000000000e+06
1.750855000000000000e+06 1.751321000000000000e+06
1.751745000000000000e+06 1.752111000000000000e+06
1.752637000000000000e+06 1.753011000000000000e+06
1.754445000000000000e+06 1.754828000000000000e+06
1.756902000000000000e+06 1.757640000000000000e+06
1.758599000000000000e+06 1.758872000000000000e+06
1.759155000000000000e+06 1.759340000000000000e+06
1.759596000000000000e+06 1.759832000000000000e+06
1.760036000000000000e+06 1.760412000000000000e+06
1.761535000000000000e+06 1.761975000000000000e+06
1.762290000000000000e+06 1.762599000000000000e+06
1.768239000000000000e+06 1.768479000000000000e+06
1.770919000000000000e+06 1.771164000000000000e+06
1.771424000000000000e+06 1.771587000000000000e+06
1.772416000000000000e+06 1.772560000000000000e+06
1.773003000000000000e+06 1.773103000000000000e+06
1.773961000000000000e+06 1.774045000000000000e+06
1.774301000000000000e+06 1.774437000000000000e+06
1.775028000000000000e+06 1.775295000000000000e+06
1.775802000000000000e+06 1.776038000000000000e+06
1.776399000000000000e+06 1.776550000000000000e+06
1.777114000000000000e+06 1.777229000000000000e+06
1.778225000000000000e+06 1.778414000000000000e+06
1.780144000000000000e+06 1.780599000000000000e+06
1.781431000000000000e+06 1.781588000000000000e+06
1.785401000000000000e+06 1.785710000000000000e+06
1.787054000000000000e+06 1.787295000000000000e+06
1.788754000000000000e+06 1.789199000000000000e+06
1.791905000000000000e+06 1.792127000000000000e+06
1.792310000000000000e+06 1.792469000000000000e+06
1.793499000000000000e+06 1.793676000000000000e+06
1.794317000000000000e+06 1.794483000000000000e+06
1.795063000000000000e+06 1.795350000000000000e+06
1.795924000000000000e+06 1.796345000000000000e+06
1.798674000000000000e+06 1.798826000000000000e+06
1.800900000000000000e+06 1.801008000000000000e+06
1.802814000000000000e+06 1.803020000000000000e+06
1.803584000000000000e+06 1.803820000000000000e+06
1.805609000000000000e+06 1.805896000000000000e+06
1.805677000000000000e+06 1.805928000000000000e+06
1.806801000000000000e+06 1.806937000000000000e+06
1.809192000000000000e+06 1.809297000000000000e+06
1.813293000000000000e+06 1.813398000000000000e+06
1.814763000000000000e+06 1.814962000000000000e+06
1.815199000000000000e+06 1.815289000000000000e+06
1.815548000000000000e+06 1.815663000000000000e+06
1.817290000000000000e+06 1.817499000000000000e+06
1.818488000000000000e+06 1.818783000000000000e+06
1.819994000000000000e+06 1.820135000000000000e+06
1.820452000000000000e+06 1.820655000000000000e+06
1.820794000000000000e+06 1.821220000000000000e+06
1.821848000000000000e+06 1.822126000000000000e+06
1.823710000000000000e+06 1.823821000000000000e+06
1.824021000000000000e+06 1.824164000000000000e+06
1.824794000000000000e+06 1.824979000000000000e+06
1.826206000000000000e+06 1.826424000000000000e+06
1.827127000000000000e+06 1.827516000000000000e+06
1.831526000000000000e+06 1.831641000000000000e+06
1.840793000000000000e+06 1.840954000000000000e+06
1.841452000000000000e+06 1.841896000000000000e+06
1.842835000000000000e+06 1.842958000000000000e+06
1.843985000000000000e+06 1.844200000000000000e+06
1.846742000000000000e+06 1.846932000000000000e+06
1.852364000000000000e+06 1.852623000000000000e+06
1.854072000000000000e+06 1.854257000000000000e+06
1.855448000000000000e+06 1.855608000000000000e+06
1.856352000000000000e+06 1.856473000000000000e+06
1.857176000000000000e+06 1.857410000000000000e+06
1.857523000000000000e+06 1.857622000000000000e+06
1.861847000000000000e+06 1.861998000000000000e+06
1.863582000000000000e+06 1.863910000000000000e+06
1.873100000000000000e+06 1.873424000000000000e+06
1.873589000000000000e+06 1.873761000000000000e+06
1.875407000000000000e+06 1.875521000000000000e+06
1.881320000000000000e+06 1.881501000000000000e+06
1.885164000000000000e+06 1.885303000000000000e+06
1.887639000000000000e+06 1.887869000000000000e+06
1.888803000000000000e+06 1.888952000000000000e+06
1.891746000000000000e+06 1.891845000000000000e+06
1.892847000000000000e+06 1.893061000000000000e+06
1.894600000000000000e+06 1.894757000000000000e+06
1.904187000000000000e+06 1.904310000000000000e+06
1.916717000000000000e+06 1.916837000000000000e+06
1.927030000000000000e+06 1.927150000000000000e+06
1.931369000000000000e+06 1.931488000000000000e+06
1.938266000000000000e+06 1.938358000000000000e+06
1.939854000000000000e+06 1.939989000000000000e+06
1.940590000000000000e+06 1.940706000000000000e+06
1.941090000000000000e+06 1.941183000000000000e+06
1.942035000000000000e+06 1.942160000000000000e+06
2.002837000000000000e+06 2.002931000000000000e+06
2.226399000000000000e+06 2.226541000000000000e+06
2.252240000000000000e+06 2.252369000000000000e+06
2.256147000000000000e+06 2.256246000000000000e+06
2.257117000000000000e+06 2.257286000000000000e+06
2.276850000000000000e+06 2.276961000000000000e+06
2.322163000000000000e+06 2.322268000000000000e+06
2.330110000000000000e+06 2.330249000000000000e+06
2.341434000000000000e+06 2.341492000000000000e+06
2.359704000000000000e+06 2.359975000000000000e+06
2.360378000000000000e+06 2.360949000000000000e+06
2.361757000000000000e+06 2.361942000000000000e+06
2.381813000000000000e+06 2.381938000000000000e+06
2.382549000000000000e+06 2.382771000000000000e+06
2.388451000000000000e+06 2.388786000000000000e+06
2.389722000000000000e+06 2.389853000000000000e+06
2.407845000000000000e+06 2.407973000000000000e+06
2.412558000000000000e+06 2.412942000000000000e+06
2.413521000000000000e+06 2.413756000000000000e+06
2.420133000000000000e+06 2.420287000000000000e+06
2.425428000000000000e+06 2.425993000000000000e+06
2.426850000000000000e+06 2.427035000000000000e+06
2.435795000000000000e+06 2.435900000000000000e+06
2.480392000000000000e+06 2.480681000000000000e+06
2.482355000000000000e+06 2.482457000000000000e+06
2.483102000000000000e+06 2.483273000000000000e+06
2.484345000000000000e+06 2.484538000000000000e+06
2.497243000000000000e+06 2.497433000000000000e+06
2.497581000000000000e+06 2.497813000000000000e+06
2.504669000000000000e+06 2.504854000000000000e+06
2.509461000000000000e+06 2.509618000000000000e+06
2.511520000000000000e+06 2.511742000000000000e+06
2.520553000000000000e+06 2.520988000000000000e+06
2.775146000000000000e+06 2.775396000000000000e+06
2.776910000000000000e+06 2.777211000000000000e+06
2.780220000000000000e+06 2.780669000000000000e+06
2.786405000000000000e+06 2.786590000000000000e+06
2.799692000000000000e+06 2.799979000000000000e+06
2.804525000000000000e+06 2.804713000000000000e+06
2.806889000000000000e+06 2.807046000000000000e+06
2.808012000000000000e+06 2.808341000000000000e+06
2.808833000000000000e+06 2.809037000000000000e+06
2.812294000000000000e+06 2.812799000000000000e+06
2.816949000000000000e+06 2.817231000000000000e+06
2.819658000000000000e+06 2.819768000000000000e+06
2.835012000000000000e+06 2.835210000000000000e+06
2.835977000000000000e+06 2.836196000000000000e+06
2.838341000000000000e+06 2.838608000000000000e+06
2.839063000000000000e+06 2.839283000000000000e+06
2.842479000000000000e+06 2.842713000000000000e+06
2.844567000000000000e+06 2.844803000000000000e+06
2.845447000000000000e+06 2.845700000000000000e+06
2.846410000000000000e+06 2.846554000000000000e+06
2.854832000000000000e+06 2.854994000000000000e+06
2.857407000000000000e+06 2.857556000000000000e+06
2.862516000000000000e+06 2.862720000000000000e+06
2.863463000000000000e+06 2.863735000000000000e+06
2.865608000000000000e+06 2.865759000000000000e+06
2.872773000000000000e+06 2.872910000000000000e+06
2.874652000000000000e+06 2.874877000000000000e+06
2.875484000000000000e+06 2.875688000000000000e+06
2.876373000000000000e+06 2.876514000000000000e+06
2.877276000000000000e+06 2.877391000000000000e+06
2.878102000000000000e+06 2.878599000000000000e+06
2.879012000000000000e+06 2.879206000000000000e+06
2.879666000000000000e+06 2.880074000000000000e+06
2.881570000000000000e+06 2.881743000000000000e+06
2.882441000000000000e+06 2.882580000000000000e+06
2.885252000000000000e+06 2.885642000000000000e+06
2.887739000000000000e+06 2.887883000000000000e+06
2.889313000000000000e+06 2.889595000000000000e+06
2.890095000000000000e+06 2.890452000000000000e+06
2.891220000000000000e+06 2.891438000000000000e+06
2.891779000000000000e+06 2.891912000000000000e+06
2.892090000000000000e+06 2.892442000000000000e+06
2.893461000000000000e+06 2.894100000000000000e+06
2.894433000000000000e+06 2.894488000000000000e+06
2.897038000000000000e+06 2.897313000000000000e+06
2.897933000000000000e+06 2.898317000000000000e+06
2.899570000000000000e+06 2.899910000000000000e+06
2.900679000000000000e+06 2.900878000000000000e+06
2.902362000000000000e+06 2.902484000000000000e+06
2.903474000000000000e+06 2.903657000000000000e+06
2.904664000000000000e+06 2.905063000000000000e+06
2.906658000000000000e+06 2.906980000000000000e+06
2.907641000000000000e+06 2.907988000000000000e+06
2.908607000000000000e+06 2.908722000000000000e+06
2.908930000000000000e+06 2.909202000000000000e+06
2.910359000000000000e+06 2.910668000000000000e+06
2.911782000000000000e+06 2.911970000000000000e+06
2.913142000000000000e+06 2.913299000000000000e+06
2.914576000000000000e+06 2.914840000000000000e+06
2.915975000000000000e+06 2.916263000000000000e+06
2.917243000000000000e+06 2.917470000000000000e+06
2.918439000000000000e+06 2.918674000000000000e+06
2.919549000000000000e+06 2.919805000000000000e+06
2.920763000000000000e+06 2.920946000000000000e+06
2.921961000000000000e+06 2.922114000000000000e+06
2.922689000000000000e+06 2.922819000000000000e+06
2.923523000000000000e+06 2.924109000000000000e+06
2.924808000000000000e+06 2.925027000000000000e+06
2.925998000000000000e+06 2.926664000000000000e+06
2.927387000000000000e+06 2.927674000000000000e+06
2.928535000000000000e+06 2.928715000000000000e+06
2.929526000000000000e+06 2.929751000000000000e+06
2.931299000000000000e+06 2.931733000000000000e+06
2.932555000000000000e+06 2.932654000000000000e+06
2.933303000000000000e+06 2.933752000000000000e+06
2.934287000000000000e+06 2.934370000000000000e+06
2.934797000000000000e+06 2.935057000000000000e+06
2.937252000000000000e+06 2.937477000000000000e+06
2.938324000000000000e+06 2.938780000000000000e+06
2.939760000000000000e+06 2.939912000000000000e+06
2.940885000000000000e+06 2.941089000000000000e+06
2.942161000000000000e+06 2.942465000000000000e+06
2.954241000000000000e+06 2.954417000000000000e+06
2.956375000000000000e+06 2.956536000000000000e+06
2.959957000000000000e+06 2.960180000000000000e+06
2.960818000000000000e+06 2.961006000000000000e+06
2.961535000000000000e+06 2.962076000000000000e+06
2.962361000000000000e+06 2.962534000000000000e+06
2.963418000000000000e+06 2.963543000000000000e+06
2.963998000000000000e+06 2.964187000000000000e+06
2.964697000000000000e+06 2.965178000000000000e+06
2.965939000000000000e+06 2.966065000000000000e+06
2.967697000000000000e+06 2.967833000000000000e+06
2.968056000000000000e+06 2.968195000000000000e+06
2.969247000000000000e+06 2.969392000000000000e+06
2.972216000000000000e+06 2.972509000000000000e+06
2.974398000000000000e+06 2.974649000000000000e+06
2.974868000000000000e+06 2.975004000000000000e+06
2.975690000000000000e+06 2.975826000000000000e+06
2.977929000000000000e+06 2.978227000000000000e+06
2.978959000000000000e+06 2.979174000000000000e+06
2.979817000000000000e+06 2.980073000000000000e+06
2.980565000000000000e+06 2.980806000000000000e+06
2.981616000000000000e+06 2.981726000000000000e+06
2.983106000000000000e+06 2.983273000000000000e+06
2.984194000000000000e+06 2.984354000000000000e+06
2.985611000000000000e+06 2.985800000000000000e+06
2.987632000000000000e+06 2.987776000000000000e+06
2.989444000000000000e+06 2.989571000000000000e+06
2.989984000000000000e+06 2.990433000000000000e+06
2.991428000000000000e+06 2.991591000000000000e+06
2.992202000000000000e+06 2.992637000000000000e+06
2.993916000000000000e+06 2.994048000000000000e+06
2.994660000000000000e+06 2.994922000000000000e+06
2.995428000000000000e+06 2.995840000000000000e+06
2.997382000000000000e+06 2.997532000000000000e+06
2.998798000000000000e+06 2.998923000000000000e+06
3.001668000000000000e+06 3.001885000000000000e+06
3.003607000000000000e+06 3.003832000000000000e+06
3.004439000000000000e+06 3.004648000000000000e+06
3.005621000000000000e+06 3.005860000000000000e+06
3.006247000000000000e+06 3.006534000000000000e+06
3.009114000000000000e+06 3.009370000000000000e+06
3.010030000000000000e+06 3.010382000000000000e+06
3.010667000000000000e+06 3.010840000000000000e+06
3.012821000000000000e+06 3.013117000000000000e+06
3.013916000000000000e+06 3.014114000000000000e+06
3.014803000000000000e+06 3.015516000000000000e+06
3.015919000000000000e+06 3.016243000000000000e+06
3.016821000000000000e+06 3.017031000000000000e+06
3.017757000000000000e+06 3.017998000000000000e+06
3.018953000000000000e+06 3.019131000000000000e+06
3.021291000000000000e+06 3.021652000000000000e+06
3.022824000000000000e+06 3.023078000000000000e+06
3.027006000000000000e+06 3.027155000000000000e+06
3.028386000000000000e+06 3.028540000000000000e+06
3.028885000000000000e+06 3.029030000000000000e+06
3.029755000000000000e+06 3.029933000000000000e+06
3.030090000000000000e+06 3.030200000000000000e+06
3.031632000000000000e+06 3.032104000000000000e+06
3.032886000000000000e+06 3.033038000000000000e+06
3.033906000000000000e+06 3.034136000000000000e+06
3.034753000000000000e+06 3.035088000000000000e+06
3.035718000000000000e+06 3.035860000000000000e+06
3.036404000000000000e+06 3.036587000000000000e+06
3.037257000000000000e+06 3.037484000000000000e+06
3.041423000000000000e+06 3.041732000000000000e+06
3.042202000000000000e+06 3.042335000000000000e+06
3.043044000000000000e+06 3.043488000000000000e+06
3.043986000000000000e+06 3.044389000000000000e+06
3.045681000000000000e+06 3.045843000000000000e+06
3.047152000000000000e+06 3.047373000000000000e+06
3.048757000000000000e+06 3.048956000000000000e+06
3.049913000000000000e+06 3.050159000000000000e+06
3.050972000000000000e+06 3.051143000000000000e+06
3.051671000000000000e+06 3.051848000000000000e+06
3.052229000000000000e+06 3.052544000000000000e+06
3.052895000000000000e+06 3.053072000000000000e+06
3.053350000000000000e+06 3.053679000000000000e+06
3.057843000000000000e+06 3.058005000000000000e+06
3.058293000000000000e+06 3.058492000000000000e+06
3.060452000000000000e+06 3.060864000000000000e+06
3.061807000000000000e+06 3.062020000000000000e+06
3.062870000000000000e+06 3.063080000000000000e+06
3.065554000000000000e+06 3.065671000000000000e+06
3.071461000000000000e+06 3.071831000000000000e+06
3.072359000000000000e+06 3.072502000000000000e+06
3.073615000000000000e+06 3.073725000000000000e+06
3.074023000000000000e+06 3.074384000000000000e+06
3.075044000000000000e+06 3.075326000000000000e+06
3.075765000000000000e+06 3.075937000000000000e+06
3.076355000000000000e+06 3.076468000000000000e+06
3.077734000000000000e+06 3.078220000000000000e+06
3.079095000000000000e+06 3.079340000000000000e+06
3.080405000000000000e+06 3.080803000000000000e+06
3.082383000000000000e+06 3.082482000000000000e+06
3.084137000000000000e+06 3.084336000000000000e+06
3.085115000000000000e+06 3.085323000000000000e+06
3.085753000000000000e+06 3.085884000000000000e+06
3.086371000000000000e+06 3.086538000000000000e+06
3.087126000000000000e+06 3.087254000000000000e+06
3.088092000000000000e+06 3.088212000000000000e+06
3.088428000000000000e+06 3.088618000000000000e+06
3.091000000000000000e+06 3.091220000000000000e+06
3.091706000000000000e+06 3.092083000000000000e+06
3.092678000000000000e+06 3.092833000000000000e+06
3.093971000000000000e+06 3.094264000000000000e+06
3.095095000000000000e+06 3.095275000000000000e+06
3.096021000000000000e+06 3.096410000000000000e+06
3.097068000000000000e+06 3.097314000000000000e+06
3.098146000000000000e+06 3.098407000000000000e+06
3.099265000000000000e+06 3.099366000000000000e+06
3.100426000000000000e+06 3.100589000000000000e+06
3.102148000000000000e+06 3.102414000000000000e+06
3.102990000000000000e+06 3.103131000000000000e+06
3.105294000000000000e+06 3.105520000000000000e+06
3.106276000000000000e+06 3.106479000000000000e+06
3.107864000000000000e+06 3.108215000000000000e+06
3.109590000000000000e+06 3.109757000000000000e+06
3.110140000000000000e+06 3.110282000000000000e+06
3.111051000000000000e+06 3.111197000000000000e+06
3.111605000000000000e+06 3.111809000000000000e+06
3.112662000000000000e+06 3.112855000000000000e+06
3.113453000000000000e+06 3.113714000000000000e+06
3.114843000000000000e+06 3.115188000000000000e+06
3.115965000000000000e+06 3.116164000000000000e+06
3.116407000000000000e+06 3.116684000000000000e+06
3.119185000000000000e+06 3.119594000000000000e+06
3.120849000000000000e+06 3.121069000000000000e+06
3.121285000000000000e+06 3.121433000000000000e+06
3.121551000000000000e+06 3.121724000000000000e+06
3.122069000000000000e+06 3.122302000000000000e+06
3.123822000000000000e+06 3.123956000000000000e+06
3.124551000000000000e+06 3.124914000000000000e+06
3.126234000000000000e+06 3.126896000000000000e+06
3.127942000000000000e+06 3.128285000000000000e+06
3.129058000000000000e+06 3.129479000000000000e+06
3.129776000000000000e+06 3.130007000000000000e+06
3.131345000000000000e+06 3.131513000000000000e+06
3.132481000000000000e+06 3.132698000000000000e+06
3.134067000000000000e+06 3.134218000000000000e+06
3.143036000000000000e+06 3.143410000000000000e+06
3.146206000000000000e+06 3.146428000000000000e+06
3.148359000000000000e+06 3.148692000000000000e+06
3.148952000000000000e+06 3.149143000000000000e+06
3.149522000000000000e+06 3.149857000000000000e+06
3.153574000000000000e+06 3.153729000000000000e+06
3.154236000000000000e+06 3.154440000000000000e+06
3.155052000000000000e+06 3.155214000000000000e+06
3.161037000000000000e+06 3.161212000000000000e+06
3.162291000000000000e+06 3.162474000000000000e+06
3.162998000000000000e+06 3.163165000000000000e+06
3.164467000000000000e+06 3.164734000000000000e+06
3.165545000000000000e+06 3.165655000000000000e+06
3.166623000000000000e+06 3.166717000000000000e+06
3.167517000000000000e+06 3.167690000000000000e+06
3.168616000000000000e+06 3.168814000000000000e+06
3.170247000000000000e+06 3.170553000000000000e+06
3.171155000000000000e+06 3.171887000000000000e+06
3.172319000000000000e+06 3.172670000000000000e+06
3.174319000000000000e+06 3.174470000000000000e+06
3.175049000000000000e+06 3.175345000000000000e+06
3.175719000000000000e+06 3.175834000000000000e+06
3.177100000000000000e+06 3.177383000000000000e+06
3.178364000000000000e+06 3.178660000000000000e+06
3.179206000000000000e+06 3.179485000000000000e+06
3.184628000000000000e+06 3.184759000000000000e+06
3.185749000000000000e+06 3.186072000000000000e+06
3.186427000000000000e+06 3.186605000000000000e+06
3.187356000000000000e+06 3.187696000000000000e+06
3.188760000000000000e+06 3.189027000000000000e+06
3.189416000000000000e+06 3.189755000000000000e+06
3.191486000000000000e+06 3.191717000000000000e+06
3.192317000000000000e+06 3.192435000000000000e+06
3.193708000000000000e+06 3.193825000000000000e+06
3.194799000000000000e+06 3.195164000000000000e+06
3.195409000000000000e+06 3.195575000000000000e+06
3.198734000000000000e+06 3.199090000000000000e+06
3.199789000000000000e+06 3.200026000000000000e+06
3.200652000000000000e+06 3.200876000000000000e+06
3.201364000000000000e+06 3.201794000000000000e+06
3.203359000000000000e+06 3.203475000000000000e+06
3.203907000000000000e+06 3.204100000000000000e+06
3.205178000000000000e+06 3.205366000000000000e+06
3.208301000000000000e+06 3.208615000000000000e+06
3.210404000000000000e+06 3.210582000000000000e+06
3.211579000000000000e+06 3.211696000000000000e+06
3.212684000000000000e+06 3.212805000000000000e+06
3.213082000000000000e+06 3.213249000000000000e+06
3.214512000000000000e+06 3.214651000000000000e+06
3.218721000000000000e+06 3.218882000000000000e+06
3.221055000000000000e+06 3.221487000000000000e+06
3.222703000000000000e+06 3.222840000000000000e+06
3.222989000000000000e+06 3.223205000000000000e+06
3.223885000000000000e+06 3.224252000000000000e+06
3.225590000000000000e+06 3.225919000000000000e+06
3.226897000000000000e+06 3.227072000000000000e+06
3.227753000000000000e+06 3.227847000000000000e+06
3.230720000000000000e+06 3.230931000000000000e+06
3.231406000000000000e+06 3.231574000000000000e+06
3.232175000000000000e+06 3.232583000000000000e+06
3.232829000000000000e+06 3.233201000000000000e+06
3.240671000000000000e+06 3.240812000000000000e+06
3.243477000000000000e+06 3.243755000000000000e+06
3.247017000000000000e+06 3.247100000000000000e+06
3.250358000000000000e+06 3.250500000000000000e+06
3.251875000000000000e+06 3.252302000000000000e+06
3.252967000000000000e+06 3.253267000000000000e+06
3.254397000000000000e+06 3.254501000000000000e+06
3.254911000000000000e+06 3.255031000000000000e+06
3.257046000000000000e+06 3.257230000000000000e+06
3.258941000000000000e+06 3.259111000000000000e+06
3.260731000000000000e+06 3.260982000000000000e+06
3.261438000000000000e+06 3.261646000000000000e+06
3.261868000000000000e+06 3.262044000000000000e+06
3.270016000000000000e+06 3.270350000000000000e+06
3.271127000000000000e+06 3.271340000000000000e+06
3.272619000000000000e+06 3.272786000000000000e+06
3.274946000000000000e+06 3.275119000000000000e+06
3.284397000000000000e+06 3.284553000000000000e+06
3.285257000000000000e+06 3.285372000000000000e+06
3.286026000000000000e+06 3.286262000000000000e+06
3.290961000000000000e+06 3.291387000000000000e+06
3.292019000000000000e+06 3.292125000000000000e+06
3.318410000000000000e+06 3.318776000000000000e+06
3.319364000000000000e+06 3.319568000000000000e+06
3.320313000000000000e+06 3.320646000000000000e+06
3.321368000000000000e+06 3.321688000000000000e+06
3.322530000000000000e+06 3.323063000000000000e+06
3.323402000000000000e+06 3.323705000000000000e+06
3.325076000000000000e+06 3.325299000000000000e+06
3.327707000000000000e+06 3.327868000000000000e+06
3.329006000000000000e+06 3.329350000000000000e+06
3.329708000000000000e+06 3.329886000000000000e+06
3.330993000000000000e+06 3.331308000000000000e+06
3.332509000000000000e+06 3.332749000000000000e+06
3.336609000000000000e+06 3.336831000000000000e+06
3.337704000000000000e+06 3.337981000000000000e+06
3.340438000000000000e+06 3.340627000000000000e+06
3.341512000000000000e+06 3.341664000000000000e+06
3.345807000000000000e+06 3.346011000000000000e+06
3.351650000000000000e+06 3.352026000000000000e+06
3.352194000000000000e+06 3.352366000000000000e+06
3.354166000000000000e+06 3.354338000000000000e+06
3.359004000000000000e+06 3.359329000000000000e+06
3.363482000000000000e+06 3.363592000000000000e+06
3.364345000000000000e+06 3.364873000000000000e+06
3.366191000000000000e+06 3.366536000000000000e+06
3.367139000000000000e+06 3.367432000000000000e+06
3.368909000000000000e+06 3.369048000000000000e+06
3.369808000000000000e+06 3.370095000000000000e+06
3.370765000000000000e+06 3.370940000000000000e+06
3.371545000000000000e+06 3.372008000000000000e+06
3.372386000000000000e+06 3.372681000000000000e+06
3.373230000000000000e+06 3.373466000000000000e+06
3.374886000000000000e+06 3.375048000000000000e+06
3.375321000000000000e+06 3.375499000000000000e+06
3.376195000000000000e+06 3.376303000000000000e+06
3.377208000000000000e+06 3.377402000000000000e+06
3.379118000000000000e+06 3.379233000000000000e+06
3.382513000000000000e+06 3.382659000000000000e+06
3.383535000000000000e+06 3.383942000000000000e+06
3.384773000000000000e+06 3.385034000000000000e+06
3.398609000000000000e+06 3.399021000000000000e+06
3.401067000000000000e+06 3.401350000000000000e+06
3.402767000000000000e+06 3.402961000000000000e+06
3.403400000000000000e+06 3.403630000000000000e+06
3.404091000000000000e+06 3.404227000000000000e+06
3.405461000000000000e+06 3.405875000000000000e+06
3.406502000000000000e+06 3.406806000000000000e+06
3.407407000000000000e+06 3.407805000000000000e+06
3.409615000000000000e+06 3.409824000000000000e+06
3.410567000000000000e+06 3.410828000000000000e+06
3.411845000000000000e+06 3.412150000000000000e+06
3.416653000000000000e+06 3.416865000000000000e+06
3.417605000000000000e+06 3.417855000000000000e+06
3.421089000000000000e+06 3.421251000000000000e+06
3.423967000000000000e+06 3.424134000000000000e+06
3.425122000000000000e+06 3.425274000000000000e+06
3.426132000000000000e+06 3.426282000000000000e+06
3.427377000000000000e+06 3.427553000000000000e+06
3.428961000000000000e+06 3.429225000000000000e+06
3.429514000000000000e+06 3.429676000000000000e+06
3.430030000000000000e+06 3.430447000000000000e+06
3.431335000000000000e+06 3.431572000000000000e+06
3.432631000000000000e+06 3.432945000000000000e+06
3.433385000000000000e+06 3.433542000000000000e+06
3.434479000000000000e+06 3.434924000000000000e+06
3.435442000000000000e+06 3.435743000000000000e+06
3.437812000000000000e+06 3.438226000000000000e+06
3.438729000000000000e+06 3.439039000000000000e+06
3.439644000000000000e+06 3.439795000000000000e+06
3.441549000000000000e+06 3.441836000000000000e+06
3.442712000000000000e+06 3.442952000000000000e+06
3.443678000000000000e+06 3.444016000000000000e+06
3.444576000000000000e+06 3.445030000000000000e+06
3.445560000000000000e+06 3.445731000000000000e+06
3.446388000000000000e+06 3.446677000000000000e+06
3.447160000000000000e+06 3.447822000000000000e+06
3.448239000000000000e+06 3.448395000000000000e+06
3.449576000000000000e+06 3.449680000000000000e+06
3.450369000000000000e+06 3.450679000000000000e+06
3.451110000000000000e+06 3.451274000000000000e+06
3.452029000000000000e+06 3.452179000000000000e+06
3.454183000000000000e+06 3.454391000000000000e+06
3.456617000000000000e+06 3.456802000000000000e+06
3.457017000000000000e+06 3.457178000000000000e+06
3.457724000000000000e+06 3.457946000000000000e+06
3.458985000000000000e+06 3.459388000000000000e+06
3.459855000000000000e+06 3.460022000000000000e+06
3.461683000000000000e+06 3.461910000000000000e+06
3.462250000000000000e+06 3.462412000000000000e+06
3.462796000000000000e+06 3.463083000000000000e+06
3.463714000000000000e+06 3.463864000000000000e+06
3.464453000000000000e+06 3.464567000000000000e+06
3.465428000000000000e+06 3.465568000000000000e+06
3.468677000000000000e+06 3.468931000000000000e+06
3.472008000000000000e+06 3.472280000000000000e+06
3.473993000000000000e+06 3.474382000000000000e+06
3.474683000000000000e+06 3.475053000000000000e+06
3.475791000000000000e+06 3.475919000000000000e+06
3.476645000000000000e+06 3.476748000000000000e+06
3.477622000000000000e+06 3.477833000000000000e+06
3.480065000000000000e+06 3.480390000000000000e+06
3.481428000000000000e+06 3.481553000000000000e+06
3.482729000000000000e+06 3.482910000000000000e+06
3.484278000000000000e+06 3.484474000000000000e+06
3.485051000000000000e+06 3.485535000000000000e+06
3.486183000000000000e+06 3.486484000000000000e+06
3.487089000000000000e+06 3.487328000000000000e+06
3.489521000000000000e+06 3.489729000000000000e+06
3.490047000000000000e+06 3.490448000000000000e+06
3.492038000000000000e+06 3.492219000000000000e+06
3.492572000000000000e+06 3.492715000000000000e+06
3.495705000000000000e+06 3.495894000000000000e+06
3.498035000000000000e+06 3.498248000000000000e+06
3.498972000000000000e+06 3.499184000000000000e+06
3.499827000000000000e+06 3.499976000000000000e+06
3.500762000000000000e+06 3.501057000000000000e+06
3.501527000000000000e+06 3.501718000000000000e+06
3.503166000000000000e+06 3.503443000000000000e+06
3.503808000000000000e+06 3.504032000000000000e+06
3.505818000000000000e+06 3.505962000000000000e+06
3.506397000000000000e+06 3.506622000000000000e+06
3.508301000000000000e+06 3.508542000000000000e+06
3.509630000000000000e+06 3.509839000000000000e+06
3.511842000000000000e+06 3.512046000000000000e+06
3.512721000000000000e+06 3.512826000000000000e+06
3.516285000000000000e+06 3.516771000000000000e+06
3.518703000000000000e+06 3.518930000000000000e+06
3.520530000000000000e+06 3.520813000000000000e+06
3.531856000000000000e+06 3.531957000000000000e+06
3.533966000000000000e+06 3.534072000000000000e+06
3.537257000000000000e+06 3.537623000000000000e+06
3.538753000000000000e+06 3.538860000000000000e+06
3.539567000000000000e+06 3.539698000000000000e+06
3.540346000000000000e+06 3.540477000000000000e+06
3.542590000000000000e+06 3.542820000000000000e+06
3.548360000000000000e+06 3.548460000000000000e+06
3.550022000000000000e+06 3.550206000000000000e+06
3.551225000000000000e+06 3.551382000000000000e+06
3.552007000000000000e+06 3.552220000000000000e+06
5.045566000000000000e+06 5.045732000000000000e+06
5.055998000000000000e+06 5.056188000000000000e+06
5.056646000000000000e+06 5.057007000000000000e+06
5.058773000000000000e+06 5.058977000000000000e+06
5.061828000000000000e+06 5.062011000000000000e+06
5.063938000000000000e+06 5.064289000000000000e+06
5.064676000000000000e+06 5.065063000000000000e+06
5.069417000000000000e+06 5.069561000000000000e+06
5.070200000000000000e+06 5.070252000000000000e+06
5.075043000000000000e+06 5.075249000000000000e+06
5.075942000000000000e+06 5.076276000000000000e+06
5.077438000000000000e+06 5.077660000000000000e+06
5.078424000000000000e+06 5.078965000000000000e+06
5.081799000000000000e+06 5.082090000000000000e+06
5.084252000000000000e+06 5.084669000000000000e+06
5.085318000000000000e+06 5.085605000000000000e+06
5.086264000000000000e+06 5.086562000000000000e+06
5.087269000000000000e+06 5.087671000000000000e+06
5.088609000000000000e+06 5.088850000000000000e+06
5.089664000000000000e+06 5.090081000000000000e+06
5.091648000000000000e+06 5.091771000000000000e+06
5.095018000000000000e+06 5.095173000000000000e+06
5.095738000000000000e+06 5.095963000000000000e+06
5.097414000000000000e+06 5.097641000000000000e+06
5.098991000000000000e+06 5.099086000000000000e+06
5.100587000000000000e+06 5.100843000000000000e+06
5.101528000000000000e+06 5.101732000000000000e+06
5.104227000000000000e+06 5.104483000000000000e+06
5.106767000000000000e+06 5.106877000000000000e+06
5.109100000000000000e+06 5.109278000000000000e+06
5.110795000000000000e+06 5.111088000000000000e+06
5.111423000000000000e+06 5.111606000000000000e+06
5.112214000000000000e+06 5.112358000000000000e+06
5.114127000000000000e+06 5.114433000000000000e+06
5.116852000000000000e+06 5.117138000000000000e+06
5.117508000000000000e+06 5.117642000000000000e+06
5.119334000000000000e+06 5.119752000000000000e+06
5.121384000000000000e+06 5.121671000000000000e+06
5.122457000000000000e+06 5.122603000000000000e+06
5.123006000000000000e+06 5.123152000000000000e+06
5.123578000000000000e+06 5.123791000000000000e+06
5.125106000000000000e+06 5.125301000000000000e+06
5.125997000000000000e+06 5.126237000000000000e+06
5.126861000000000000e+06 5.127212000000000000e+06
5.127494000000000000e+06 5.127693000000000000e+06
5.128833000000000000e+06 5.129152000000000000e+06
5.129886000000000000e+06 5.130030000000000000e+06
5.131572000000000000e+06 5.132183000000000000e+06
5.135410000000000000e+06 5.135547000000000000e+06
5.135801000000000000e+06 5.135924000000000000e+06
5.138011000000000000e+06 5.138242000000000000e+06
5.139043000000000000e+06 5.139238000000000000e+06
5.140164000000000000e+06 5.140484000000000000e+06
5.140815000000000000e+06 5.141103000000000000e+06
5.143786000000000000e+06 5.143870000000000000e+06
5.143954000000000000e+06 5.144242000000000000e+06
5.144461000000000000e+06 5.145016000000000000e+06
5.145806000000000000e+06 5.146015000000000000e+06
5.146559000000000000e+06 5.146862000000000000e+06
5.147328000000000000e+06 5.147464000000000000e+06
5.148834000000000000e+06 5.148939000000000000e+06
5.150359000000000000e+06 5.150563000000000000e+06
5.151379000000000000e+06 5.151484000000000000e+06
5.152956000000000000e+06 5.153442000000000000e+06
5.154914000000000000e+06 5.155164000000000000e+06
5.159654000000000000e+06 5.159815000000000000e+06
5.160318000000000000e+06 5.160459000000000000e+06
5.167713000000000000e+06 5.168027000000000000e+06
5.168738000000000000e+06 5.168916000000000000e+06
5.169371000000000000e+06 5.169696000000000000e+06
5.170010000000000000e+06 5.170329000000000000e+06
5.170624000000000000e+06 5.170735000000000000e+06
5.183621000000000000e+06 5.183783000000000000e+06
5.184860000000000000e+06 5.184954000000000000e+06
5.185729000000000000e+06 5.185818000000000000e+06
5.185990000000000000e+06 5.186079000000000000e+06
5.186210000000000000e+06 5.186330000000000000e+06
5.186688000000000000e+06 5.187410000000000000e+06
5.188162000000000000e+06 5.188423000000000000e+06
5.189246000000000000e+06 5.189563000000000000e+06
5.194791000000000000e+06 5.194961000000000000e+06
5.196109000000000000e+06 5.196576000000000000e+06
5.197720000000000000e+06 5.198035000000000000e+06
5.199942000000000000e+06 5.200229000000000000e+06
5.201746000000000000e+06 5.201914000000000000e+06
5.203078000000000000e+06 5.203278000000000000e+06
5.204631000000000000e+06 5.204859000000000000e+06
5.205622000000000000e+06 5.205800000000000000e+06
5.207510000000000000e+06 5.207592000000000000e+06
5.207770000000000000e+06 5.207970000000000000e+06
5.208730000000000000e+06 5.208845000000000000e+06
5.209049000000000000e+06 5.209143000000000000e+06
5.210277000000000000e+06 5.210432000000000000e+06
5.210883000000000000e+06 5.211138000000000000e+06
5.214714000000000000e+06 5.214949000000000000e+06
5.215703000000000000e+06 5.215865000000000000e+06
5.217173000000000000e+06 5.217455000000000000e+06
5.217781000000000000e+06 5.217976000000000000e+06
5.218344000000000000e+06 5.218543000000000000e+06
5.220243000000000000e+06 5.220636000000000000e+06
5.222602000000000000e+06 5.223037000000000000e+06
5.224105000000000000e+06 5.224318000000000000e+06
5.224970000000000000e+06 5.225119000000000000e+06
5.225455000000000000e+06 5.225602000000000000e+06
5.226955000000000000e+06 5.227200000000000000e+06
5.228494000000000000e+06 5.228739000000000000e+06
5.229337000000000000e+06 5.229624000000000000e+06
5.232249000000000000e+06 5.232545000000000000e+06
5.233753000000000000e+06 5.234087000000000000e+06
5.234639000000000000e+06 5.234895000000000000e+06
5.244217000000000000e+06 5.244479000000000000e+06
5.244860000000000000e+06 5.245127000000000000e+06
5.247346000000000000e+06 5.247675000000000000e+06
5.248822000000000000e+06 5.249069000000000000e+06
5.249767000000000000e+06 5.250318000000000000e+06
5.254237000000000000e+06 5.254351000000000000e+06
5.255032000000000000e+06 5.255197000000000000e+06
5.255790000000000000e+06 5.256026000000000000e+06
5.256932000000000000e+06 5.257100000000000000e+06
5.257846000000000000e+06 5.257992000000000000e+06
5.259120000000000000e+06 5.259581000000000000e+06
5.261894000000000000e+06 5.262050000000000000e+06
5.269666000000000000e+06 5.269818000000000000e+06
5.271188000000000000e+06 5.271370000000000000e+06
5.272540000000000000e+06 5.272679000000000000e+06
5.273772000000000000e+06 5.274017000000000000e+06
5.276105000000000000e+06 5.276337000000000000e+06
5.277188000000000000e+06 5.277366000000000000e+06
5.277599000000000000e+06 5.277800000000000000e+06
5.278554000000000000e+06 5.278655000000000000e+06
5.279077000000000000e+06 5.279426000000000000e+06
5.282519000000000000e+06 5.282597000000000000e+06
5.284627000000000000e+06 5.284690000000000000e+06
5.285098000000000000e+06 5.285302000000000000e+06
5.285882000000000000e+06 5.286039000000000000e+06
5.291260000000000000e+06 5.291490000000000000e+06
5.293744000000000000e+06 5.293959000000000000e+06
5.295277000000000000e+06 5.295398000000000000e+06
5.296276000000000000e+06 5.296360000000000000e+06
5.298196000000000000e+06 5.298290000000000000e+06
5.305718000000000000e+06 5.305807000000000000e+06
5.307350000000000000e+06 5.307642000000000000e+06
5.308582000000000000e+06 5.308809000000000000e+06
5.309957000000000000e+06 5.310249000000000000e+06
5.319377000000000000e+06 5.319598000000000000e+06
5.328528000000000000e+06 5.328685000000000000e+06
5.330092000000000000e+06 5.330265000000000000e+06
5.330898000000000000e+06 5.331118000000000000e+06
5.333560000000000000e+06 5.333655000000000000e+06
5.339259000000000000e+06 5.339411000000000000e+06
5.341734000000000000e+06 5.341901000000000000e+06
5.343289000000000000e+06 5.343398000000000000e+06
5.349199000000000000e+06 5.349353000000000000e+06
5.349753000000000000e+06 5.350003000000000000e+06
5.356457000000000000e+06 5.356716000000000000e+06
5.360252000000000000e+06 5.360417000000000000e+06
5.361138000000000000e+06 5.361256000000000000e+06
5.362077000000000000e+06 5.362308000000000000e+06
5.365948000000000000e+06 5.366179000000000000e+06
5.366908000000000000e+06 5.367065000000000000e+06
5.369671000000000000e+06 5.369808000000000000e+06
5.372535000000000000e+06 5.372681000000000000e+06
5.376923000000000000e+06 5.377159000000000000e+06
5.388286000000000000e+06 5.388442000000000000e+06
5.392206000000000000e+06 5.392365000000000000e+06
5.405018000000000000e+06 5.405312000000000000e+06
5.407198000000000000e+06 5.407550000000000000e+06
5.408402000000000000e+06 5.408684000000000000e+06
5.414994000000000000e+06 5.415142000000000000e+06
5.417833000000000000e+06 5.417947000000000000e+06
5.419145000000000000e+06 5.419277000000000000e+06
5.420148000000000000e+06 5.420360000000000000e+06
5.431454000000000000e+06 5.431669000000000000e+06
5.432281000000000000e+06 5.432417000000000000e+06
5.432940000000000000e+06 5.433311000000000000e+06
5.444778000000000000e+06 5.445039000000000000e+06
5.447832000000000000e+06 5.447976000000000000e+06
5.451096000000000000e+06 5.451277000000000000e+06
5.454416000000000000e+06 5.454554000000000000e+06
5.461832000000000000e+06 5.461943000000000000e+06
5.469410000000000000e+06 5.469539000000000000e+06
5.483522000000000000e+06 5.483611000000000000e+06
5.485083000000000000e+06 5.485359000000000000e+06
5.491304000000000000e+06 5.491485000000000000e+06
5.494415000000000000e+06 5.494545000000000000e+06
5.498355000000000000e+06 5.498428000000000000e+06
5.499500000000000000e+06 5.499672000000000000e+06
5.501286000000000000e+06 5.501358000000000000e+06
5.502466000000000000e+06 5.502724000000000000e+06
5.515592000000000000e+06 5.515714000000000000e+06
5.520942000000000000e+06 5.521025000000000000e+06
5.532738000000000000e+06 5.532905000000000000e+06
5.533988000000000000e+06 5.534202000000000000e+06
5.536383000000000000e+06 5.536758000000000000e+06
5.544875000000000000e+06 5.544937000000000000e+06
5.545372000000000000e+06 5.545450000000000000e+06
5.550994000000000000e+06 5.551175000000000000e+06
5.562429000000000000e+06 5.562554000000000000e+06
5.566977000000000000e+06 5.567116000000000000e+06
5.571217000000000000e+06 5.571400000000000000e+06
5.574420000000000000e+06 5.574540000000000000e+06
5.582575000000000000e+06 5.582653000000000000e+06
5.583959000000000000e+06 5.584105000000000000e+06
5.584212000000000000e+06 5.584306000000000000e+06
5.585494000000000000e+06 5.585588000000000000e+06
5.588600000000000000e+06 5.588871000000000000e+06
5.598995000000000000e+06 5.599147000000000000e+06
5.601950000000000000e+06 5.602050000000000000e+06
5.605281000000000000e+06 5.605369000000000000e+06
5.605811000000000000e+06 5.605916000000000000e+06
6.173010000000000000e+06 6.173164000000000000e+06
6.177824000000000000e+06 6.178030000000000000e+06
6.178216000000000000e+06 6.178358000000000000e+06
6.184637000000000000e+06 6.184739000000000000e+06
6.200281000000000000e+06 6.200542000000000000e+06
6.201174000000000000e+06 6.201317000000000000e+06
6.206374000000000000e+06 6.206525000000000000e+06
6.209236000000000000e+06 6.209375000000000000e+06
6.210429000000000000e+06 6.210652000000000000e+06
6.215692000000000000e+06 6.215994000000000000e+06
6.216107000000000000e+06 6.216225000000000000e+06
6.216421000000000000e+06 6.216694000000000000e+06
6.220957000000000000e+06 6.221230000000000000e+06
6.224586000000000000e+06 6.224764000000000000e+06
6.225131000000000000e+06 6.225242000000000000e+06
6.230948000000000000e+06 6.231179000000000000e+06
6.232346000000000000e+06 6.232494000000000000e+06
6.235239000000000000e+06 6.235418000000000000e+06
6.240327000000000000e+06 6.240505000000000000e+06
6.246162000000000000e+06 6.246310000000000000e+06
6.247284000000000000e+06 6.247700000000000000e+06
6.248971000000000000e+06 6.249119000000000000e+06
6.254718000000000000e+06 6.255053000000000000e+06
6.256408000000000000e+06 6.256696000000000000e+06
6.257869000000000000e+06 6.258207000000000000e+06
6.261059000000000000e+06 6.261193000000000000e+06
6.265263000000000000e+06 6.265406000000000000e+06
6.265976000000000000e+06 6.266156000000000000e+06
6.274596000000000000e+06 6.274957000000000000e+06
6.275457000000000000e+06 6.275874000000000000e+06
6.276235000000000000e+06 6.276531000000000000e+06
6.278152000000000000e+06 6.278536000000000000e+06
6.280239000000000000e+06 6.280590000000000000e+06
6.282020000000000000e+06 6.282226000000000000e+06
6.285662000000000000e+06 6.286005000000000000e+06
6.291314000000000000e+06 6.291610000000000000e+06
6.292786000000000000e+06 6.293017000000000000e+06
6.293327000000000000e+06 6.293624000000000000e+06
6.294394000000000000e+06 6.294602000000000000e+06
6.294802000000000000e+06 6.294918000000000000e+06
6.295198000000000000e+06 6.295550000000000000e+06
6.298434000000000000e+06 6.298724000000000000e+06
6.299216000000000000e+06 6.299310000000000000e+06
6.300249000000000000e+06 6.300726000000000000e+06
6.302230000000000000e+06 6.302503000000000000e+06
6.304760000000000000e+06 6.304892000000000000e+06
6.305554000000000000e+06 6.305679000000000000e+06
6.308739000000000000e+06 6.309077000000000000e+06
6.309654000000000000e+06 6.309788000000000000e+06
6.311239000000000000e+06 6.311421000000000000e+06
6.313055000000000000e+06 6.313192000000000000e+06
6.316480000000000000e+06 6.316864000000000000e+06
6.320181000000000000e+06 6.320390000000000000e+06
6.321433000000000000e+06 6.321813000000000000e+06
6.323270000000000000e+06 6.323372000000000000e+06
6.324679000000000000e+06 6.325054000000000000e+06
6.325816000000000000e+06 6.325994000000000000e+06
6.326772000000000000e+06 6.327517000000000000e+06
6.327976000000000000e+06 6.328383000000000000e+06
6.329165000000000000e+06 6.329499000000000000e+06
6.330013000000000000e+06 6.330554000000000000e+06
6.332476000000000000e+06 6.332823000000000000e+06
6.334402000000000000e+06 6.334599000000000000e+06
6.337457000000000000e+06 6.337888000000000000e+06
6.338928000000000000e+06 6.339298000000000000e+06
6.340156000000000000e+06 6.340281000000000000e+06
6.342046000000000000e+06 6.342192000000000000e+06
6.343303000000000000e+06 6.343447000000000000e+06
6.344638000000000000e+06 6.344771000000000000e+06
6.346048000000000000e+06 6.346260000000000000e+06
6.346832000000000000e+06 6.347125000000000000e+06
6.348148000000000000e+06 6.348343000000000000e+06
6.349244000000000000e+06 6.349369000000000000e+06
6.352605000000000000e+06 6.352874000000000000e+06
6.354142000000000000e+06 6.354323000000000000e+06
6.354776000000000000e+06 6.354920000000000000e+06
6.355633000000000000e+06 6.355721000000000000e+06
6.356438000000000000e+06 6.356591000000000000e+06
6.357499000000000000e+06 6.357809000000000000e+06
6.358314000000000000e+06 6.358425000000000000e+06
6.359408000000000000e+06 6.359558000000000000e+06
6.360239000000000000e+06 6.360421000000000000e+06
6.360160000000000000e+06 6.360422000000000000e+06
6.378207000000000000e+06 6.378508000000000000e+06
6.380841000000000000e+06 6.380992000000000000e+06
6.383048000000000000e+06 6.383155000000000000e+06
6.387429000000000000e+06 6.387679000000000000e+06
6.388648000000000000e+06 6.388807000000000000e+06
6.389795000000000000e+06 6.390031000000000000e+06
6.393235000000000000e+06 6.393508000000000000e+06
6.395013000000000000e+06 6.395175000000000000e+06
6.396436000000000000e+06 6.396731000000000000e+06
6.398422000000000000e+06 6.398570000000000000e+06
6.401161000000000000e+06 6.401415000000000000e+06
6.403239000000000000e+06 6.403397000000000000e+06
6.404670000000000000e+06 6.405045000000000000e+06
6.409479000000000000e+06 6.409752000000000000e+06
6.411434000000000000e+06 6.411610000000000000e+06
6.412198000000000000e+06 6.412309000000000000e+06
6.414663000000000000e+06 6.414977000000000000e+06
6.416476000000000000e+06 6.416674000000000000e+06
6.416957000000000000e+06 6.417114000000000000e+06
6.417577000000000000e+06 6.417702000000000000e+06
6.427672000000000000e+06 6.427918000000000000e+06
6.430349000000000000e+06 6.430442000000000000e+06
6.431819000000000000e+06 6.432090000000000000e+06
6.432327000000000000e+06 6.432429000000000000e+06
6.435189000000000000e+06 6.435285000000000000e+06
6.448477000000000000e+06 6.448697000000000000e+06
6.450668000000000000e+06 6.451071000000000000e+06
6.451425000000000000e+06 6.451633000000000000e+06
6.452531000000000000e+06 6.452716000000000000e+06
6.453772000000000000e+06 6.454105000000000000e+06
6.454753000000000000e+06 6.454994000000000000e+06
6.456344000000000000e+06 6.456523000000000000e+06
6.458263000000000000e+06 6.458508000000000000e+06
6.459281000000000000e+06 6.459443000000000000e+06
6.460873000000000000e+06 6.460998000000000000e+06
6.462624000000000000e+06 6.462776000000000000e+06
6.467172000000000000e+06 6.467334000000000000e+06
6.468929000000000000e+06 6.469239000000000000e+06
6.470957000000000000e+06 6.471448000000000000e+06
6.474480000000000000e+06 6.475360000000000000e+06
6.475716000000000000e+06 6.475963000000000000e+06
6.476128000000000000e+06 6.476434000000000000e+06
6.476996000000000000e+06 6.477213000000000000e+06
6.478902000000000000e+06 6.479128000000000000e+06
6.480485000000000000e+06 6.480832000000000000e+06
6.481930000000000000e+06 6.482130000000000000e+06
6.483300000000000000e+06 6.483513000000000000e+06
6.483874000000000000e+06 6.484420000000000000e+06
6.490763000000000000e+06 6.490957000000000000e+06
6.493688000000000000e+06 6.493943000000000000e+06
6.496408000000000000e+06 6.496578000000000000e+06
6.498572000000000000e+06 6.498691000000000000e+06
6.502526000000000000e+06 6.502730000000000000e+06
6.503550000000000000e+06 6.503749000000000000e+06
6.512991000000000000e+06 6.513090000000000000e+06
6.520057000000000000e+06 6.520328000000000000e+06
6.525259000000000000e+06 6.525385000000000000e+06
