7.304410000000000000e+05 7.305950000000000000e+05
7.304540000000000000e+05 7.306240000000000000e+05
7.311990000000000000e+05 7.313970000000000000e+05
7.312210000000000000e+05 7.314000000000000000e+05
7.315530000000000000e+05 7.317350000000000000e+05
7.315650000000000000e+05 7.316860000000000000e+05
7.600250000000000000e+05 7.601700000000000000e+05
7.666000000000000000e+05 7.668000000000000000e+05
7.666070000000000000e+05 7.669300000000000000e+05
7.724000000000000000e+05 7.726490000000000000e+05
8.043200000000000000e+05 8.046010000000000000e+05
8.043590000000000000e+05 8.046320000000000000e+05
8.057080000000000000e+05 8.059330000000000000e+05
8.057480000000000000e+05 8.060860000000000000e+05
8.072590000000000000e+05 8.075960000000000000e+05
8.073960000000000000e+05 8.076460000000000000e+05
8.113030000000000000e+05 8.114790000000000000e+05
8.120580000000000000e+05 8.122570000000000000e+05
8.145460000000000000e+05 8.146640000000000000e+05
8.153080000000000000e+05 8.156780000000000000e+05
8.157390000000000000e+05 8.162450000000000000e+05
8.176730000000000000e+05 8.177870000000000000e+05
8.177340000000000000e+05 8.184330000000000000e+05
8.178440000000000000e+05 8.180470000000000000e+05
8.179380000000000000e+05 8.184790000000000000e+05
8.181300000000000000e+05 8.184270000000000000e+05
8.189990000000000000e+05 8.195460000000000000e+05
8.209420000000000000e+05 8.210660000000000000e+05
8.213870000000000000e+05 8.215900000000000000e+05
8.214450000000000000e+05 8.215600000000000000e+05
8.218680000000000000e+05 8.220210000000000000e+05
8.218690000000000000e+05 8.219920000000000000e+05
8.225460000000000000e+05 8.230550000000000000e+05
8.227990000000000000e+05 8.230020000000000000e+05
8.234190000000000000e+05 8.237290000000000000e+05
8.234930000000000000e+05 8.237380000000000000e+05
8.242990000000000000e+05 8.244880000000000000e+05
8.256160000000000000e+05 8.257940000000000000e+05
8.265420000000000000e+05 8.266530000000000000e+05
8.273420000000000000e+05 8.276530000000000000e+05
8.307080000000000000e+05 8.309420000000000000e+05
8.322610000000000000e+05 8.325000000000000000e+05
8.338030000000000000e+05 8.341410000000000000e+05
8.338450000000000000e+05 8.339980000000000000e+05
8.353790000000000000e+05 8.359480000000000000e+05
8.353960000000000000e+05 8.355880000000000000e+05
8.354000000000000000e+05 8.358910000000000000e+05
8.372650000000000000e+05 8.374440000000000000e+05
8.375060000000000000e+05 8.376240000000000000e+05
8.381430000000000000e+05 8.386270000000000000e+05
8.405820000000000000e+05 8.406870000000000000e+05
8.420510000000000000e+05 8.425280000000000000e+05
8.428730000000000000e+05 8.435680000000000000e+05
8.444120000000000000e+05 8.445730000000000000e+05
8.456660000000000000e+05 8.461030000000000000e+05
8.462010000000000000e+05 8.463890000000000000e+05
8.462860000000000000e+05 8.464160000000000000e+05
8.463030000000000000e+05 8.464250000000000000e+05
8.478780000000000000e+05 8.480080000000000000e+05
8.507520000000000000e+05 8.509240000000000000e+05
8.507790000000000000e+05 8.509150000000000000e+05
8.509750000000000000e+05 8.513040000000000000e+05
8.529100000000000000e+05 8.532790000000000000e+05
8.529740000000000000e+05 8.531090000000000000e+05
8.619330000000000000e+05 8.622120000000000000e+05
8.646090000000000000e+05 8.650490000000000000e+05
8.765390000000000000e+05 8.772840000000000000e+05
8.777130000000000000e+05 8.781310000000000000e+05
8.862290000000000000e+05 8.864790000000000000e+05
8.862340000000000000e+05 8.864440000000000000e+05
8.880600000000000000e+05 8.883460000000000000e+05
8.925920000000000000e+05 8.927510000000000000e+05
8.943710000000000000e+05 8.944820000000000000e+05
9.009970000000000000e+05 9.013900000000000000e+05
9.010240000000000000e+05 9.012160000000000000e+05
9.010840000000000000e+05 9.012560000000000000e+05
9.384940000000000000e+05 9.387270000000000000e+05
9.385220000000000000e+05 9.387220000000000000e+05
9.401950000000000000e+05 9.406570000000000000e+05
9.402240000000000000e+05 9.404560000000000000e+05
9.432060000000000000e+05 9.432900000000000000e+05
9.521770000000000000e+05 9.524580000000000000e+05
9.521860000000000000e+05 9.524620000000000000e+05
9.605760000000000000e+05 9.608360000000000000e+05
9.605860000000000000e+05 9.607080000000000000e+05
9.631170000000000000e+05 9.632490000000000000e+05
9.686630000000000000e+05 9.687890000000000000e+05
9.686860000000000000e+05 9.688770000000000000e+05
9.701510000000000000e+05 9.704400000000000000e+05
9.701560000000000000e+05 9.702430000000000000e+05
9.702810000000000000e+05 9.703900000000000000e+05
9.793000000000000000e+05 9.794130000000000000e+05
9.793290000000000000e+05 9.794160000000000000e+05
9.854760000000000000e+05 9.856100000000000000e+05
1.069294000000000000e+06 1.069530000000000000e+06
1.069301000000000000e+06 1.069418000000000000e+06
1.069306000000000000e+06 1.069407000000000000e+06
1.069319000000000000e+06 1.069540000000000000e+06
1.069454000000000000e+06 1.069565000000000000e+06
1.110893000000000000e+06 1.111139000000000000e+06
1.110933000000000000e+06 1.111039000000000000e+06
1.131146000000000000e+06 1.131425000000000000e+06
1.131238000000000000e+06 1.131349000000000000e+06
1.167343000000000000e+06 1.167460000000000000e+06
1.167381000000000000e+06 1.167820000000000000e+06
1.181558000000000000e+06 1.181686000000000000e+06
1.181564000000000000e+06 1.181981000000000000e+06
1.242705000000000000e+06 1.243009000000000000e+06
1.266895000000000000e+06 1.267111000000000000e+06
1.266956000000000000e+06 1.267072000000000000e+06
1.387178000000000000e+06 1.387479000000000000e+06
1.387195000000000000e+06 1.387379000000000000e+06
1.387435000000000000e+06 1.387542000000000000e+06
1.398043000000000000e+06 1.398153000000000000e+06
1.398065000000000000e+06 1.398343000000000000e+06
1.398213000000000000e+06 1.398331000000000000e+06
1.398224000000000000e+06 1.398344000000000000e+06
1.398402000000000000e+06 1.398512000000000000e+06
1.404929000000000000e+06 1.405073000000000000e+06
1.404977000000000000e+06 1.405095000000000000e+06
1.405411000000000000e+06 1.405581000000000000e+06
1.414127000000000000e+06 1.414396000000000000e+06
1.414262000000000000e+06 1.414377000000000000e+06
1.414831000000000000e+06 1.414993000000000000e+06
1.418255000000000000e+06 1.418747000000000000e+06
1.418590000000000000e+06 1.419035000000000000e+06
1.418950000000000000e+06 1.419065000000000000e+06
1.419873000000000000e+06 1.420017000000000000e+06
1.420081000000000000e+06 1.420211000000000000e+06
1.421165000000000000e+06 1.421309000000000000e+06
1.433884000000000000e+06 1.434026000000000000e+06
1.437189000000000000e+06 1.437461000000000000e+06
1.439276000000000000e+06 1.439400000000000000e+06
1.439294000000000000e+06 1.439539000000000000e+06
1.439956000000000000e+06 1.440345000000000000e+06
1.440049000000000000e+06 1.440163000000000000e+06
1.443444000000000000e+06 1.443565000000000000e+06
1.446299000000000000e+06 1.446447000000000000e+06
1.446593000000000000e+06 1.446700000000000000e+06
1.446679000000000000e+06 1.446778000000000000e+06
1.446786000000000000e+06 1.446926000000000000e+06
1.446816000000000000e+06 1.446927000000000000e+06
1.448276000000000000e+06 1.448511000000000000e+06
1.448278000000000000e+06 1.448459000000000000e+06
1.457246000000000000e+06 1.457360000000000000e+06
1.463127000000000000e+06 1.463596000000000000e+06
1.463272000000000000e+06 1.463396000000000000e+06
1.463299000000000000e+06 1.463600000000000000e+06
1.464247000000000000e+06 1.464325000000000000e+06
1.465785000000000000e+06 1.465971000000000000e+06
1.466604000000000000e+06 1.466840000000000000e+06
1.466662000000000000e+06 1.466776000000000000e+06
1.481715000000000000e+06 1.481948000000000000e+06
1.481857000000000000e+06 1.481935000000000000e+06
1.481871000000000000e+06 1.481985000000000000e+06
1.483070000000000000e+06 1.483180000000000000e+06
1.491386000000000000e+06 1.491480000000000000e+06
1.492251000000000000e+06 1.492358000000000000e+06
1.505406000000000000e+06 1.505629000000000000e+06
1.515912000000000000e+06 1.516199000000000000e+06
1.516017000000000000e+06 1.516181000000000000e+06
1.516671000000000000e+06 1.516761000000000000e+06
1.517105000000000000e+06 1.517286000000000000e+06
1.519817000000000000e+06 1.520072000000000000e+06
1.519967000000000000e+06 1.520259000000000000e+06
1.523632000000000000e+06 1.523736000000000000e+06
1.524334000000000000e+06 1.524487000000000000e+06
1.526159000000000000e+06 1.526284000000000000e+06
1.526161000000000000e+06 1.526291000000000000e+06
1.527546000000000000e+06 1.527690000000000000e+06
1.527719000000000000e+06 1.527809000000000000e+06
1.533537000000000000e+06 1.533639000000000000e+06
1.538655000000000000e+06 1.539090000000000000e+06
1.538730000000000000e+06 1.539072000000000000e+06
1.538776000000000000e+06 1.539018000000000000e+06
1.542126000000000000e+06 1.542239000000000000e+06
1.542129000000000000e+06 1.542263000000000000e+06
1.557164000000000000e+06 1.557269000000000000e+06
1.575765000000000000e+06 1.575869000000000000e+06
1.576055000000000000e+06 1.576152000000000000e+06
1.578549000000000000e+06 1.579090000000000000e+06
1.578600000000000000e+06 1.578812000000000000e+06
1.578607000000000000e+06 1.578930000000000000e+06
1.578994000000000000e+06 1.579097000000000000e+06
1.580878000000000000e+06 1.581046000000000000e+06
1.580954000000000000e+06 1.581360000000000000e+06
1.581065000000000000e+06 1.581190000000000000e+06
1.581232000000000000e+06 1.581374000000000000e+06
1.585601000000000000e+06 1.585807000000000000e+06
1.588151000000000000e+06 1.588912000000000000e+06
1.588220000000000000e+06 1.588358000000000000e+06
1.588568000000000000e+06 1.588726000000000000e+06
1.590522000000000000e+06 1.590784000000000000e+06
1.601026000000000000e+06 1.601225000000000000e+06
1.601680000000000000e+06 1.601869000000000000e+06
1.602032000000000000e+06 1.602124000000000000e+06
1.602039000000000000e+06 1.602271000000000000e+06
1.602044000000000000e+06 1.602196000000000000e+06
1.603498000000000000e+06 1.604002000000000000e+06
1.603535000000000000e+06 1.603721000000000000e+06
1.603854000000000000e+06 1.603966000000000000e+06
1.603860000000000000e+06 1.603960000000000000e+06
1.605725000000000000e+06 1.606308000000000000e+06
1.605770000000000000e+06 1.605886000000000000e+06
1.605938000000000000e+06 1.606293000000000000e+06
1.606563000000000000e+06 1.607150000000000000e+06
1.606600000000000000e+06 1.606715000000000000e+06
1.606685000000000000e+06 1.606985000000000000e+06
1.606696000000000000e+06 1.606973000000000000e+06
1.607464000000000000e+06 1.607657000000000000e+06
1.608471000000000000e+06 1.608573000000000000e+06
1.608517000000000000e+06 1.608684000000000000e+06
1.610442000000000000e+06 1.610785000000000000e+06
1.610526000000000000e+06 1.610733000000000000e+06
1.611437000000000000e+06 1.611770000000000000e+06
1.611439000000000000e+06 1.611621000000000000e+06
1.612261000000000000e+06 1.612364000000000000e+06
1.612600000000000000e+06 1.613572000000000000e+06
1.612800000000000000e+06 1.612962000000000000e+06
1.613193000000000000e+06 1.613597000000000000e+06
1.613197000000000000e+06 1.613421000000000000e+06
1.620509000000000000e+06 1.620783000000000000e+06
1.620541000000000000e+06 1.620655000000000000e+06
1.621601000000000000e+06 1.621829000000000000e+06
1.622197000000000000e+06 1.622317000000000000e+06
1.622581000000000000e+06 1.622731000000000000e+06
1.623185000000000000e+06 1.623216000000000000e+06
1.623188000000000000e+06 1.623431000000000000e+06
1.623202000000000000e+06 1.623780000000000000e+06
1.623282000000000000e+06 1.623427000000000000e+06
1.623850000000000000e+06 1.624507000000000000e+06
1.623906000000000000e+06 1.624250000000000000e+06
1.624813000000000000e+06 1.625271000000000000e+06
1.624863000000000000e+06 1.625068000000000000e+06
1.625364000000000000e+06 1.625503000000000000e+06
1.626012000000000000e+06 1.626189000000000000e+06
1.626043000000000000e+06 1.626199000000000000e+06
1.628712000000000000e+06 1.628851000000000000e+06
1.628943000000000000e+06 1.629332000000000000e+06
1.631638000000000000e+06 1.631959000000000000e+06
1.632689000000000000e+06 1.632961000000000000e+06
1.633340000000000000e+06 1.633573000000000000e+06
1.634424000000000000e+06 1.634887000000000000e+06
1.634458000000000000e+06 1.634581000000000000e+06
1.634748000000000000e+06 1.634820000000000000e+06
1.635070000000000000e+06 1.635332000000000000e+06
1.636242000000000000e+06 1.636524000000000000e+06
1.636242000000000000e+06 1.636383000000000000e+06
1.636267000000000000e+06 1.636484000000000000e+06
1.637280000000000000e+06 1.637490000000000000e+06
1.637299000000000000e+06 1.637468000000000000e+06
1.637881000000000000e+06 1.638076000000000000e+06
1.638762000000000000e+06 1.638880000000000000e+06
1.639764000000000000e+06 1.639922000000000000e+06
1.639767000000000000e+06 1.639824000000000000e+06
1.639770000000000000e+06 1.640063000000000000e+06
1.639930000000000000e+06 1.640108000000000000e+06
1.640543000000000000e+06 1.640855000000000000e+06
1.640588000000000000e+06 1.640795000000000000e+06
1.641986000000000000e+06 1.642273000000000000e+06
1.642329000000000000e+06 1.642490000000000000e+06
1.642934000000000000e+06 1.643063000000000000e+06
1.647140000000000000e+06 1.647455000000000000e+06
1.647877000000000000e+06 1.648780000000000000e+06
1.647939000000000000e+06 1.648117000000000000e+06
1.648218000000000000e+06 1.648310000000000000e+06
1.648392000000000000e+06 1.648731000000000000e+06
1.649933000000000000e+06 1.650079000000000000e+06
1.649953000000000000e+06 1.650220000000000000e+06
1.650813000000000000e+06 1.651055000000000000e+06
1.651118000000000000e+06 1.651253000000000000e+06
1.652776000000000000e+06 1.652891000000000000e+06
1.655190000000000000e+06 1.655409000000000000e+06
1.655598000000000000e+06 1.655841000000000000e+06
1.656510000000000000e+06 1.656777000000000000e+06
1.657320000000000000e+06 1.657501000000000000e+06
1.657343000000000000e+06 1.657492000000000000e+06
1.657377000000000000e+06 1.657762000000000000e+06
1.657585000000000000e+06 1.657809000000000000e+06
1.659285000000000000e+06 1.659481000000000000e+06
1.659344000000000000e+06 1.659485000000000000e+06
1.660248000000000000e+06 1.660589000000000000e+06
1.661564000000000000e+06 1.661814000000000000e+06
1.661635000000000000e+06 1.661982000000000000e+06
1.661912000000000000e+06 1.662014000000000000e+06
1.662260000000000000e+06 1.662510000000000000e+06
1.663006000000000000e+06 1.663169000000000000e+06
1.663007000000000000e+06 1.663368000000000000e+06
1.663026000000000000e+06 1.663156000000000000e+06
1.663223000000000000e+06 1.663387000000000000e+06
1.664055000000000000e+06 1.664164000000000000e+06
1.664207000000000000e+06 1.664393000000000000e+06
1.664234000000000000e+06 1.664371000000000000e+06
1.665752000000000000e+06 1.666387000000000000e+06
1.665811000000000000e+06 1.666028000000000000e+06
1.666173000000000000e+06 1.666673000000000000e+06
1.667952000000000000e+06 1.668255000000000000e+06
1.667970000000000000e+06 1.668090000000000000e+06
1.668568000000000000e+06 1.668757000000000000e+06
1.669520000000000000e+06 1.669843000000000000e+06
1.671163000000000000e+06 1.671490000000000000e+06
1.673341000000000000e+06 1.673564000000000000e+06
1.675095000000000000e+06 1.675306000000000000e+06
1.676096000000000000e+06 1.676345000000000000e+06
1.676128000000000000e+06 1.676295000000000000e+06
1.676225000000000000e+06 1.676403000000000000e+06
1.678122000000000000e+06 1.678262000000000000e+06
1.683204000000000000e+06 1.683455000000000000e+06
1.688264000000000000e+06 1.688486000000000000e+06
1.688270000000000000e+06 1.688754000000000000e+06
1.689628000000000000e+06 1.689789000000000000e+06
1.689640000000000000e+06 1.690118000000000000e+06
1.689800000000000000e+06 1.690050000000000000e+06
1.690996000000000000e+06 1.691297000000000000e+06
1.691370000000000000e+06 1.691468000000000000e+06
1.691514000000000000e+06 1.691787000000000000e+06
1.692878000000000000e+06 1.693250000000000000e+06
1.692899000000000000e+06 1.693008000000000000e+06
1.693044000000000000e+06 1.693258000000000000e+06
1.697252000000000000e+06 1.697461000000000000e+06
1.697453000000000000e+06 1.697596000000000000e+06
1.698855000000000000e+06 1.699163000000000000e+06
1.698922000000000000e+06 1.699162000000000000e+06
1.699340000000000000e+06 1.699579000000000000e+06
1.701900000000000000e+06 1.702276000000000000e+06
1.701939000000000000e+06 1.702102000000000000e+06
1.701961000000000000e+06 1.702603000000000000e+06
1.702474000000000000e+06 1.702622000000000000e+06
1.703283000000000000e+06 1.703440000000000000e+06
1.703512000000000000e+06 1.703640000000000000e+06
1.703523000000000000e+06 1.703692000000000000e+06
1.705632000000000000e+06 1.706118000000000000e+06
1.705697000000000000e+06 1.706064000000000000e+06
1.707074000000000000e+06 1.707272000000000000e+06
1.707076000000000000e+06 1.707242000000000000e+06
1.708376000000000000e+06 1.708626000000000000e+06
1.708386000000000000e+06 1.708636000000000000e+06
1.709393000000000000e+06 1.709757000000000000e+06
1.709525000000000000e+06 1.709753000000000000e+06
1.712726000000000000e+06 1.713641000000000000e+06
1.713032000000000000e+06 1.713382000000000000e+06
1.716677000000000000e+06 1.716977000000000000e+06
1.717050000000000000e+06 1.717256000000000000e+06
1.717052000000000000e+06 1.717241000000000000e+06
1.717066000000000000e+06 1.717637000000000000e+06
1.717086000000000000e+06 1.717308000000000000e+06
1.719763000000000000e+06 1.719863000000000000e+06
1.719776000000000000e+06 1.719858000000000000e+06
1.719813000000000000e+06 1.720100000000000000e+06
1.719931000000000000e+06 1.720143000000000000e+06
1.719958000000000000e+06 1.720090000000000000e+06
1.725009000000000000e+06 1.725542000000000000e+06
1.725354000000000000e+06 1.725460000000000000e+06
1.725357000000000000e+06 1.725452000000000000e+06
1.726817000000000000e+06 1.726974000000000000e+06
1.728662000000000000e+06 1.728778000000000000e+06
1.728668000000000000e+06 1.728780000000000000e+06
1.730532000000000000e+06 1.730980000000000000e+06
1.730595000000000000e+06 1.730791000000000000e+06
1.730878000000000000e+06 1.731030000000000000e+06
1.731042000000000000e+06 1.731164000000000000e+06
1.731192000000000000e+06 1.731416000000000000e+06
1.731227000000000000e+06 1.731658000000000000e+06
1.731438000000000000e+06 1.731556000000000000e+06
1.731454000000000000e+06 1.731527000000000000e+06
1.736814000000000000e+06 1.737148000000000000e+06
1.737296000000000000e+06 1.737403000000000000e+06
1.739247000000000000e+06 1.739419000000000000e+06
1.741184000000000000e+06 1.741518000000000000e+06
1.741830000000000000e+06 1.741949000000000000e+06
1.743150000000000000e+06 1.743498000000000000e+06
1.743290000000000000e+06 1.743427000000000000e+06
1.743688000000000000e+06 1.743868000000000000e+06
1.743750000000000000e+06 1.743861000000000000e+06
1.744238000000000000e+06 1.744854000000000000e+06
1.744256000000000000e+06 1.744807000000000000e+06
1.744935000000000000e+06 1.745135000000000000e+06
1.746324000000000000e+06 1.746545000000000000e+06
1.747257000000000000e+06 1.747697000000000000e+06
1.747331000000000000e+06 1.747615000000000000e+06
1.750863000000000000e+06 1.751169000000000000e+06
1.751776000000000000e+06 1.752396000000000000e+06
1.751865000000000000e+06 1.752093000000000000e+06
1.752327000000000000e+06 1.752544000000000000e+06
1.756805000000000000e+06 1.756971000000000000e+06
1.756914000000000000e+06 1.757868000000000000e+06
1.757027000000000000e+06 1.757286000000000000e+06
1.757337000000000000e+06 1.757868000000000000e+06
1.757379000000000000e+06 1.757655000000000000e+06
1.759182000000000000e+06 1.759330000000000000e+06
1.759707000000000000e+06 1.759835000000000000e+06
1.760030000000000000e+06 1.760424000000000000e+06
1.760180000000000000e+06 1.760392000000000000e+06
1.761510000000000000e+06 1.761839000000000000e+06
1.761914000000000000e+06 1.762048000000000000e+06
1.762123000000000000e+06 1.762703000000000000e+06
1.762294000000000000e+06 1.762374000000000000e+06
1.762350000000000000e+06 1.762683000000000000e+06
1.762534000000000000e+06 1.762688000000000000e+06
1.770897000000000000e+06 1.771207000000000000e+06
1.775096000000000000e+06 1.775213000000000000e+06
1.775829000000000000e+06 1.776075000000000000e+06
1.775898000000000000e+06 1.776032000000000000e+06
1.775940000000000000e+06 1.776114000000000000e+06
1.776393000000000000e+06 1.776580000000000000e+06
1.776419000000000000e+06 1.776543000000000000e+06
1.777093000000000000e+06 1.777391000000000000e+06
1.780146000000000000e+06 1.780590000000000000e+06
1.780245000000000000e+06 1.780534000000000000e+06
1.781468000000000000e+06 1.781606000000000000e+06
1.781469000000000000e+06 1.781582000000000000e+06
1.785466000000000000e+06 1.785655000000000000e+06
1.787072000000000000e+06 1.787318000000000000e+06
1.787077000000000000e+06 1.787924000000000000e+06
1.787108000000000000e+06 1.787286000000000000e+06
1.788720000000000000e+06 1.789127000000000000e+06
1.788749000000000000e+06 1.789152000000000000e+06
1.788764000000000000e+06 1.789272000000000000e+06
1.788769000000000000e+06 1.788991000000000000e+06
1.791840000000000000e+06 1.792216000000000000e+06
1.795059000000000000e+06 1.795512000000000000e+06
1.795931000000000000e+06 1.796341000000000000e+06
1.798571000000000000e+06 1.798927000000000000e+06
1.813228000000000000e+06 1.813499000000000000e+06
1.813261000000000000e+06 1.813403000000000000e+06
1.813308000000000000e+06 1.814073000000000000e+06
1.814759000000000000e+06 1.814935000000000000e+06
1.814763000000000000e+06 1.814935000000000000e+06
1.815545000000000000e+06 1.815783000000000000e+06
1.817176000000000000e+06 1.817429000000000000e+06
1.817202000000000000e+06 1.817513000000000000e+06
1.817226000000000000e+06 1.817479000000000000e+06
1.820814000000000000e+06 1.821024000000000000e+06
1.820814000000000000e+06 1.821241000000000000e+06
1.821091000000000000e+06 1.821194000000000000e+06
1.821829000000000000e+06 1.822025000000000000e+06
1.821841000000000000e+06 1.822036000000000000e+06
1.824811000000000000e+06 1.824962000000000000e+06
1.827029000000000000e+06 1.827618000000000000e+06
1.827154000000000000e+06 1.827354000000000000e+06
1.827166000000000000e+06 1.827355000000000000e+06
1.827409000000000000e+06 1.827501000000000000e+06
1.841438000000000000e+06 1.841601000000000000e+06
1.841471000000000000e+06 1.841501000000000000e+06
1.841574000000000000e+06 1.841889000000000000e+06
1.854104000000000000e+06 1.854215000000000000e+06
1.854109000000000000e+06 1.854322000000000000e+06
1.856350000000000000e+06 1.856526000000000000e+06
1.873554000000000000e+06 1.873738000000000000e+06
1.873561000000000000e+06 1.873726000000000000e+06
1.885188000000000000e+06 1.885569000000000000e+06
1.887510000000000000e+06 1.887714000000000000e+06
1.887616000000000000e+06 1.887872000000000000e+06
1.887756000000000000e+06 1.887879000000000000e+06
1.888799000000000000e+06 1.888930000000000000e+06
1.890108000000000000e+06 1.890435000000000000e+06
1.891703000000000000e+06 1.892095000000000000e+06
1.891745000000000000e+06 1.891913000000000000e+06
1.894629000000000000e+06 1.894730000000000000e+06
1.926903000000000000e+06 1.927130000000000000e+06
1.941057000000000000e+06 1.941168000000000000e+06
1.941858000000000000e+06 1.942112000000000000e+06
2.276858000000000000e+06 2.276971000000000000e+06
2.322144000000000000e+06 2.322293000000000000e+06
2.322146000000000000e+06 2.322303000000000000e+06
2.341336000000000000e+06 2.341559000000000000e+06
2.341433000000000000e+06 2.341516000000000000e+06
2.360217000000000000e+06 2.360480000000000000e+06
2.360373000000000000e+06 2.361137000000000000e+06
2.360384000000000000e+06 2.360513000000000000e+06
2.360759000000000000e+06 2.360853000000000000e+06
2.360972000000000000e+06 2.361088000000000000e+06
2.361837000000000000e+06 2.361948000000000000e+06
2.381803000000000000e+06 2.382095000000000000e+06
2.381834000000000000e+06 2.381943000000000000e+06
2.382652000000000000e+06 2.382757000000000000e+06
2.385829000000000000e+06 2.385933000000000000e+06
2.388340000000000000e+06 2.388808000000000000e+06
2.388376000000000000e+06 2.388580000000000000e+06
2.388376000000000000e+06 2.388789000000000000e+06
2.388392000000000000e+06 2.388545000000000000e+06
2.388670000000000000e+06 2.388808000000000000e+06
2.388694000000000000e+06 2.388779000000000000e+06
2.389692000000000000e+06 2.389834000000000000e+06
2.390445000000000000e+06 2.390558000000000000e+06
2.412688000000000000e+06 2.412958000000000000e+06
2.412733000000000000e+06 2.412907000000000000e+06
2.423593000000000000e+06 2.423704000000000000e+06
2.423596000000000000e+06 2.423697000000000000e+06
2.425924000000000000e+06 2.426042000000000000e+06
2.495022000000000000e+06 2.495119000000000000e+06
2.495044000000000000e+06 2.495285000000000000e+06
2.496025000000000000e+06 2.496168000000000000e+06
2.496048000000000000e+06 2.496150000000000000e+06
2.496240000000000000e+06 2.496355000000000000e+06
2.496395000000000000e+06 2.496499000000000000e+06
2.497339000000000000e+06 2.497429000000000000e+06
2.497589000000000000e+06 2.497773000000000000e+06
2.497613000000000000e+06 2.497777000000000000e+06
2.504652000000000000e+06 2.504814000000000000e+06
2.775146000000000000e+06 2.775352000000000000e+06
2.776881000000000000e+06 2.777156000000000000e+06
2.780273000000000000e+06 2.780604000000000000e+06
2.786442000000000000e+06 2.786547000000000000e+06
2.799725000000000000e+06 2.800007000000000000e+06
2.804512000000000000e+06 2.804757000000000000e+06
2.804565000000000000e+06 2.804731000000000000e+06
2.806891000000000000e+06 2.807095000000000000e+06
2.808062000000000000e+06 2.808269000000000000e+06
2.808067000000000000e+06 2.808313000000000000e+06
2.812327000000000000e+06 2.812520000000000000e+06
2.812630000000000000e+06 2.812753000000000000e+06
2.816873000000000000e+06 2.817168000000000000e+06
2.816940000000000000e+06 2.817140000000000000e+06
2.835998000000000000e+06 2.836137000000000000e+06
2.838298000000000000e+06 2.838511000000000000e+06
2.838337000000000000e+06 2.838474000000000000e+06
2.839127000000000000e+06 2.839340000000000000e+06
2.854818000000000000e+06 2.855002000000000000e+06
2.854819000000000000e+06 2.854942000000000000e+06
2.862533000000000000e+06 2.862661000000000000e+06
2.863473000000000000e+06 2.863724000000000000e+06
2.863478000000000000e+06 2.863653000000000000e+06
2.874627000000000000e+06 2.874938000000000000e+06
2.874634000000000000e+06 2.874871000000000000e+06
2.875468000000000000e+06 2.875746000000000000e+06
2.876338000000000000e+06 2.876472000000000000e+06
2.876350000000000000e+06 2.876544000000000000e+06
2.877982000000000000e+06 2.878123000000000000e+06
2.878133000000000000e+06 2.878416000000000000e+06
2.878188000000000000e+06 2.878646000000000000e+06
2.878188000000000000e+06 2.878429000000000000e+06
2.879026000000000000e+06 2.879174000000000000e+06
2.879658000000000000e+06 2.879814000000000000e+06
2.879668000000000000e+06 2.879793000000000000e+06
2.879674000000000000e+06 2.880063000000000000e+06
2.881456000000000000e+06 2.881602000000000000e+06
2.889178000000000000e+06 2.889410000000000000e+06
2.889465000000000000e+06 2.889641000000000000e+06
2.890153000000000000e+06 2.890393000000000000e+06
2.890213000000000000e+06 2.890388000000000000e+06
2.892117000000000000e+06 2.892301000000000000e+06
2.892119000000000000e+06 2.892310000000000000e+06
2.893607000000000000e+06 2.893753000000000000e+06
2.893874000000000000e+06 2.894069000000000000e+06
2.898048000000000000e+06 2.898282000000000000e+06
2.898105000000000000e+06 2.898275000000000000e+06
2.899576000000000000e+06 2.899882000000000000e+06
2.899599000000000000e+06 2.899726000000000000e+06
2.899609000000000000e+06 2.899799000000000000e+06
2.900664000000000000e+06 2.900877000000000000e+06
2.900696000000000000e+06 2.900816000000000000e+06
2.900702000000000000e+06 2.900830000000000000e+06
2.904669000000000000e+06 2.905027000000000000e+06
2.904672000000000000e+06 2.904797000000000000e+06
2.904676000000000000e+06 2.904978000000000000e+06
2.907688000000000000e+06 2.907850000000000000e+06
2.908498000000000000e+06 2.908776000000000000e+06
2.908588000000000000e+06 2.908708000000000000e+06
2.911688000000000000e+06 2.912160000000000000e+06
2.911819000000000000e+06 2.911947000000000000e+06
2.913073000000000000e+06 2.913273000000000000e+06
2.914616000000000000e+06 2.914802000000000000e+06
2.914644000000000000e+06 2.914827000000000000e+06
2.915973000000000000e+06 2.916152000000000000e+06
2.918442000000000000e+06 2.918608000000000000e+06
2.923549000000000000e+06 2.923725000000000000e+06
2.923878000000000000e+06 2.924128000000000000e+06
2.924751000000000000e+06 2.925040000000000000e+06
2.926008000000000000e+06 2.926375000000000000e+06
2.926451000000000000e+06 2.926619000000000000e+06
2.927404000000000000e+06 2.927592000000000000e+06
2.927418000000000000e+06 2.927846000000000000e+06
2.931277000000000000e+06 2.931630000000000000e+06
2.932488000000000000e+06 2.932817000000000000e+06
2.932508000000000000e+06 2.932613000000000000e+06
2.932548000000000000e+06 2.932664000000000000e+06
2.933317000000000000e+06 2.933776000000000000e+06
2.933343000000000000e+06 2.933421000000000000e+06
2.933602000000000000e+06 2.933748000000000000e+06
2.933613000000000000e+06 2.933733000000000000e+06
2.937019000000000000e+06 2.937178000000000000e+06
2.937063000000000000e+06 2.937470000000000000e+06
2.937235000000000000e+06 2.937464000000000000e+06
2.938266000000000000e+06 2.938474000000000000e+06
2.938324000000000000e+06 2.938428000000000000e+06
2.938521000000000000e+06 2.938750000000000000e+06
2.938552000000000000e+06 2.938776000000000000e+06
2.939785000000000000e+06 2.939961000000000000e+06
2.939805000000000000e+06 2.939915000000000000e+06
2.942139000000000000e+06 2.942421000000000000e+06
2.942183000000000000e+06 2.942507000000000000e+06
2.960772000000000000e+06 2.960999000000000000e+06
2.961570000000000000e+06 2.961785000000000000e+06
2.962345000000000000e+06 2.962579000000000000e+06
2.962353000000000000e+06 2.962528000000000000e+06
2.963445000000000000e+06 2.963534000000000000e+06
2.964776000000000000e+06 2.964885000000000000e+06
2.965000000000000000e+06 2.965173000000000000e+06
2.965895000000000000e+06 2.966172000000000000e+06
2.965947000000000000e+06 2.966123000000000000e+06
2.967572000000000000e+06 2.967873000000000000e+06
2.972229000000000000e+06 2.972487000000000000e+06
2.974412000000000000e+06 2.974690000000000000e+06
2.974836000000000000e+06 2.974998000000000000e+06
2.975660000000000000e+06 2.975868000000000000e+06
2.977947000000000000e+06 2.978260000000000000e+06
2.978987000000000000e+06 2.979193000000000000e+06
2.979789000000000000e+06 2.980118000000000000e+06
2.979804000000000000e+06 2.980083000000000000e+06
2.990019000000000000e+06 2.990197000000000000e+06
2.990273000000000000e+06 2.990395000000000000e+06
2.990291000000000000e+06 2.990416000000000000e+06
2.992195000000000000e+06 2.992440000000000000e+06
2.994790000000000000e+06 2.994908000000000000e+06
2.995551000000000000e+06 2.995779000000000000e+06
2.998757000000000000e+06 2.998956000000000000e+06
3.010066000000000000e+06 3.010194000000000000e+06
3.010641000000000000e+06 3.010802000000000000e+06
3.010658000000000000e+06 3.010827000000000000e+06
3.010662000000000000e+06 3.010814000000000000e+06
3.010683000000000000e+06 3.011063000000000000e+06
3.010868000000000000e+06 3.010987000000000000e+06
3.010901000000000000e+06 3.010993000000000000e+06
3.013905000000000000e+06 3.014175000000000000e+06
3.014893000000000000e+06 3.015149000000000000e+06
3.015244000000000000e+06 3.015449000000000000e+06
3.015933000000000000e+06 3.016100000000000000e+06
3.016725000000000000e+06 3.017090000000000000e+06
3.016835000000000000e+06 3.017069000000000000e+06
3.018947000000000000e+06 3.019405000000000000e+06
3.018961000000000000e+06 3.019139000000000000e+06
3.021220000000000000e+06 3.021715000000000000e+06
3.021221000000000000e+06 3.021420000000000000e+06
3.021482000000000000e+06 3.021639000000000000e+06
3.021486000000000000e+06 3.021623000000000000e+06
3.029698000000000000e+06 3.029830000000000000e+06
3.029771000000000000e+06 3.030248000000000000e+06
3.030096000000000000e+06 3.030207000000000000e+06
3.031577000000000000e+06 3.031697000000000000e+06
3.031630000000000000e+06 3.031751000000000000e+06
3.031768000000000000e+06 3.032094000000000000e+06
3.032815000000000000e+06 3.033067000000000000e+06
3.032822000000000000e+06 3.033049000000000000e+06
3.033785000000000000e+06 3.034146000000000000e+06
3.033962000000000000e+06 3.034085000000000000e+06
3.034794000000000000e+06 3.035146000000000000e+06
3.034917000000000000e+06 3.035089000000000000e+06
3.035688000000000000e+06 3.035979000000000000e+06
3.035738000000000000e+06 3.035868000000000000e+06
3.036373000000000000e+06 3.036641000000000000e+06
3.036415000000000000e+06 3.036529000000000000e+06
3.037307000000000000e+06 3.037413000000000000e+06
3.041415000000000000e+06 3.041685000000000000e+06
3.043095000000000000e+06 3.043373000000000000e+06
3.043942000000000000e+06 3.044433000000000000e+06
3.044002000000000000e+06 3.044163000000000000e+06
3.045438000000000000e+06 3.045610000000000000e+06
3.045452000000000000e+06 3.045859000000000000e+06
3.045668000000000000e+06 3.045805000000000000e+06
3.048752000000000000e+06 3.049174000000000000e+06
3.048766000000000000e+06 3.048978000000000000e+06
3.048794000000000000e+06 3.049044000000000000e+06
3.049073000000000000e+06 3.049219000000000000e+06
3.049855000000000000e+06 3.050119000000000000e+06
3.049890000000000000e+06 3.050135000000000000e+06
3.051716000000000000e+06 3.051900000000000000e+06
3.052243000000000000e+06 3.052470000000000000e+06
3.052264000000000000e+06 3.052535000000000000e+06
3.052325000000000000e+06 3.052485000000000000e+06
3.052933000000000000e+06 3.053104000000000000e+06
3.053409000000000000e+06 3.053520000000000000e+06
3.053414000000000000e+06 3.053547000000000000e+06
3.057789000000000000e+06 3.058035000000000000e+06
3.057861000000000000e+06 3.058019000000000000e+06
3.059173000000000000e+06 3.059282000000000000e+06
3.060470000000000000e+06 3.060607000000000000e+06
3.060644000000000000e+06 3.060833000000000000e+06
3.062885000000000000e+06 3.063039000000000000e+06
3.062887000000000000e+06 3.063141000000000000e+06
3.068230000000000000e+06 3.068731000000000000e+06
3.072366000000000000e+06 3.072513000000000000e+06
3.073461000000000000e+06 3.073845000000000000e+06
3.073494000000000000e+06 3.073790000000000000e+06
3.074155000000000000e+06 3.074419000000000000e+06
3.074241000000000000e+06 3.074369000000000000e+06
3.075115000000000000e+06 3.075272000000000000e+06
3.077719000000000000e+06 3.077986000000000000e+06
3.080421000000000000e+06 3.080629000000000000e+06
3.080444000000000000e+06 3.080819000000000000e+06
3.080717000000000000e+06 3.080780000000000000e+06
3.084067000000000000e+06 3.084563000000000000e+06
3.084111000000000000e+06 3.084372000000000000e+06
3.084154000000000000e+06 3.084310000000000000e+06
3.084469000000000000e+06 3.084626000000000000e+06
3.085738000000000000e+06 3.085916000000000000e+06
3.085781000000000000e+06 3.085911000000000000e+06
3.085782000000000000e+06 3.085897000000000000e+06
3.086266000000000000e+06 3.086609000000000000e+06
3.086375000000000000e+06 3.086531000000000000e+06
3.088100000000000000e+06 3.088238000000000000e+06
3.088390000000000000e+06 3.088643000000000000e+06
3.089693000000000000e+06 3.089871000000000000e+06
3.090945000000000000e+06 3.091172000000000000e+06
3.090947000000000000e+06 3.091220000000000000e+06
3.091752000000000000e+06 3.092095000000000000e+06
3.091833000000000000e+06 3.092063000000000000e+06
3.093840000000000000e+06 3.094303000000000000e+06
3.093983000000000000e+06 3.094236000000000000e+06
3.096078000000000000e+06 3.096223000000000000e+06
3.096294000000000000e+06 3.096527000000000000e+06
3.096775000000000000e+06 3.096801000000000000e+06
3.097081000000000000e+06 3.097276000000000000e+06
3.097088000000000000e+06 3.097196000000000000e+06
3.098114000000000000e+06 3.098493000000000000e+06
3.098275000000000000e+06 3.098414000000000000e+06
3.100447000000000000e+06 3.100646000000000000e+06
3.102170000000000000e+06 3.102307000000000000e+06
3.103021000000000000e+06 3.103160000000000000e+06
3.106210000000000000e+06 3.106475000000000000e+06
3.107906000000000000e+06 3.108170000000000000e+06
3.110116000000000000e+06 3.110283000000000000e+06
3.110651000000000000e+06 3.110734000000000000e+06
3.110847000000000000e+06 3.110951000000000000e+06
3.111048000000000000e+06 3.111206000000000000e+06
3.111571000000000000e+06 3.111747000000000000e+06
3.112637000000000000e+06 3.112837000000000000e+06
3.114956000000000000e+06 3.115173000000000000e+06
3.115960000000000000e+06 3.116074000000000000e+06
3.116396000000000000e+06 3.116752000000000000e+06
3.116407000000000000e+06 3.116658000000000000e+06
3.116409000000000000e+06 3.116518000000000000e+06
3.116594000000000000e+06 3.116683000000000000e+06
3.126232000000000000e+06 3.126332000000000000e+06
3.126560000000000000e+06 3.126959000000000000e+06
3.127968000000000000e+06 3.128174000000000000e+06
3.129100000000000000e+06 3.129244000000000000e+06
3.129319000000000000e+06 3.129429000000000000e+06
3.129327000000000000e+06 3.129457000000000000e+06
3.129778000000000000e+06 3.129936000000000000e+06
3.129779000000000000e+06 3.129907000000000000e+06
3.138489000000000000e+06 3.138681000000000000e+06
3.146253000000000000e+06 3.146393000000000000e+06
3.148359000000000000e+06 3.148503000000000000e+06
3.148374000000000000e+06 3.148495000000000000e+06
3.149502000000000000e+06 3.149887000000000000e+06
3.149515000000000000e+06 3.149764000000000000e+06
3.149709000000000000e+06 3.149867000000000000e+06
3.151547000000000000e+06 3.151670000000000000e+06
3.154257000000000000e+06 3.154475000000000000e+06
3.154988000000000000e+06 3.155200000000000000e+06
3.154989000000000000e+06 3.155254000000000000e+06
3.156081000000000000e+06 3.156294000000000000e+06
3.162257000000000000e+06 3.162479000000000000e+06
3.162988000000000000e+06 3.163257000000000000e+06
3.164508000000000000e+06 3.164742000000000000e+06
3.165539000000000000e+06 3.165859000000000000e+06
3.165555000000000000e+06 3.165677000000000000e+06
3.165693000000000000e+06 3.165823000000000000e+06
3.166600000000000000e+06 3.166738000000000000e+06
3.167479000000000000e+06 3.167808000000000000e+06
3.167545000000000000e+06 3.167665000000000000e+06
3.168572000000000000e+06 3.168831000000000000e+06
3.171143000000000000e+06 3.171265000000000000e+06
3.171375000000000000e+06 3.171568000000000000e+06
3.171743000000000000e+06 3.171916000000000000e+06
3.172243000000000000e+06 3.172683000000000000e+06
3.172304000000000000e+06 3.172560000000000000e+06
3.172349000000000000e+06 3.172506000000000000e+06
3.174945000000000000e+06 3.175289000000000000e+06
3.175725000000000000e+06 3.175956000000000000e+06
3.175740000000000000e+06 3.175876000000000000e+06
3.177133000000000000e+06 3.177370000000000000e+06
3.177210000000000000e+06 3.177362000000000000e+06
3.178434000000000000e+06 3.178589000000000000e+06
3.180355000000000000e+06 3.180513000000000000e+06
3.184628000000000000e+06 3.184826000000000000e+06
3.186410000000000000e+06 3.186729000000000000e+06
3.186456000000000000e+06 3.186652000000000000e+06
3.187417000000000000e+06 3.187685000000000000e+06
3.188755000000000000e+06 3.189028000000000000e+06
3.188771000000000000e+06 3.189081000000000000e+06
3.194802000000000000e+06 3.194906000000000000e+06
3.194803000000000000e+06 3.194906000000000000e+06
3.194998000000000000e+06 3.195112000000000000e+06
3.203952000000000000e+06 3.204396000000000000e+06
3.205149000000000000e+06 3.205321000000000000e+06
3.208224000000000000e+06 3.208640000000000000e+06
3.208505000000000000e+06 3.208702000000000000e+06
3.210076000000000000e+06 3.210627000000000000e+06
3.210476000000000000e+06 3.210591000000000000e+06
3.211113000000000000e+06 3.211220000000000000e+06
3.212711000000000000e+06 3.212868000000000000e+06
3.225572000000000000e+06 3.226007000000000000e+06
3.225681000000000000e+06 3.225905000000000000e+06
3.229862000000000000e+06 3.229987000000000000e+06
3.231340000000000000e+06 3.231600000000000000e+06
3.232103000000000000e+06 3.232325000000000000e+06
3.232146000000000000e+06 3.232563000000000000e+06
3.232166000000000000e+06 3.232346000000000000e+06
3.232411000000000000e+06 3.232561000000000000e+06
3.232416000000000000e+06 3.232575000000000000e+06
3.232702000000000000e+06 3.232826000000000000e+06
3.232710000000000000e+06 3.232839000000000000e+06
3.232748000000000000e+06 3.233183000000000000e+06
3.232962000000000000e+06 3.233148000000000000e+06
3.232980000000000000e+06 3.233060000000000000e+06
3.250350000000000000e+06 3.250646000000000000e+06
3.250405000000000000e+06 3.250507000000000000e+06
3.254258000000000000e+06 3.254462000000000000e+06
3.254285000000000000e+06 3.254535000000000000e+06
3.261419000000000000e+06 3.261530000000000000e+06
3.261589000000000000e+06 3.261724000000000000e+06
3.261819000000000000e+06 3.261991000000000000e+06
3.261872000000000000e+06 3.262006000000000000e+06
3.270008000000000000e+06 3.270210000000000000e+06
3.270249000000000000e+06 3.270338000000000000e+06
3.270283000000000000e+06 3.270448000000000000e+06
3.271141000000000000e+06 3.271273000000000000e+06
3.272598000000000000e+06 3.272731000000000000e+06
3.277315000000000000e+06 3.277423000000000000e+06
3.285229000000000000e+06 3.285433000000000000e+06
3.285271000000000000e+06 3.285678000000000000e+06
3.285293000000000000e+06 3.285441000000000000e+06
3.285978000000000000e+06 3.286122000000000000e+06
3.286021000000000000e+06 3.286294000000000000e+06
3.290993000000000000e+06 3.291210000000000000e+06
3.318444000000000000e+06 3.318572000000000000e+06
3.318630000000000000e+06 3.318766000000000000e+06
3.320341000000000000e+06 3.320481000000000000e+06
3.321349000000000000e+06 3.321649000000000000e+06
3.322545000000000000e+06 3.322719000000000000e+06
3.322798000000000000e+06 3.323027000000000000e+06
3.322807000000000000e+06 3.323022000000000000e+06
3.330994000000000000e+06 3.331106000000000000e+06
3.331154000000000000e+06 3.331302000000000000e+06
3.336624000000000000e+06 3.336773000000000000e+06
3.337625000000000000e+06 3.338051000000000000e+06
3.337694000000000000e+06 3.338006000000000000e+06
3.340437000000000000e+06 3.340606000000000000e+06
3.341465000000000000e+06 3.341720000000000000e+06
3.344950000000000000e+06 3.345202000000000000e+06
3.345088000000000000e+06 3.345266000000000000e+06
3.351632000000000000e+06 3.352076000000000000e+06
3.351637000000000000e+06 3.351808000000000000e+06
3.351882000000000000e+06 3.352024000000000000e+06
3.352188000000000000e+06 3.352340000000000000e+06
3.352192000000000000e+06 3.352396000000000000e+06
3.354012000000000000e+06 3.354391000000000000e+06
3.354109000000000000e+06 3.354263000000000000e+06
3.359007000000000000e+06 3.359396000000000000e+06
3.359022000000000000e+06 3.359315000000000000e+06
3.363431000000000000e+06 3.363621000000000000e+06
3.363435000000000000e+06 3.363620000000000000e+06
3.364535000000000000e+06 3.364839000000000000e+06
3.367148000000000000e+06 3.367452000000000000e+06
3.369974000000000000e+06 3.370087000000000000e+06
3.374854000000000000e+06 3.375123000000000000e+06
3.375004000000000000e+06 3.375110000000000000e+06
3.377199000000000000e+06 3.377370000000000000e+06
3.379053000000000000e+06 3.379257000000000000e+06
3.382456000000000000e+06 3.382697000000000000e+06
3.382462000000000000e+06 3.382773000000000000e+06
3.382512000000000000e+06 3.382712000000000000e+06
3.383563000000000000e+06 3.383735000000000000e+06
3.384614000000000000e+06 3.385150000000000000e+06
3.384791000000000000e+06 3.385092000000000000e+06
3.398593000000000000e+06 3.398748000000000000e+06
3.398627000000000000e+06 3.398759000000000000e+06
3.401068000000000000e+06 3.401319000000000000e+06
3.402641000000000000e+06 3.403072000000000000e+06
3.402685000000000000e+06 3.402925000000000000e+06
3.402800000000000000e+06 3.402944000000000000e+06
3.402831000000000000e+06 3.402968000000000000e+06
3.403302000000000000e+06 3.403649000000000000e+06
3.403360000000000000e+06 3.403478000000000000e+06
3.403390000000000000e+06 3.403479000000000000e+06
3.403405000000000000e+06 3.403660000000000000e+06
3.403518000000000000e+06 3.403627000000000000e+06
3.404090000000000000e+06 3.404303000000000000e+06
3.404096000000000000e+06 3.404264000000000000e+06
3.405419000000000000e+06 3.405693000000000000e+06
3.405461000000000000e+06 3.405859000000000000e+06
3.405540000000000000e+06 3.405693000000000000e+06
3.406461000000000000e+06 3.406822000000000000e+06
3.406635000000000000e+06 3.406729000000000000e+06
3.407400000000000000e+06 3.407887000000000000e+06
3.407439000000000000e+06 3.407665000000000000e+06
3.409646000000000000e+06 3.409873000000000000e+06
3.409654000000000000e+06 3.409846000000000000e+06
3.410576000000000000e+06 3.410919000000000000e+06
3.410729000000000000e+06 3.410854000000000000e+06
3.410745000000000000e+06 3.410857000000000000e+06
3.411855000000000000e+06 3.412015000000000000e+06
3.411896000000000000e+06 3.412006000000000000e+06
3.418748000000000000e+06 3.418900000000000000e+06
3.421035000000000000e+06 3.421287000000000000e+06
3.421081000000000000e+06 3.421433000000000000e+06
3.425113000000000000e+06 3.425320000000000000e+06
3.427325000000000000e+06 3.427626000000000000e+06
3.427380000000000000e+06 3.427510000000000000e+06
3.427384000000000000e+06 3.427540000000000000e+06
3.429098000000000000e+06 3.429291000000000000e+06
3.429488000000000000e+06 3.429683000000000000e+06
3.430137000000000000e+06 3.430403000000000000e+06
3.432692000000000000e+06 3.433072000000000000e+06
3.432760000000000000e+06 3.432950000000000000e+06
3.432822000000000000e+06 3.432992000000000000e+06
3.433380000000000000e+06 3.433579000000000000e+06
3.433382000000000000e+06 3.433669000000000000e+06
3.433407000000000000e+06 3.433513000000000000e+06
3.434467000000000000e+06 3.434575000000000000e+06
3.434498000000000000e+06 3.434593000000000000e+06
3.434675000000000000e+06 3.434881000000000000e+06
3.435520000000000000e+06 3.435676000000000000e+06
3.438862000000000000e+06 3.439001000000000000e+06
3.441609000000000000e+06 3.441739000000000000e+06
3.443767000000000000e+06 3.443892000000000000e+06
3.444654000000000000e+06 3.444972000000000000e+06
3.444744000000000000e+06 3.444917000000000000e+06
3.447146000000000000e+06 3.447683000000000000e+06
3.447348000000000000e+06 3.447471000000000000e+06
3.458916000000000000e+06 3.459131000000000000e+06
3.458919000000000000e+06 3.459387000000000000e+06
3.462222000000000000e+06 3.462397000000000000e+06
3.462253000000000000e+06 3.462381000000000000e+06
3.471979000000000000e+06 3.472313000000000000e+06
3.472020000000000000e+06 3.472206000000000000e+06
3.473989000000000000e+06 3.474386000000000000e+06
3.474837000000000000e+06 3.474944000000000000e+06
3.482531000000000000e+06 3.482846000000000000e+06
3.486245000000000000e+06 3.486410000000000000e+06
3.489521000000000000e+06 3.489686000000000000e+06
3.491313000000000000e+06 3.491387000000000000e+06
3.492534000000000000e+06 3.492696000000000000e+06
3.498122000000000000e+06 3.498224000000000000e+06
3.503827000000000000e+06 3.504079000000000000e+06
3.506421000000000000e+06 3.506579000000000000e+06
3.508309000000000000e+06 3.508533000000000000e+06
3.509516000000000000e+06 3.509905000000000000e+06
3.509631000000000000e+06 3.509845000000000000e+06
3.511863000000000000e+06 3.512052000000000000e+06
3.511868000000000000e+06 3.512169000000000000e+06
3.512682000000000000e+06 3.512836000000000000e+06
3.512694000000000000e+06 3.512848000000000000e+06
3.516340000000000000e+06 3.516677000000000000e+06
3.520607000000000000e+06 3.520757000000000000e+06
3.529692000000000000e+06 3.529941000000000000e+06
3.537254000000000000e+06 3.537404000000000000e+06
3.539557000000000000e+06 3.539771000000000000e+06
3.540362000000000000e+06 3.540511000000000000e+06
3.542558000000000000e+06 3.542873000000000000e+06
3.542583000000000000e+06 3.542707000000000000e+06
3.548350000000000000e+06 3.548567000000000000e+06
3.551998000000000000e+06 3.552098000000000000e+06
5.056044000000000000e+06 5.056161000000000000e+06
5.056656000000000000e+06 5.056965000000000000e+06
5.058682000000000000e+06 5.058811000000000000e+06
5.058738000000000000e+06 5.059053000000000000e+06
5.058836000000000000e+06 5.059011000000000000e+06
5.058873000000000000e+06 5.059009000000000000e+06
5.061750000000000000e+06 5.062058000000000000e+06
5.061803000000000000e+06 5.062010000000000000e+06
5.063912000000000000e+06 5.064204000000000000e+06
5.063939000000000000e+06 5.064230000000000000e+06
5.064643000000000000e+06 5.065086000000000000e+06
5.064664000000000000e+06 5.065109000000000000e+06
5.064674000000000000e+06 5.064778000000000000e+06
5.064834000000000000e+06 5.064984000000000000e+06
5.075920000000000000e+06 5.076098000000000000e+06
5.076241000000000000e+06 5.076480000000000000e+06
5.077510000000000000e+06 5.077663000000000000e+06
5.078379000000000000e+06 5.078568000000000000e+06
5.078381000000000000e+06 5.078563000000000000e+06
5.078599000000000000e+06 5.078717000000000000e+06
5.078615000000000000e+06 5.079001000000000000e+06
5.081874000000000000e+06 5.082041000000000000e+06
5.084392000000000000e+06 5.084586000000000000e+06
5.085262000000000000e+06 5.085650000000000000e+06
5.085330000000000000e+06 5.085569000000000000e+06
5.086288000000000000e+06 5.086514000000000000e+06
5.087253000000000000e+06 5.087509000000000000e+06
5.087565000000000000e+06 5.087733000000000000e+06
5.088705000000000000e+06 5.088822000000000000e+06
5.095504000000000000e+06 5.095623000000000000e+06
5.095614000000000000e+06 5.096049000000000000e+06
5.095735000000000000e+06 5.095918000000000000e+06
5.098336000000000000e+06 5.098477000000000000e+06
5.098993000000000000e+06 5.099124000000000000e+06
5.099001000000000000e+06 5.099122000000000000e+06
5.100413000000000000e+06 5.100713000000000000e+06
5.100553000000000000e+06 5.100850000000000000e+06
5.100583000000000000e+06 5.100705000000000000e+06
5.101565000000000000e+06 5.101747000000000000e+06
5.106674000000000000e+06 5.106888000000000000e+06
5.106720000000000000e+06 5.106928000000000000e+06
5.107859000000000000e+06 5.107983000000000000e+06
5.108984000000000000e+06 5.109262000000000000e+06
5.109063000000000000e+06 5.109240000000000000e+06
5.109763000000000000e+06 5.109904000000000000e+06
5.110762000000000000e+06 5.111090000000000000e+06
5.110915000000000000e+06 5.111040000000000000e+06
5.111369000000000000e+06 5.111640000000000000e+06
5.114249000000000000e+06 5.114366000000000000e+06
5.122783000000000000e+06 5.122922000000000000e+06
5.126813000000000000e+06 5.127271000000000000e+06
5.126880000000000000e+06 5.127087000000000000e+06
5.127146000000000000e+06 5.127690000000000000e+06
5.127465000000000000e+06 5.127762000000000000e+06
5.127482000000000000e+06 5.127694000000000000e+06
5.128771000000000000e+06 5.129198000000000000e+06
5.128790000000000000e+06 5.129030000000000000e+06
5.128841000000000000e+06 5.129004000000000000e+06
5.129043000000000000e+06 5.129116000000000000e+06
5.131579000000000000e+06 5.131790000000000000e+06
5.132034000000000000e+06 5.132178000000000000e+06
5.132052000000000000e+06 5.132164000000000000e+06
5.138004000000000000e+06 5.138112000000000000e+06
5.138007000000000000e+06 5.138336000000000000e+06
5.138152000000000000e+06 5.138444000000000000e+06
5.140178000000000000e+06 5.140332000000000000e+06
5.140796000000000000e+06 5.140930000000000000e+06
5.140980000000000000e+06 5.141098000000000000e+06
5.143803000000000000e+06 5.143998000000000000e+06
5.144514000000000000e+06 5.144809000000000000e+06
5.145615000000000000e+06 5.145751000000000000e+06
5.145702000000000000e+06 5.146035000000000000e+06
5.146540000000000000e+06 5.146857000000000000e+06
5.147146000000000000e+06 5.147502000000000000e+06
5.148831000000000000e+06 5.149026000000000000e+06
5.150313000000000000e+06 5.150563000000000000e+06
5.150349000000000000e+06 5.150553000000000000e+06
5.151294000000000000e+06 5.151526000000000000e+06
5.152976000000000000e+06 5.153099000000000000e+06
5.154739000000000000e+06 5.155306000000000000e+06
5.154911000000000000e+06 5.155089000000000000e+06
5.167663000000000000e+06 5.167881000000000000e+06
5.168683000000000000e+06 5.168952000000000000e+06
5.168798000000000000e+06 5.168931000000000000e+06
5.169360000000000000e+06 5.169649000000000000e+06
5.169368000000000000e+06 5.169757000000000000e+06
5.169968000000000000e+06 5.170096000000000000e+06
5.169996000000000000e+06 5.170124000000000000e+06
5.170021000000000000e+06 5.170387000000000000e+06
5.170162000000000000e+06 5.170461000000000000e+06
5.183489000000000000e+06 5.183651000000000000e+06
5.183705000000000000e+06 5.183886000000000000e+06
5.185709000000000000e+06 5.185889000000000000e+06
5.185757000000000000e+06 5.186322000000000000e+06
5.185980000000000000e+06 5.186076000000000000e+06
5.186169000000000000e+06 5.186324000000000000e+06
5.186190000000000000e+06 5.186297000000000000e+06
5.186732000000000000e+06 5.186914000000000000e+06
5.187006000000000000e+06 5.187291000000000000e+06
5.193689000000000000e+06 5.193792000000000000e+06
5.196196000000000000e+06 5.196330000000000000e+06
5.197696000000000000e+06 5.198000000000000000e+06
5.199813000000000000e+06 5.200276000000000000e+06
5.200009000000000000e+06 5.200275000000000000e+06
5.201693000000000000e+06 5.201985000000000000e+06
5.201726000000000000e+06 5.201809000000000000e+06
5.201752000000000000e+06 5.201995000000000000e+06
5.208652000000000000e+06 5.209142000000000000e+06
5.208721000000000000e+06 5.208865000000000000e+06
5.208898000000000000e+06 5.209311000000000000e+06
5.209045000000000000e+06 5.209150000000000000e+06
5.210850000000000000e+06 5.211100000000000000e+06
5.214718000000000000e+06 5.214902000000000000e+06
5.214749000000000000e+06 5.214873000000000000e+06
5.215508000000000000e+06 5.216077000000000000e+06
5.215739000000000000e+06 5.215848000000000000e+06
5.216948000000000000e+06 5.217545000000000000e+06
5.217182000000000000e+06 5.217466000000000000e+06
5.217744000000000000e+06 5.217936000000000000e+06
5.218328000000000000e+06 5.218479000000000000e+06
5.218331000000000000e+06 5.218459000000000000e+06
5.218488000000000000e+06 5.218575000000000000e+06
5.220230000000000000e+06 5.220902000000000000e+06
5.220243000000000000e+06 5.220488000000000000e+06
5.220750000000000000e+06 5.220906000000000000e+06
5.220750000000000000e+06 5.220924000000000000e+06
5.222573000000000000e+06 5.223193000000000000e+06
5.222644000000000000e+06 5.222904000000000000e+06
5.222673000000000000e+06 5.223021000000000000e+06
5.224003000000000000e+06 5.224257000000000000e+06
5.224200000000000000e+06 5.224340000000000000e+06
5.224202000000000000e+06 5.224318000000000000e+06
5.226902000000000000e+06 5.227318000000000000e+06
5.226946000000000000e+06 5.227041000000000000e+06
5.226953000000000000e+06 5.227227000000000000e+06
5.227079000000000000e+06 5.227228000000000000e+06
5.227112000000000000e+06 5.227216000000000000e+06
5.228518000000000000e+06 5.228608000000000000e+06
5.228526000000000000e+06 5.228681000000000000e+06
5.229319000000000000e+06 5.229478000000000000e+06
5.231242000000000000e+06 5.231479000000000000e+06
5.231554000000000000e+06 5.231661000000000000e+06
5.232256000000000000e+06 5.232536000000000000e+06
5.232268000000000000e+06 5.232370000000000000e+06
5.233691000000000000e+06 5.233834000000000000e+06
5.234582000000000000e+06 5.234920000000000000e+06
5.234641000000000000e+06 5.234716000000000000e+06
5.234794000000000000e+06 5.234875000000000000e+06
5.234834000000000000e+06 5.234965000000000000e+06
5.244040000000000000e+06 5.244476000000000000e+06
5.244299000000000000e+06 5.244427000000000000e+06
5.244781000000000000e+06 5.245198000000000000e+06
5.244872000000000000e+06 5.245134000000000000e+06
5.247396000000000000e+06 5.247654000000000000e+06
5.247423000000000000e+06 5.247550000000000000e+06
5.249774000000000000e+06 5.249883000000000000e+06
5.249940000000000000e+06 5.250117000000000000e+06
5.250160000000000000e+06 5.250299000000000000e+06
5.255777000000000000e+06 5.256000000000000000e+06
5.259137000000000000e+06 5.259560000000000000e+06
5.259142000000000000e+06 5.259642000000000000e+06
5.259145000000000000e+06 5.260033000000000000e+06
5.259168000000000000e+06 5.259386000000000000e+06
5.259407000000000000e+06 5.259610000000000000e+06
5.269656000000000000e+06 5.269676000000000000e+06
5.269659000000000000e+06 5.269845000000000000e+06
5.269676000000000000e+06 5.269849000000000000e+06
5.269682000000000000e+06 5.269844000000000000e+06
5.273102000000000000e+06 5.273287000000000000e+06
5.276119000000000000e+06 5.276252000000000000e+06
5.276126000000000000e+06 5.276251000000000000e+06
5.276134000000000000e+06 5.276329000000000000e+06
5.282480000000000000e+06 5.282625000000000000e+06
5.282494000000000000e+06 5.282679000000000000e+06
5.284314000000000000e+06 5.284699000000000000e+06
5.284550000000000000e+06 5.284721000000000000e+06
5.285059000000000000e+06 5.285342000000000000e+06
5.285124000000000000e+06 5.285429000000000000e+06
5.285862000000000000e+06 5.285973000000000000e+06
5.285864000000000000e+06 5.286091000000000000e+06
5.286008000000000000e+06 5.286132000000000000e+06
5.291199000000000000e+06 5.291303000000000000e+06
5.291220000000000000e+06 5.291474000000000000e+06
5.293760000000000000e+06 5.294029000000000000e+06
5.293815000000000000e+06 5.294002000000000000e+06
5.295272000000000000e+06 5.295436000000000000e+06
5.295285000000000000e+06 5.295453000000000000e+06
5.296265000000000000e+06 5.296367000000000000e+06
5.298049000000000000e+06 5.298282000000000000e+06
5.298152000000000000e+06 5.298299000000000000e+06
5.298214000000000000e+06 5.298256000000000000e+06
5.305684000000000000e+06 5.305823000000000000e+06
5.305728000000000000e+06 5.305970000000000000e+06
5.307155000000000000e+06 5.307586000000000000e+06
5.307360000000000000e+06 5.307588000000000000e+06
5.309943000000000000e+06 5.310121000000000000e+06
5.309979000000000000e+06 5.310407000000000000e+06
5.328404000000000000e+06 5.328667000000000000e+06
5.328513000000000000e+06 5.328707000000000000e+06
5.328516000000000000e+06 5.328694000000000000e+06
5.330069000000000000e+06 5.330289000000000000e+06
5.330082000000000000e+06 5.330234000000000000e+06
5.330894000000000000e+06 5.331138000000000000e+06
5.330904000000000000e+06 5.331115000000000000e+06
5.330970000000000000e+06 5.331143000000000000e+06
5.341690000000000000e+06 5.341940000000000000e+06
5.341718000000000000e+06 5.341831000000000000e+06
5.341741000000000000e+06 5.341947000000000000e+06
5.349674000000000000e+06 5.349790000000000000e+06
5.349818000000000000e+06 5.349946000000000000e+06
5.356525000000000000e+06 5.356634000000000000e+06
5.366011000000000000e+06 5.366137000000000000e+06
5.366893000000000000e+06 5.367213000000000000e+06
5.366906000000000000e+06 5.367188000000000000e+06
5.366926000000000000e+06 5.367098000000000000e+06
5.366929000000000000e+06 5.367044000000000000e+06
5.407194000000000000e+06 5.407407000000000000e+06
5.407206000000000000e+06 5.407402000000000000e+06
5.431373000000000000e+06 5.431507000000000000e+06
5.431377000000000000e+06 5.431695000000000000e+06
5.432272000000000000e+06 5.432480000000000000e+06
5.432929000000000000e+06 5.433346000000000000e+06
5.432949000000000000e+06 5.433344000000000000e+06
5.444867000000000000e+06 5.444987000000000000e+06
5.444873000000000000e+06 5.444980000000000000e+06
5.447839000000000000e+06 5.448009000000000000e+06
5.461762000000000000e+06 5.461949000000000000e+06
5.491331000000000000e+06 5.491467000000000000e+06
5.494451000000000000e+06 5.494597000000000000e+06
5.532737000000000000e+06 5.532828000000000000e+06
5.532754000000000000e+06 5.532891000000000000e+06
5.533821000000000000e+06 5.534274000000000000e+06
5.533855000000000000e+06 5.534212000000000000e+06
5.533863000000000000e+06 5.533943000000000000e+06
5.534039000000000000e+06 5.534206000000000000e+06
5.536329000000000000e+06 5.536620000000000000e+06
5.536398000000000000e+06 5.536480000000000000e+06
5.536639000000000000e+06 5.536747000000000000e+06
5.551042000000000000e+06 5.551153000000000000e+06
5.571204000000000000e+06 5.571409000000000000e+06
5.571211000000000000e+06 5.571346000000000000e+06
5.605208000000000000e+06 5.605368000000000000e+06
6.210232000000000000e+06 6.210667000000000000e+06
6.211337000000000000e+06 6.211458000000000000e+06
6.211577000000000000e+06 6.211693000000000000e+06
6.220964000000000000e+06 6.221117000000000000e+06
6.230961000000000000e+06 6.231233000000000000e+06
6.244362000000000000e+06 6.244499000000000000e+06
6.254602000000000000e+06 6.254827000000000000e+06
6.254670000000000000e+06 6.254843000000000000e+06
6.256517000000000000e+06 6.256892000000000000e+06
6.257938000000000000e+06 6.258160000000000000e+06
6.265276000000000000e+06 6.265447000000000000e+06
6.266601000000000000e+06 6.266847000000000000e+06
6.274630000000000000e+06 6.274896000000000000e+06
6.276312000000000000e+06 6.276448000000000000e+06
6.278029000000000000e+06 6.278520000000000000e+06
6.291319000000000000e+06 6.291725000000000000e+06
6.292845000000000000e+06 6.293021000000000000e+06
6.293492000000000000e+06 6.293643000000000000e+06
6.295240000000000000e+06 6.295583000000000000e+06
6.295244000000000000e+06 6.295384000000000000e+06
6.295641000000000000e+06 6.295786000000000000e+06
6.300412000000000000e+06 6.300601000000000000e+06
6.300437000000000000e+06 6.300577000000000000e+06
6.308769000000000000e+06 6.308915000000000000e+06
6.308784000000000000e+06 6.308955000000000000e+06
6.316498000000000000e+06 6.316618000000000000e+06
6.316742000000000000e+06 6.316847000000000000e+06
6.316761000000000000e+06 6.316889000000000000e+06
6.324626000000000000e+06 6.325032000000000000e+06
6.324713000000000000e+06 6.324810000000000000e+06
6.325538000000000000e+06 6.325641000000000000e+06
6.326775000000000000e+06 6.326974000000000000e+06
6.326798000000000000e+06 6.326947000000000000e+06
6.327226000000000000e+06 6.327343000000000000e+06
6.328041000000000000e+06 6.328254000000000000e+06
6.328167000000000000e+06 6.328290000000000000e+06
6.329067000000000000e+06 6.329481000000000000e+06
6.329937000000000000e+06 6.330183000000000000e+06
6.330354000000000000e+06 6.330485000000000000e+06
6.333533000000000000e+06 6.333759000000000000e+06
6.337674000000000000e+06 6.337896000000000000e+06
6.340107000000000000e+06 6.340374000000000000e+06
6.341376000000000000e+06 6.341596000000000000e+06
6.346832000000000000e+06 6.346938000000000000e+06
6.346845000000000000e+06 6.346984000000000000e+06
6.347050000000000000e+06 6.347162000000000000e+06
6.347055000000000000e+06 6.347160000000000000e+06
6.348664000000000000e+06 6.349348000000000000e+06
6.352548000000000000e+06 6.352674000000000000e+06
6.354121000000000000e+06 6.354263000000000000e+06
6.357499000000000000e+06 6.357704000000000000e+06
6.357579000000000000e+06 6.357679000000000000e+06
6.358083000000000000e+06 6.358834000000000000e+06
6.360871000000000000e+06 6.361090000000000000e+06
6.361294000000000000e+06 6.361602000000000000e+06
6.361802000000000000e+06 6.361988000000000000e+06
6.362157000000000000e+06 6.362268000000000000e+06
6.365111000000000000e+06 6.365356000000000000e+06
6.365416000000000000e+06 6.366151000000000000e+06
6.366270000000000000e+06 6.366640000000000000e+06
6.378275000000000000e+06 6.378402000000000000e+06
6.378276000000000000e+06 6.378399000000000000e+06
6.384744000000000000e+06 6.384948000000000000e+06
6.387475000000000000e+06 6.387661000000000000e+06
6.387520000000000000e+06 6.387634000000000000e+06
6.389759000000000000e+06 6.389957000000000000e+06
6.393297000000000000e+06 6.393435000000000000e+06
6.401167000000000000e+06 6.401318000000000000e+06
6.404726000000000000e+06 6.404982000000000000e+06
6.412083000000000000e+06 6.412347000000000000e+06
6.414644000000000000e+06 6.414797000000000000e+06
6.414657000000000000e+06 6.414760000000000000e+06
6.416984000000000000e+06 6.417126000000000000e+06
6.427647000000000000e+06 6.427762000000000000e+06
6.427674000000000000e+06 6.427846000000000000e+06
6.432336000000000000e+06 6.432458000000000000e+06
6.450670000000000000e+06 6.451290000000000000e+06
6.450755000000000000e+06 6.451067000000000000e+06
6.451107000000000000e+06 6.451312000000000000e+06
6.451542000000000000e+06 6.451652000000000000e+06
6.451580000000000000e+06 6.451776000000000000e+06
6.452544000000000000e+06 6.452841000000000000e+06
6.453738000000000000e+06 6.453872000000000000e+06
6.458272000000000000e+06 6.458413000000000000e+06
6.462648000000000000e+06 6.463216000000000000e+06
6.467141000000000000e+06 6.467318000000000000e+06
6.467144000000000000e+06 6.467324000000000000e+06
6.469204000000000000e+06 6.469347000000000000e+06
6.471196000000000000e+06 6.471426000000000000e+06
6.474449000000000000e+06 6.474657000000000000e+06
6.474480000000000000e+06 6.474869000000000000e+06
6.475189000000000000e+06 6.475345000000000000e+06
6.475200000000000000e+06 6.475332000000000000e+06
6.476163000000000000e+06 6.476252000000000000e+06
6.476331000000000000e+06 6.476460000000000000e+06
6.480535000000000000e+06 6.480647000000000000e+06
6.483215000000000000e+06 6.483434000000000000e+06
6.483736000000000000e+06 6.484043000000000000e+06
6.483860000000000000e+06 6.483999000000000000e+06
6.484240000000000000e+06 6.484332000000000000e+06
6.484303000000000000e+06 6.484457000000000000e+06
6.490662000000000000e+06 6.491085000000000000e+06
6.493458000000000000e+06 6.493918000000000000e+06
6.502536000000000000e+06 6.502649000000000000e+06
6.502700000000000000e+06 6.502816000000000000e+06
6.503381000000000000e+06 6.503720000000000000e+06
