1976 2221 2
17975 18153 1
21804 21924 1
27161 27333 1
29729 29855 1
34704 34803 1
37717 37837 1
45835 45956 1
46908 47070 1
49461 49617 1
138017 138284 1
138611 138836 1
139532 139820 2
140339 140915 1
141610 141851 2
142537 142793 1
144730 144906 1
145532 145682 1
147406 147542 2
148536 148683 1
149907 150163 1
151973 152318 2
153647 153940 2
155525 155865 1
156336 156676 2
157173 157283 1
158141 158324 1
159244 159511 1
160098 160498 1
163043 163265 1
163348 163504 1
166055 166285 1
167080 167420 1
168425 168765 1
169816 170177 1
172123 172374 2
173216 173488 1
177412 177752 2
178803 179028 2
179954 180399 1
182088 182376 2
186095 186430 1
186932 187248 2
188792 189195 2
189937 190256 2
192276 192689 1
193746 194075 1
196481 196790 1
197554 197716 1
199364 199526 1
201247 201378 1
203959 204142 1
207605 207689 1
212693 212959 1
214620 214829 1
215692 216038 2
219427 219642 1
225663 225794 1
226008 226212 1
226406 226604 1
227415 227750 1
232192 232420 1
234820 235226 1
236258 236452 1
238123 238542 1
238790 239010 1
241107 241557 1
242321 242577 1
243812 243979 2
244581 244790 2
254033 254295 1
255059 255184 1
255629 255744 1
256764 256973 1
257614 258059 1
258679 258787 1
259832 260141 1
260933 261163 2
263849 264012 2
303070 303193 2
310165 310309 1
312956 313113 1
313604 313776 1
400915 401126 2
406059 406304 2
407876 408059 1
408977 409220 1
410053 410182 1
412087 412382 1
414526 414654 1
414744 414896 1
415332 415532 1
416204 416332 1
416934 417489 1
418424 418549 1
418766 418938 2
420598 420832 2
422948 423187 1
424087 424404 2
425587 425837 1
427508 427638 1
431226 431415 1
432587 432716 1
433737 433959 2
434715 434920 1
437798 438015 1
439598 439837 2
441970 442182 1
443709 443820 2
445024 445249 1
445542 445714 2
446318 446577 2
449283 449443 2
452258 452465 2
455709 455920 1
457426 457632 1
458215 458665 2
459483 459624 1
461273 461434 1
463332 463593 1
464604 464904 2
540532 540798 2
541735 541851 1
544487 544709 2
546026 546237 1
548987 549108 1
550197 550446 1
554193 554437 1
556282 556604 2
557870 558220 1
558970 559132 2
560270 560415 1
561404 561637 2
562454 562787 1
564096 564198 2
566398 566632 1
567309 567615 2
568691 568815 1
570820 571098 1
572049 572367 2
573426 573720 1
574665 574882 1
577609 577798 2
578554 578676 2
581032 581143 1
584856 585274 1
586523 586759 2
589248 589465 1
590220 590465 2
591520 591865 1
592659 592904 2
594637 594793 2
596295 596399 1
601432 601654 1
605393 605604 2
606604 606982 1
607782 608076 2
608737 609082 1
609934 610087 1
612093 612454 1
621875 622345 1
625720 625948 1
626790 626980 2
631798 631948 1
634343 634493 1
635637 635932 1
637598 637820 2
647676 647809 1
651977 652107 2
652948 653182 2
655209 655520 1
656170 656309 2
657382 657604 1
658859 658982 1
659787 660048 1
662454 662737 1
663304 663570 2
664715 664826 1
666069 666221 1
667120 667330 1
669815 669993 1
670154 670354 1
672115 672237 1
672709 672854 1
673560 673753 1
675032 675576 1
676998 677270 1
677598 677755 2
677893 678148 1
679509 679687 1
679729 679890 2
680554 680704 2
681552 681680 2
683659 683932 1
684659 684970 2
685998 686265 1
686976 687082 2
687993 688209 1
689620 689804 2
690220 690349 2
690982 691154 1
693799 693903 1
694320 694532 2
695732 695842 1
696066 696197 1
696598 696743 1
697248 697443 1
697693 698143 1
698604 698965 1
699964 700225 2
700865 701070 2
702915 703165 1
707137 707376 2
708626 708848 2
709448 709965 1
710809 710939 2
711896 712251 1
712583 712708 1
718329 718509 2
719528 719777 2
722648 722809 1
723282 723648 1
724732 724954 1
726209 726420 1
728415 728620 2
734284 734483 1
736205 736311 2
739275 739416 1
739587 739793 1
740077 740443 2
740832 741148 1
741604 742009 2
742753 742883 1
743037 743359 2
743588 743849 1
746282 746543 2
747582 747798 2
748615 748970 1
751740 752062 1
753493 753709 1
755232 755443 1
756132 756498 1
759515 759620 2
760984 761229 1
761793 762048 1
762858 763038 1
765820 765954 2
766754 767170 2
767698 767859 1
768289 768456 1
769246 769372 1
773373 773487 2
774237 774515 1
776404 776809 2
777650 777869 2
778897 779253 1
781615 781732 1
783848 783976 1
786176 786293 1
787714 787808 1
788232 788432 2
789441 789813 2
790282 790587 1
791646 791797 2
792367 792623 1
793420 793687 1
794606 794758 1
796515 796848 2
799126 799251 2
800297 800481 2
803020 803398 1
809987 810070 2
810896 811053 2
812965 813082 1
814787 814887 2
815750 816022 2
820298 820413 1
820521 820699 2
821093 821220 1
822354 822604 2
824954 825070 1
830275 830407 2
832726 832915 1
833965 834087 1
839020 839348 2
860070 860215 1
861732 862126 1
864693 864843 1
871348 871465 2
872770 872915 2
874359 874461 1
878526 878620 2
883698 883887 1
891293 891509 2
898909 899132 1
905382 905659 1
910832 910965 1
913934 914002 2
918182 918282 1
921893 922082 2
933965 934093 1
945582 945832 1
946359 946493 1
947656 947802 1
948954 949054 1
950170 950343 1
952604 952732 1
956237 956331 2
962693 962826 1
964950 965044 2
972326 972448 1
977976 978087 2
987282 987426 1
997120 997265 2
1017009 1017182 1
1033761 1033939 1
1039770 1039976 2
1043919 1044034 1
1046198 1046354 2
1046920 1047009 1
1064282 1064393 1
1068604 1068782 1
1074404 1074515 2
1081276 1081454 2
1090513 1090607 1
1101615 1101720 2
1103493 1103659 1
1113932 1114109 2
1118193 1118426 1
1123320 1123459 2
1123570 1123733 1
1131852 1131974 2
1132591 1132701 2
1137107 1137218 2
1143670 1143865 1
1147332 1147626 2
1148227 1148403 1
1149232 1149398 1
1150526 1150665 1
1154565 1154765 2
1161265 1161382 1
1174454 1174570 2
1183536 1183620 1
1184159 1184243 2
1185111 1185247 2
1194537 1194689 1
1215932 1216183 1
1224537 1224654 1
1226482 1226693 2
1231293 1231476 2
1237687 1237826 1
1244876 1245032 2
1245576 1245743 1
1247198 1247292 2
1261859 1261954 1
1266584 1266689 2
1273066 1273317 1
1274541 1274651 1
1285837 1285998 1
1286804 1287020 2
1290867 1290987 2
1302359 1302474 1
1320480 1320623 1
1324276 1324548 2
1335854 1335965 1
1342017 1342218 2
1347482 1347609 2
1350370 1350501 2
1351379 1351667 1
1352190 1352305 2
1355659 1355793 2
1356621 1356746 1
1359161 1359290 2
1359854 1359943 1
1365161 1365304 1
1373177 1373413 1
1584143 1584287 1
1587470 1587648 2
1596307 1596422 1
1602626 1602793 1
1604465 1604637 1
1605036 1605124 2
1610865 1610982 1
1612034 1612207 1
1612909 1613065 1
1614527 1614731 2
1615249 1615364 1
1618420 1618532 1
1621489 1621840 2
1626804 1626987 2
1627598 1627837 2
1628520 1628670 1
1638070 1638248 2
1639093 1639459 2
1640104 1640387 1
1640954 1641260 1
1643881 1644006 1
1644320 1644456 2
1645440 1645555 1
1645682 1645943 2
1647598 1647693 1
1655259 1655765 2
1656962 1657096 1
1659171 1659281 2
1660565 1660793 1
1662131 1662373 1
1663361 1663685 1
1664093 1664420 2
1667759 1667943 1
1668304 1668508 2
1668904 1669043 1
1673337 1673530 2
1674626 1674993 2
1677211 1677436 1
1680220 1680376 1
1681776 1681970 2
1682837 1683215 1
1684131 1684403 2
1685304 1685470 1
1689660 1689927 2
1691880 1692054 1
1693065 1693282 2
1694433 1694726 1
1698631 1698924 1
1700601 1700903 1
1701609 1701937 1
1703582 1703893 1
1703994 1704216 2
1704715 1705026 1
1705948 1706276 1
1707409 1707632 1
1709226 1709459 2
1710795 1711063 1
1711904 1712170 1
1713582 1713787 2
1715584 1715877 2
1720315 1720515 1
1721590 1721674 1
1723275 1723408 2
1727828 1728111 1
1728904 1729324 1
1731648 1731787 1
1731882 1732066 1
1735165 1735282 2
1736387 1736570 1
1736745 1736849 1
1737434 1737634 1
1738587 1738759 1
1739504 1739645 1
1740241 1740381 1
1741220 1741366 1
1745009 1745215 1
1746723 1746911 1
1747774 1748182 1
1748515 1748656 1
1749904 1750170 1
1752620 1753065 2
1753804 1754054 1
1754781 1755022 1
1756098 1756354 1
1758343 1758693 1
1761993 1762182 1
1763204 1763370 1
1764365 1764759 1
1765437 1765637 1
1766776 1767015 1
1767571 1767655 1
1769332 1769559 1
1770420 1770754 2
1771661 1771777 1
1782298 1782498 1
1783591 1783717 1
1784405 1784525 1
1785154 1785287 1
1787382 1787670 1
1788529 1788705 1
1790202 1790303 1
1790376 1790832 1
1791426 1791732 2
1795161 1795296 1
1796498 1796720 2
1797659 1797876 1
1799287 1799465 1
1800659 1800904 1
1810959 1811093 1
1811670 1811832 1
1812804 1813093 1
1814198 1814476 1
1815165 1815304 1
1815615 1815876 1
1817178 1817359 1
1819449 1819606 1
1819982 1820126 1
1821115 1821320 1
1822276 1822609 1
1825497 1825712 1
1827437 1827854 1
1828380 1828728 1
1830011 1830251 2
1844137 1844354 1
1845104 1845376 2
1846615 1846848 1
1859148 1859565 1
1861798 1862115 1
1862882 1863293 1
1863893 1864276 1
1864948 1865159 1
1870393 1870626 1
1871376 1871559 1
1873548 1873709 1
1874098 1874209 1
1896265 1896598 1
1897320 1897593 1
1898148 1898420 1
1899426 1899654 1
1901198 1901448 1
1902794 1903332 1
1904287 1904426 1
1904720 1904898 1
1905257 1905451 1
1906032 1906165 1
1907926 1908132 1
1911291 1911454 1
1912530 1912659 1
1914709 1915020 1
1916065 1916315 1
1916996 1917284 1
1917959 1918176 1
1919410 1919844 1
1920160 1920301 2
1920554 1920948 1
1921132 1921276 2
1922154 1922420 1
1923454 1923587 1
1924276 1924443 1
1924798 1924904 1
1932532 1932798 2
1934187 1934315 1
1935367 1935477 1
1936254 1936500 2
1937002 1937128 2
1938098 1938348 1
1940294 1940454 1
1942132 1942348 2
1945152 1945340 1
1945826 1945937 2
1970476 1970670 1
1971509 1971659 1
1972387 1972526 2
1973448 1973648 2
1998143 1998287 1
2002237 2002504 1
2003059 2003237 1
2005698 2005855 1
2007034 2007166 2
2007959 2008376 2
2009865 2010137 1
2010909 2011070 1
2011937 2012115 1
2014843 2015098 1
2017770 2018043 1
2019482 2019693 1
2020004 2020237 2
2020598 2020837 1
2022065 2022196 2
2022701 2022817 2
2023059 2023253 1
2025298 2025639 1
2028712 2029032 2
2030032 2030182 2
2032093 2032348 1
2032882 2033070 2
2033509 2033648 1
2035237 2035459 2
2037759 2037954 2
2039315 2039520 1
2040511 2040628 2
2041720 2042037 1
2042993 2043220 2
2043898 2044254 2
2044882 2045126 1
2047220 2047426 2
2050955 2051107 1
2052276 2052498 1
2053304 2053404 2
2057770 2058009 1
2060193 2060415 2
2060911 2061054 2
2062509 2062743 2
2063698 2064059 1
2065130 2065491 2
2066220 2066443 2
2067609 2067854 2
2068748 2068926 1
2070356 2070594 2
2071070 2071187 1
2071403 2071492 1
2071516 2071616 2
2075748 2075904 2
2076737 2076970 1
2077920 2078187 2
2079554 2079698 2
2081948 2082265 1
2084615 2084865 2
2086217 2086369 2
2086745 2086850 1
2090005 2090318 1
2091532 2091765 2
2093359 2093632 2
2095759 2095973 2
2097059 2097209 1
2104670 2104782 2
2105548 2105826 1
2110165 2110448 2
2111298 2111576 2
2111782 2111937 1
2112280 2112398 2
2113370 2113748 2
2114170 2114332 1
2116754 2116848 2
2119656 2119753 1
2120765 2121015 2
2124415 2124537 1
2126904 2127309 1
2127809 2128043 1
2128959 2129204 1
2130032 2130148 1
2134804 2134948 2
2135617 2135873 2
2136187 2136527 1
2137243 2137426 2
2143981 2144321 1
2145120 2145409 2
2146404 2146654 1
2147282 2147418 1
2148241 2148435 2
2148705 2148809 1
2149584 2149773 2
2150615 2151015 1
2151205 2151404 2
2152182 2152326 1
2152915 2153315 1
2157759 2157943 2
2161454 2161948 1
2162582 2162687 2
2170143 2170393 1
2171376 2171498 2
2174598 2174698 2
2176570 2176770 2
2177354 2177620 1
2183254 2183420 2
2184237 2184532 1
2187837 2188054 2
2188404 2188632 1
2189432 2189609 1
2190404 2190654 2
2191568 2191782 1
2193903 2194006 2
2195593 2195837 1
2196865 2197132 2
2200453 2200746 1
2203641 2203771 2
2204915 2205182 1
2206309 2206465 2
2208526 2208832 1
2210615 2210843 1
2211609 2211698 1
2212220 2212320 2
2213043 2213332 1
2213645 2213886 2
2215521 2215620 1
2215854 2216126 2
2219532 2219782 1
2219937 2220109 1
2221593 2221815 2
2222098 2222198 2
2230552 2230714 1
2234137 2234454 2
2235312 2235631 1
2237570 2237859 1
2238776 2239104 2
2239843 2240048 1
2242543 2242643 2
2245059 2245179 1
2245377 2245466 2
2247893 2247987 1
2251348 2251554 1
2252415 2252654 1
2252965 2253320 2
2255693 2255832 1
2258018 2258154 1
2260183 2260529 1
2261682 2261826 1
2263965 2264216 2
2265565 2265737 1
2266559 2266748 2
2267654 2267920 2
2268710 2268825 1
2271132 2271382 1
2272447 2272542 1
2273907 2274038 1
2275987 2276248 1
2277542 2277673 2
2278359 2278665 1
2283859 2284004 1
2286376 2286676 1
2301720 2301965 1
2303787 2304004 1
2304615 2304765 1
2308259 2308415 2
2310598 2310793 1
2311770 2311998 2
2312674 2312831 1
2320887 2321098 1
2321776 2321915 2
2323587 2323737 1
2324698 2324815 1
2325115 2325554 1
2325950 2326024 1
2327259 2327482 2
2327994 2328286 1
2329137 2329265 2
2330134 2330238 1
2331756 2331974 2
2336276 2336608 1
2336965 2337132 2
2339132 2339432 1
2342454 2342693 1
2807354 2807504 2
2812504 2813020 1
2818648 2818815 2
2819798 2819937 1
2821393 2821570 2
2823982 2824248 1
2824926 2825054 1
2829804 2829976 1
2831254 2831487 2
2831926 2832032 2
2833393 2833665 1
2834537 2834720 2
2837943 2838115 1
2838887 2839359 1
2840426 2840537 2
2840632 2840743 1
2842290 2842661 2
2843170 2843398 2
2844404 2844550 1
2845282 2845520 1
2850082 2850432 2
2851304 2851587 2
2851965 2852126 1
2852533 2852732 1
2854265 2854432 2
2855666 2855857 1
2866109 2866226 2
2868004 2868309 2
2870415 2870626 1
2871793 2871926 1
2874187 2874609 2
2875326 2875565 1
2876265 2876376 2
2879180 2879405 1
2880263 2880404 2
2886459 2886626 1
2888341 2888540 2
2889300 2889605 1
2890170 2890515 2
2891343 2891515 1
2891603 2891734 2
2894745 2894917 1
2895127 2895378 1
2896420 2896609 2
2897444 2897554 1
2898493 2898597 1
2901592 2901728 1
2902426 2902554 2
2903420 2903665 1
2904272 2904383 2
2905582 2905937 1
2906436 2906572 2
2908776 2909009 1
2909617 2909894 2
2911487 2911859 2
2912376 2912887 1
2913393 2913532 1
2915052 2915533 2
2917422 2917526 1
2918798 2919004 1
2920115 2920343 2
2920434 2920555 1
2921263 2921474 1
2921809 2922226 1
2922876 2923137 1
2924750 2925038 2
2926290 2926511 2
2926712 2926785 1
2930770 2930959 2
2931074 2931289 1
2931720 2931915 1
2932754 2933132 1
2934715 2934820 1
2936170 2936376 1
2936793 2937009 1
2938036 2938369 2
2939050 2939168 1
2942026 2942198 1
2945076 2945409 1
2948654 2948859 2
2949090 2949320 2
2953676 2953970 1
2954554 2954698 1
2955722 2955842 1
2958470 2958582 1
2959515 2959743 1
2962404 2962676 1
2963426 2963715 1
2964357 2964519 2
2964965 2965143 2
2965720 2965870 1
2969748 2970237 2
2971243 2971404 2
2972237 2972343 1
2973604 2973754 1
2974570 2974826 2
2976354 2976582 1
2977243 2977526 2
2977712 2977869 1
2978559 2978887 2
2980009 2980154 1
2980720 2980954 1
2990364 2990551 1
2992181 2992363 1
2993255 2993402 2
2994670 2995043 1
2998037 2998232 1
2998814 2998971 1
3000390 3000652 1
3002036 3002424 1
3005314 3005480 1
3009398 3009682 1
3011609 3011766 1
3012744 3013073 1
3013513 3013727 1
3016060 3016286 1
3021148 3021498 1
3022376 3022465 1
3024236 3024389 1
3025776 3025865 1
3028909 3028998 1
3029765 3030043 2
3031465 3031620 2
3032554 3032826 1
3037493 3037876 1
3040193 3040548 1
3041859 3042143 1
3044054 3044254 2
3045959 3046048 1
3050404 3050615 1
3053409 3053626 2
3055265 3055487 1
3055853 3056052 2
3057654 3057776 1
3058548 3058854 1
3061076 3061337 1
3062590 3062755 2
3062898 3063020 2
3063041 3063145 1
3065043 3065232 1
3066165 3066359 1
3068337 3068604 2
3073008 3073228 1
3074712 3074976 1
3075537 3075798 1
3076604 3076859 2
3077203 3077345 1
3078359 3078548 2
3080526 3080776 2
3081587 3081704 1
3084765 3084987 1
3090543 3090709 2
3091921 3092015 1
3092159 3092282 2
3093187 3093398 1
3095554 3095826 1
3099220 3099398 2
3100309 3100404 1
3101359 3101543 1
3105073 3105198 2
3105737 3105843 1
3105993 3106120 1
3106589 3106824 1
3108109 3108304 1
3114509 3114693 2
3116170 3116282 2
3117959 3118159 2
3120698 3120860 1
3121604 3121782 2
3123121 3123357 1
3124343 3124565 2
3126293 3126787 1
3128040 3128149 2
3128902 3129012 1
3129648 3129754 1
3129843 3130015 2
3130970 3131109 1
3131726 3131904 2
3133024 3133186 2
3134348 3134476 1
3136376 3136520 1
3136623 3136712 2
3138817 3139094 2
3140499 3140645 2
3144393 3144526 1
3145059 3145226 2
3149115 3149365 2
3150004 3150265 1
3150904 3151232 2
3151719 3151972 1
3152715 3152876 2
3156104 3156259 1
3159315 3159554 1
3159698 3159915 2
3161724 3161902 1
3162115 3162276 2
3165176 3165409 1
3166687 3166770 2
3172482 3172593 1
3174482 3174748 2
3175372 3175476 1
3176304 3176398 2
3176912 3177053 1
3177609 3177959 2
3178670 3178954 2
3179476 3179582 1
3180026 3180132 2
3182370 3182465 1
3187160 3187338 2
3189934 3190031 1
3191443 3191604 2
3193332 3193565 1
3194887 3195020 2
3196343 3196448 1
3197848 3198054 1
3199415 3199632 2
3199853 3199994 1
3201082 3201415 2
3202082 3202348 2
3203393 3203570 1
3204155 3204420 2
3204898 3205020 1
3206787 3207004 1
3208605 3208727 1
3210354 3210582 1
3212426 3212693 2
3213648 3213765 1
3217076 3217370 2
3224554 3224665 1
3225543 3225765 1
3226091 3226253 2
3226598 3226687 1
3230651 3230755 1
3231426 3231654 2
3232615 3232793 1
3234987 3235187 1
3236087 3236415 1
3237457 3237638 1
3239315 3239448 1
3240332 3240448 2
3246037 3246215 1
3247159 3247304 2
3247459 3247593 2
3249193 3249359 2
3250787 3250965 1
