1 1976 2221
1 17975 18153
1 21804 21924
1 27161 27333
1 29729 29855
1 34704 34803
1 37717 37837
1 45835 45956
1 46908 47070
1 49461 49617
1 138017 138284
1 138611 138836
1 139532 139820
1 140339 140915
1 141610 141851
1 142537 142793
1 144730 144906
1 145532 145682
1 147406 147542
1 148536 148683
1 149907 150163
1 151973 152318
1 153647 153940
1 155525 155865
1 156336 156676
1 157173 157283
1 158141 158324
1 159244 159511
1 160098 160498
1 163043 163265
1 163348 163504
1 166055 166285
1 167080 167420
1 168425 168765
1 169816 170177
1 172123 172374
1 173216 173488
1 177412 177752
1 178803 179028
1 179954 180399
1 182088 182376
1 186095 186430
1 186932 187248
1 188792 189195
1 189937 190256
1 192276 192689
1 193746 194075
1 196481 196790
1 197554 197716
1 199364 199526
1 201247 201378
1 203959 204142
1 207605 207689
1 212693 212959
1 214620 214829
1 215692 216038
1 219427 219642
1 225663 225794
1 226008 226212
1 226406 226604
1 227415 227750
1 232192 232420
1 234820 235226
1 236258 236452
1 238123 238542
1 238790 239010
1 241107 241557
1 242321 242577
1 243812 243979
1 244581 244790
1 254033 254295
1 255059 255184
1 255629 255744
1 256764 256973
1 257614 258059
1 258679 258787
1 259832 260141
1 260933 261163
2 303070 303193
2 310165 310309
2 312956 313113
2 313604 313776
3 400915 401126
3 406059 406304
3 407876 408059
3 408977 409220
3 410053 410182
3 412087 412382
3 414526 414654
3 414744 414896
3 415332 415532
3 416204 416332
3 416934 417489
3 418424 418549
3 418766 418938
3 420598 420832
3 422948 423187
3 424087 424404
3 425587 425837
3 427508 427638
3 431226 431415
3 432587 432716
3 433737 433959
3 434715 434920
3 437798 438015
3 439598 439837
3 441970 442182
3 443709 443820
3 445024 445249
3 445542 445714
3 446318 446577
3 449283 449443
3 452258 452465
3 455709 455920
3 457426 457632
3 458215 458665
3 459483 459624
3 461273 461434
3 463332 463593
3 464604 464904
4 540532 540798
4 541735 541851
4 544487 544709
4 546026 546237
4 548987 549108
4 550197 550446
4 554193 554437
4 556282 556604
4 557870 558220
4 558970 559132
4 560270 560415
4 561404 561637
4 562454 562787
4 564096 564198
4 566398 566632
4 567309 567615
4 568691 568815
4 570820 571098
4 572049 572367
4 573426 573720
4 574665 574882
4 577609 577798
4 578554 578676
4 581032 581143
4 584856 585274
4 586523 586759
4 589248 589465
4 590220 590465
4 591520 591865
4 592659 592904
4 594637 594793
4 596295 596399
4 601432 601654
4 605393 605604
4 606604 606982
4 607782 608076
4 608737 609082
4 609934 610087
4 612093 612454
4 621875 622345
4 625720 625948
4 626790 626980
4 631798 631948
4 634343 634493
4 635637 635932
4 637598 637820
4 647676 647809
4 651977 652107
4 652948 653182
4 655209 655520
4 656170 656309
4 657382 657604
4 658859 658982
4 659787 660048
4 662454 662737
4 663304 663570
4 664715 664826
4 666069 666221
4 667120 667330
4 669815 669993
4 670154 670354
4 672115 672237
4 672709 672854
4 673560 673753
4 675032 675576
4 676998 677270
4 677598 677755
4 677893 678148
4 679509 679890
4 680554 680704
4 681552 681680
4 683659 683932
4 684659 684970
4 685998 686265
4 686976 687082
4 687993 688209
4 689620 689804
4 690220 690349
4 690982 691154
4 693799 693903
4 694320 694532
4 695732 695842
4 696066 696197
4 696598 696743
4 697248 697443
4 697693 698143
4 698604 698965
4 699964 700225
4 700865 701070
4 702915 703165
4 707137 707376
4 708626 708848
4 709448 709965
4 710809 710939
4 711896 712251
4 712583 712708
4 718329 718509
4 719528 719777
4 722648 722809
4 723282 723648
4 724732 724954
4 726209 726420
4 728415 728620
4 734284 734483
4 736205 736311
4 739275 739416
4 739587 739793
4 740077 740443
4 740832 741148
4 741604 742009
4 742753 742883
4 743037 743359
4 743588 743849
4 746282 746543
4 747582 747798
4 748615 748970
4 751740 752062
4 753493 753709
4 755232 755443
4 756132 756498
4 759515 759620
4 760984 761229
4 761793 762048
4 762858 763038
4 765820 765954
4 766754 767170
4 767698 767859
4 768289 768456
4 769246 769372
4 773373 773487
4 774237 774515
4 776404 776809
4 777650 777869
4 778897 779253
4 781615 781732
4 783848 783976
4 786176 786293
4 787714 787808
4 788232 788432
4 789441 789813
4 790282 790587
4 791646 791797
4 792367 792623
4 793420 793687
4 794606 794758
4 796515 796848
4 799126 799251
4 800297 800481
4 803020 803398
4 809987 810070
4 810896 811053
4 812965 813082
4 814787 814887
4 815750 816022
4 820298 820413
4 820521 820699
4 821093 821220
 6 1584143 1584287
6 1587470 1587648
6 1596307 1596422
6 1602626 1602793
6 1604465 1604637
6 1605036 1605124
6 1610865 1610982
6 1612034 1612207
6 1612909 1613065
6 1614527 1614731
6 1615249 1615364
6 1618420 1618532
6 1621489 1621840
6 1626804 1626987
6 1627598 1627837
6 1628520 1628670
6 1638070 1638248
6 1639093 1639459
6 1640104 1640387
6 1640954 1641260
6 1643881 1644006
6 1644320 1644456
6 1645440 1645555
6 1645682 1645943
6 1647598 1647693
6 1655259 1655765
6 1656962 1657096
6 1659171 1659281
6 1660565 1660793
6 1662131 1662373
6 1663361 1663685
6 1664093 1664420
6 1667759 1667943
6 1668304 1668508
6 1668904 1669043
6 1673337 1673530
6 1674626 1674993
6 1677211 1677436
6 1680220 1680376
6 1681776 1681970
6 1682837 1683215
6 1684131 1684403
6 1685304 1685470
6 1689660 1689927
6 1691880 1692054
6 1693065 1693282
6 1694433 1694726
6 1698631 1698924
6 1700601 1700903
6 1701609 1701937
6 1703582 1703893
6 1703994 1704216
6 1704715 1705026
6 1705948 1706276
6 1707409 1707632
6 1709226 1709459
6 1710795 1711063
6 1711904 1712170
6 1713582 1713787
6 1715584 1715877
6 1720315 1720515
6 1721590 1721674
6 1723275 1723408
6 1727828 1728111
6 1728904 1729324
6 1731648 1731787
6 1731882 1732066
6 1735165 1735282
6 1736387 1736570
6 1736745 1736849
6 1737434 1737634
6 1738587 1738759
6 1739504 1739645
6 1740241 1740381
6 1741220 1741366
6 1745009 1745215
6 1746723 1746911
6 1747774 1748182
6 1748515 1748656
6 1749904 1750170
6 1752620 1753065
6 1753804 1754054
6 1754781 1755022
6 1756098 1756354
6 1758343 1758693
6 1761993 1762182
6 1763204 1763370
6 1764365 1764759
6 1765437 1765637
6 1766776 1767015
6 1767571 1767655
6 1769332 1769559
6 1770420 1770754
6 1771661 1771777
6 1782298 1782498
6 1783591 1783717
6 1784405 1784525
6 1785154 1785287
6 1787382 1787670
6 1788529 1788705
6 1790202 1790303
6 1790376 1790832
6 1791426 1791732
6 1795161 1795296
6 1796498 1796720
6 1797659 1797876
6 1799287 1799465
6 1800659 1800904
6 1810959 1811093
6 1811670 1811832
6 1812804 1813093
6 1814198 1814476
6 1815165 1815304
6 1815615 1815876
6 1817178 1817359
6 1819449 1819606
6 1819982 1820126
6 1821115 1821320
6 1822276 1822609
6 1825497 1825712
6 1827437 1827854
6 1828380 1828728
6 1830011 1830251
6 1844137 1844354
6 1845104 1845376
6 1846615 1846848
6 1859148 1859565
6 1861798 1862115
6 1862882 1863293
6 1863893 1864276
6 1864948 1865159
6 1870393 1870626
6 1871376 1871559
6 1873548 1873709
6 1874098 1874209
6 1896265 1896598
6 1897320 1897593
6 1898148 1898420
6 1899426 1899654
6 1901198 1901448
6 1902794 1903332
6 1904287 1904426
6 1904720 1904898
6 1905257 1905451
6 1906032 1906165
6 1907926 1908132
6 1911291 1911454
6 1912530 1912659
6 1914709 1915020
6 1916065 1916315
6 1916996 1917284
6 1917959 1918176
6 1919410 1919844
6 1920160 1920301
6 1920554 1920948
6 1921132 1921276
6 1922154 1922420
6 1923454 1923587
6 1924276 1924443
6 1924798 1924904
6 1932532 1932798
6 1934187 1934315
6 1935367 1935477
6 1936254 1936500
6 1937002 1937128
6 1938098 1938348
6 1940294 1940454
6 1942132 1942348
6 1945152 1945340
6 1945826 1945937
6 1970476 1970670
6 1971509 1971659
6 1972387 1972526
6 1973448 1973648
6 1998143 1998287
6 2002237 2002504
6 2003059 2003237
6 2005698 2005855
6 2007034 2007166
6 2007959 2008376
6 2009865 2010137
6 2010909 2011070
6 2011937 2012115
6 2014843 2015098
6 2017770 2018043
6 2019482 2019693
6 2020004 2020237
6 2020598 2020837
6 2022065 2022196
6 2022701 2022817
6 2023059 2023253
6 2025298 2025639
6 2028712 2029032
6 2030032 2030182
6 2032093 2032348
6 2032882 2033070
6 2033509 2033648
6 2035237 2035459
6 2037759 2037954
6 2039315 2039520
6 2040511 2040628
6 2041720 2042037
6 2042993 2043220
6 2043898 2044254
6 2044882 2045126
6 2047220 2047426
6 2050955 2051107
6 2052276 2052498
6 2053304 2053404
6 2057770 2058009
6 2060193 2060415
6 2060911 2061054
6 2062509 2062743
6 2063698 2064059
6 2065130 2065491
6 2066220 2066443
6 2067609 2067854
6 2068748 2068926
6 2070356 2070594
6 2071070 2071187
6 2071403 2071616
6 2075748 2075904
6 2076737 2076970
6 2077920 2078187
6 2079554 2079698
6 2081948 2082265
6 2084615 2084865
6 2086217 2086369
6 2086745 2086850
6 2090005 2090318
6 2091532 2091765
6 2093359 2093632
6 2095759 2095973
6 2097059 2097209
6 2104670 2104782
6 2105548 2105826
6 2110165 2110448
6 2111298 2111576
6 2111782 2111937
6 2112280 2112398
6 2113370 2113748
6 2114170 2114332
6 2116754 2116848
6 2119656 2119753
6 2120765 2121015
6 2124415 2124537
6 2126904 2127309
6 2127809 2128043
6 2128959 2129204
6 2130032 2130148
6 2134804 2134948
6 2135617 2135873
6 2136187 2136527
6 2137243 2137426
6 2143981 2144321
6 2145120 2145409
6 2146404 2146654
6 2147282 2147418
6 2148241 2148435
6 2148705 2148809
6 2149584 2149773
6 2150615 2151015
6 2151205 2151404
6 2152182 2152326
6 2152915 2153315
6 2157759 2157943
6 2161454 2161948
6 2162582 2162687
6 2170143 2170393
6 2171376 2171498
6 2174598 2174698
6 2176570 2176770
6 2177354 2177620
6 2183254 2183420
6 2184237 2184532
6 2187837 2188054
6 2188404 2188632
6 2189432 2189609
6 2190404 2190654
6 2191568 2191782
6 2193903 2194006
6 2195593 2195837
6 2196865 2197132
6 2200453 2200746
6 2203641 2203771
6 2204915 2205182
6 2206309 2206465
6 2208526 2208832
6 2210615 2210843
6 2211609 2211698
6 2212220 2212320
6 2213043 2213332
6 2213645 2213886
6 2215521 2215620
6 2215854 2216126
6 2219532 2219782
6 2219937 2220109
6 2221593 2221815
6 2222098 2222198
6 2230552 2230714
6 2234137 2234454
6 2235312 2235631
6 2237570 2237859
6 2238776 2239104
6 2239843 2240048
6 2242543 2242643
6 2245059 2245179
6 2245377 2245466
6 2247893 2247987
6 2251348 2251554
6 2252415 2252654
6 2252965 2253320
6 2255693 2255832
6 2258018 2258154
6 2260183 2260529
6 2261682 2261826
6 2263965 2264216
6 2265565 2265737
6 2266559 2266748
6 2267654 2267920
6 2268710 2268825
6 2271132 2271382
6 2272447 2272542
6 2273907 2274038
6 2275987 2276248
6 2277542 2277673
6 2278359 2278665
6 2283859 2284004
6 2286376 2286676
6 2301720 2301965
6 2303787 2304004
6 2304615 2304765
6 2308259 2308415
6 2310598 2310793
6 2311770 2311998
6 2312674 2312831
6 2320887 2321098
6 2321776 2321915
6 2323587 2323737
6 2324698 2324815
6 2325115 2325554
6 2325950 2326024
6 2327259 2327482
6 2327994 2328286
6 2329137 2329265
6 2330134 2330238
6 2331756 2331974
6 2336276 2336608
6 2336965 2337132
6 2339132 2339432
6 2342454 2342693
7 2807354 2807504
7 2812504 2813020
7 2818648 2818815
7 2819798 2819937
7 2821393 2821570
7 2823982 2824248
7 2824926 2825054
7 2829804 2829976
7 2831254 2831487
7 2831926 2832032
7 2833393 2833665
7 2834537 2834720
7 2837943 2838115
7 2838887 2839359
7 2840426 2840537
7 2840632 2840743
7 2842290 2842661
7 2843170 2843398
7 2844404 2844550
7 2845282 2845520
7 2850082 2850432
7 2851304 2851587
7 2851965 2852126
7 2852533 2852732
7 2854265 2854432
7 2855666 2855857
7 2866109 2866226
7 2868004 2868309
7 2870415 2870626
7 2871793 2871926
7 2874187 2874609
7 2875326 2875565
7 2876265 2876376
7 2879180 2879405
7 2880263 2880404
7 2886459 2886626
7 2888341 2888540
7 2889300 2889605
7 2890170 2890515
7 2891343 2891515
7 2891603 2891734
7 2894745 2894917
7 2895127 2895378
7 2896420 2896609
7 2897444 2897554
7 2898493 2898597
7 2901592 2901728
7 2902426 2902554
7 2903420 2903665
7 2904272 2904383
7 2905582 2905937
7 2906436 2906572
7 2908776 2909009
7 2909617 2909894
7 2911487 2911859
7 2912376 2912887
7 2913393 2913532
7 2915052 2915533
7 2917422 2917526
7 2918798 2919004
7 2920115 2920343
7 2920434 2920555
7 2921263 2921474
7 2921809 2922226
7 2922876 2923137
7 2924750 2925038
7 2926290 2926511
7 2926712 2926785
7 2930770 2930959
7 2931074 2931289
7 2931720 2931915
7 2932754 2933132
7 2934715 2934820
7 2936170 2936376
7 2936793 2937009
7 2938036 2938369
7 2939050 2939168
7 2942026 2942198
7 2945076 2945409
7 2948654 2948859
7 2949090 2949320
7 2953676 2953970
7 2954554 2954698
7 2955722 2955842
7 2958470 2958582
7 2959515 2959743
7 2962404 2962676
7 2963426 2963715
7 2964357 2964519
7 2964965 2965143
7 2965720 2965870
7 2969748 2970237
7 2971243 2971404
7 2972237 2972343
7 2973604 2973754
7 2974570 2974826
7 2976354 2976582
7 2977243 2977526
7 2977712 2977869
7 2978559 2978887
7 2980009 2980154
7 2980720 2980954
7 2990364 2990551
7 2992181 2992363
7 2993255 2993402
7 2994670 2995043
7 2998037 2998232
7 2998814 2998971
7 3000390 3000652
7 3002036 3002424
7 3005314 3005480
7 3009398 3009682
7 3011609 3011766
7 3012744 3013073
7 3013513 3013727
7 3016060 3016286
7 3021148 3021498
7 3022376 3022465
7 3024236 3024389
7 3025776 3025865
7 3028909 3028998
7 3029765 3030043
7 3031465 3031620
7 3032554 3032826
7 3037493 3037876
7 3040193 3040548
7 3041859 3042143
7 3044054 3044254
7 3045959 3046048
7 3050404 3050615
7 3053409 3053626
7 3055265 3055487
7 3055853 3056052
7 3057654 3057776
7 3058548 3058854
7 3061076 3061337
7 3062590 3062755
7 3062898 3063145
7 3065043 3065232
7 3066165 3066359
7 3068337 3068604
7 3073008 3073228
7 3074712 3074976
7 3075537 3075798
7 3076604 3076859
7 3077203 3077345
7 3078359 3078548
7 3080526 3080776
7 3081587 3081704
7 3084765 3084987
7 3090543 3090709
7 3091921 3092015
7 3092159 3092282
7 3093187 3093398
7 3095554 3095826
7 3099220 3099398
7 3100309 3100404
7 3101359 3101543
7 3105073 3105198
7 3105737 3105843
7 3105993 3106120
7 3106589 3106824
7 3108109 3108304
7 3114509 3114693
7 3116170 3116282
7 3117959 3118159
7 3120698 3120860
7 3121604 3121782
7 3123121 3123357
7 3124343 3124565
7 3126293 3126787
7 3127965 3128149
7 3128902 3129012
7 3129648 3129754
7 3129843 3130015
7 3130970 3131109
7 3131726 3131904
7 3133024 3133186
7 3134348 3134476
7 3136376 3136520
7 3136623 3136712
7 3138817 3139094
7 3140499 3140645
7 3144393 3144526
7 3145059 3145226
7 3149115 3149365
7 3150004 3150265
7 3150904 3151232
7 3151719 3151972
7 3152715 3152876
7 3156104 3156259
7 3159315 3159554
7 3159698 3159915
7 3161724 3161902
7 3162115 3162276
7 3165176 3165409
7 3166687 3166770
7 3172482 3172593
7 3174482 3174748
7 3175372 3175476
7 3176304 3176398
7 3176912 3177053
7 3177609 3177959
7 3178670 3178954
7 3179476 3179582
7 3180026 3180132
7 3182370 3182465
7 3187160 3187338
7 3189934 3190031
7 3191443 3191604
7 3193332 3193565
7 3194887 3195020
7 3196343 3196448
7 3197848 3198054
7 3199415 3199632
7 3199853 3199994
7 3201082 3201415
7 3202082 3202348
7 3203393 3203570
7 3204155 3204420
7 3204898 3205020
7 3206787 3207004
7 3208605 3208727
7 3210354 3210582
7 3212426 3212693
7 3213648 3213765
7 3217076 3217370
7 3224554 3224665
7 3225543 3225765
7 3226091 3226253
7 3226598 3226687
7 3230651 3230755
7 3231426 3231654
7 3232615 3232793
7 3234987 3235187
7 3236087 3236415
7 3237457 3237638
7 3239315 3239448
7 3240332 3240448
7 3246037 3246215
7 3247159 3247304
7 3247459 3247593
7 3249193 3249359
7 3250787 3250965
