1 1709587 1709765
1 1711660 1711770
1 1713615 1713787
1 1719527 1719809
1 1720459 1720770
1 1728229 1728422
1 1732701 1732842
1 1737287 1737537
1 1744818 1744951
1 1748374 1748573
1 1749559 1749659
1 1750370 1750476
1 1750948 1751132
1 1751760 1751968
1 1754609 1754759
1 1756680 1757062
1 1766753 1766902
1 1768795 1768929
1 1769585 1769763
1 1771684 1771800
1 1772966 1773064
1 1773737 1773948
1 1775355 1775480
2 2460752 2460893
2 2466282 2466443
2 2467565 2467799
2 2468826 2468993
2 2469715 2469954
2 2471298 2471515
2 2472587 2472739
2 2473015 2473332
2 2475885 2476135
2 2477202 2477434
2 2478470 2478682
2 2479943 2480300
2 2481289 2481437
2 2482050 2482236
2 2483077 2483285
2 2484162 2484264
2 2484916 2485100
2 2485456 2485630
2 2486348 2486487
2 2487326 2487498
2 2488031 2488165
2 2488693 2488809
2 2489776 2489943
2 2490578 2490743
2 2493748 2493870
2 2494954 2495087
2 2496004 2496093
2 2498243 2498493
2 2499553 2499705
2 2500217 2500334
2 2503254 2503448
2 2504384 2504573
2 2511509 2511648
2 2513520 2513754
2 2515093 2515259
2 2515698 2515820
2 2516233 2516414
2 2516670 2516876
2 2516993 2517443
2 2519120 2519349
2 2521043 2521209
2 2521967 2522119
2 2522589 2522690
2 2523320 2523487
2 2523943 2524220
2 2535929 2536095
2 2537215 2537454
2 2537904 2538071
2 2538493 2538698
2 2539232 2539448
2 2540178 2540337
2 2541386 2541662
2 2544639 2544728
2 2545155 2545384
2 2545927 2546093
2 2547046 2547191
2 2547832 2547987
2 2548376 2548532
2 2549109 2549309
3 2627460 2627695
3 2628064 2628216
3 2630172 2630392
3 2630993 2631159
3 2632593 2632809
3 2633044 2633232
3 2633457 2633651
3 2637109 2637276
3 2640126 2640248
3 2642393 2642582
3 2645980 2646158
3 2646664 2646782
3 2647642 2648105
3 2649509 2649670
3 2650040 2650142
3 2650542 2650778
3 2651155 2651284
3 2651357 2651465
3 2652520 2652754
3 2653389 2653518
3 2655176 2655626
3 2656520 2656770
3 2658760 2658943
3 2659721 2659822
3 2662237 2662404
3 2663669 2663869
3 2666623 2666737
3 2667598 2667965
3 2670032 2670265
3 2671165 2671387
3 2671932 2672120
3 2672621 2672827
3 2673609 2674015
3 2674743 2675032
3 2676276 2676565
3 2678106 2678227
3 2678850 2678972
3 2680079 2680523
3 2681938 2682189
3 2683497 2683623
3 2683748 2683869
3 2684250 2684397
3 2684965 2685104
3 2686098 2686376
3 2687054 2687298
3 2688325 2688461
3 2689154 2689437
3 2690064 2690480
3 2691175 2691348
3 2691970 2692104
3 2692604 2692809
3 2693093 2693277
3 2694359 2694498
3 2696343 2696482
3 2697336 2697571
3 2698570 2698737
3 2699673 2699801
3 2700485 2700862
3 2701491 2701604
3 2703169 2703396
3 2704270 2704532
3 2705645 2706116
3 2708754 2709026
3 2709969 2710082
3 2712554 2712743
3 2716369 2716468
3 2716735 2716876
3 2717379 2717651
3 2719120 2719337
3 2720210 2720359
3 2722527 2722669
3 2722908 2723033
3 2723687 2723804
3 2724383 2724550
3 2724868 2725006
3 2725889 2726151
3 2727188 2727370
3 2731540 2731643
3 2732517 2732897
3 2733776 2734087
3 2734915 2735182
3 2738693 2738837
3 2739213 2739396
3 2740054 2740237
3 2741009 2741404
3 2742287 2742543
3 2743363 2743585
3 2744098 2744293
3 2745253 2745457
3 2746647 2746772
3 2747454 2747770
3 2750348 2750432
3 2751068 2751290
3 2753198 2753326
3 2754121 2754414
3 2756665 2756815
3 2757513 2757684
3 2758542 2758722
3 2761325 2761442
3 2762176 2762280
3 2763223 2763350
3 2768920 2769087
3 2769770 2769916
3 2770401 2770494
3 2773617 2773863
3 2774928 2775132
3 2776000 2776110
3 2777832 2778093
3 2780259 2780475
3 2784352 2784561
3 2784944 2785066
3 2785776 2785959
3 2786358 2786661
3 2786972 2787075
3 2791580 2791755
3 2793498 2793637
3 2793959 2794182
3 2795182 2795399
3 2802957 2803087
3 2804928 2805053
3 2806498 2806743
3 2808187 2808412
3 2809515 2809820
3 2810509 2810632
3 2813815 2813970
3 2814437 2814582
3 2816428 2816632
3 2818772 2818840
3 2818955 2819054
4 3016104 3016259
4 3017426 3017543
4 3017679 3017821
4 3019359 3019548
4 3021812 3022068
4 3023565 3023709
4 3024409 3024515
4 3026065 3026204
4 3027554 3027681
4 3028343 3028543
4 3028920 3029120
4 3029277 3029753
4 3031876 3032127
4 3034826 3034976
4 3037767 3038007
4 3040142 3040364
4 3040931 3041203
4 3041969 3042115
4 3042603 3042723
4 3048909 3049039
4 3051115 3051304
4 3052232 3052386
4 3053161 3053381
4 3054106 3054211
4 3055832 3055993
4 3057200 3057357
4 3058982 3059133
4 3060026 3060157
4 3062429 3062642
4 3064400 3064531
4 3065420 3065693
4 3066425 3066702
4 3067706 3067874
4 3071619 3071755
4 3072106 3072289
4 3074337 3074487
4 3075437 3075598
4 3076152 3076356
4 3077101 3077267
4 3078126 3078276
4 3079509 3079732
4 3080268 3080375
4 3080520 3080907
4 3081179 3081323
4 3082254 3082354
4 3083454 3083598
4 3084558 3085097
4 3085814 3086007
4 3090359 3090632
4 3092441 3092525
4 3092692 3092975
4 3094311 3094536
4 3095454 3095698
4 3097306 3097829
4 3098671 3098813
4 3104373 3104635
4 3105443 3105743
4 3107608 3107737
4 3108328 3108506
4 3111765 3112009
4 3114807 3114974
4 3115759 3115892
4 3118759 3118954
4 3119525 3119928
4 3120704 3121026
4 3122250 3122470
4 3122726 3122910
4 3123154 3123293
4 3123499 3123684
4 3124054 3124254
4 3125537 3125676
4 3126391 3126504
4 3127548 3127653
4 3129270 3129498
4 3130498 3130637
4 3131472 3131604
4 3132254 3132437
4 3133534 3133685
4 3134304 3134482
4 3135072 3135255
4 3136043 3136220
4 3137504 3137724
4 3140072 3140202
4 3144093 3144243
4 3145482 3145770
4 3146448 3146637
4 3148754 3149054
4 3149504 3149732
4 3150017 3150263
4 3153290 3153517
4 3153694 3153778
4 3154654 3154798
4 3155724 3155839
4 3157369 3157490
4 3158256 3158357
5 3199793 3200076
5 3201778 3201891
5 3202354 3202532
5 3203870 3204076
5 3204593 3204720
5 3205448 3205676
5 3206498 3206667
5 3207048 3207198
5 3207658 3207794
5 3208298 3208443
5 3209112 3209248
5 3210074 3210362
5 3211454 3211584
5 3212104 3212254
5 3213008 3213176
5 3213709 3213887
5 3214482 3214837
5 3215483 3215618
5 3216059 3216325
5 3217202 3217326
5 3217444 3217599
5 3219387 3219565
5 3220076 3220254
5 3220820 3221070
5 3221488 3221750
5 3222054 3222215
5 3222787 3222970
5 3223852 3223966
5 3224770 3225015
5 3225587 3225843
5 3226287 3226482
5 3227449 3227642
5 3229517 3229639
5 3231276 3231396
5 3233098 3233311
5 3233520 3233719
5 3234682 3234820
5 3235740 3235843
5 3236744 3236881
5 3238098 3238254
5 3238545 3238739
5 3245117 3245316
5 3245874 3246024
5 3246723 3246937
5 3248359 3248565
5 3249001 3249158
5 3250013 3250286
5 3250769 3250979
5 3251475 3251648
5 3260798 3261011
5 3261951 3262188
5 3262632 3262915
5 3263265 3263389
5 3264714 3264823
5 3265151 3265296
5 3265770 3266026
5 3267743 3267885
5 3268715 3268887
5 3269503 3269668
5 3270876 3271043
5 3271118 3271568
5 3272307 3272409
5 3273136 3273372
5 3274037 3274209
5 3274962 3275346
5 3275733 3275935
5 3276677 3276819
5 3277544 3277848
5 3278164 3278424
5 3279002 3279142
5 3280626 3280758
5 3281698 3281921
5 3282532 3282665
5 3282904 3283143
5 3283665 3283859
5 3284370 3284559
5 3286332 3286458
5 3287365 3287495
5 3288977 3289125
5 3289309 3289529
5 3291207 3291346
5 3292487 3292754
5 3293398 3293720
5 3294140 3294404
5 3295100 3295406
5 3296010 3296134
5 3296730 3296885
5 3297489 3297622
5 3300015 3300192
5 3301989 3302198
5 3302678 3302910
5 3304382 3304661
5 3305654 3305774
5 3306580 3306699
5 3307101 3307239
5 3316311 3316463
5 3318027 3318399
5 3319403 3319526
5 3319726 3319814
5 3322849 3322955
5 3324556 3324969
5 3325716 3325876
5 3326176 3326359
5 3326954 3327120
5 3328565 3328665
5 3329298 3329509
5 3329893 3330087
5 3330760 3330885
5 3332159 3332475
5 3333954 3334309
5 3334565 3334754
5 3335041 3335177
5 3335601 3335735
5 3340243 3340482
5 3340577 3340976
5 3341787 3342090
5 3345930 3346238
5 3347824 3348000
5 3348745 3348901
5 3349900 3350031
5 3350820 3351132
5 3351393 3351535
5 3352054 3352282
5 3352549 3352654
5 3356293 3356404
5 3358115 3358305
5 3358842 3358961
5 3361061 3361206
5 3363465 3363637
5 3364152 3364236
5 3365593 3365932
5 3370682 3370859
5 3371827 3371902
5 3372193 3372337
5 3372440 3372550
5 3372893 3373004
5 3374271 3374393
5 3375393 3375720
5 3376754 3376948
5 3378345 3378512
5 3379289 3379429
5 3380619 3380874
5 3382270 3382409
5 3383017 3383134
5 3385043 3385243
5 3385773 3385962
5 3387300 3387432
5 3388210 3388387
5 3388965 3389132
5 3390520 3390726
5 3392800 3392935
5 3393374 3393684
5 3394244 3394378
5 3394952 3395178
5 3395593 3395909
5 3396579 3396794
5 3397262 3397365
5 3398290 3398503
5 3399001 3399235
5 3399732 3399847
5 3400539 3400617
5 3400826 3401037
5 3401687 3401832
5 3402535 3402650
5 3403249 3403400
5 3404054 3404254
5 3404767 3404962
5 3405620 3405729
5 3405826 3405948
5 3407454 3407600
5 3409903 3410023
5 3429978 3430091
5 3430854 3431104
5 3431507 3431617
5 3436232 3436370
5 3437776 3437909
5 3439032 3439131
5 3439687 3439948
5 3441561 3441705
5 3442315 3442487
5 3444709 3444887
5 3445507 3445736
5 3446156 3446277
5 3450009 3450104
5 3452509 3452743
5 3454546 3454715
5 3455559 3455659
5 3457848 3458148
5 3458369 3458542
5 3459541 3459696
5 3463603 3463826
5 3464356 3464467
5 3466526 3466665
5 3467247 3467394
5 3468628 3468764
5 3469293 3469420
5 3470320 3470454
5 3471948 3472076
5 3472648 3472859
5 3473159 3473337
5 3474815 3475020
5 3477193 3477420
5 3477654 3477809
5 3477993 3478265
5 3480257 3480521
5 3489904 3490165
5 3490676 3491054
5 3491404 3491531
5 3492010 3492115
5 3493487 3493670
5 3494387 3494693
5 3495387 3495587
5 3495920 3496287
5 3497154 3497284
5 3498193 3498424
5 3498932 3499183
5 3500376 3500565
5 3500770 3500982
5 3501329 3501477
5 3502854 3503143
5 3503747 3503940
5 3504647 3504774
5 3505978 3506133
5 3506382 3506559
5 3508556 3508684
5 3509237 3509415
5 3509671 3509823
5 3510514 3510660
5 3511982 3512165
5 3513831 3513956
5 3516684 3516817
5 3517707 3517819
5 3518098 3518259
5 3518554 3518715
5 3519748 3519920
5 3521698 3521809
5 3522720 3522843
5 3523455 3523565
5 3524203 3524339
5 3525176 3525359
5 3526837 3527026
5 3527898 3528126
5 3528898 3529276
5 3529715 3529920
5 3530582 3530759
5 3531273 3531407
5 3532994 3533171
5 3534033 3534135
5 3535125 3535330
5 3535989 3536130
5 3536660 3536797
5 3538232 3538404
5 3539059 3539487
5 3540262 3540372
5 3541209 3541420
5 3541795 3541989
5 3542409 3542632
5 3543232 3543365
5 3543954 3544087
5 3544248 3544354
5 3545037 3545198
5 3545845 3545948
5 3546908 3547046
5 3547824 3547940
5 3548343 3548543
5 3550520 3550637
5 3552932 3553109
5 3554676 3554826
5 3556380 3556487
5 3558937 3559251
5 3562761 3563107
5 3564001 3564158
5 3564259 3564443
5 3565220 3565426
5 3566220 3566404
5 3566784 3566904
5 3566995 3567112
5 3567917 3567980
5 3568798 3569054
5 3570697 3570901
5 3571612 3571723
5 3572677 3572849
5 3574591 3574780
5 3574954 3575120
5 3575826 3575962
5 3581077 3581179
5 3591486 3591632
5 3592746 3592908
5 3594069 3594231
5 3596515 3596635
5 3597471 3597617
5 3597787 3597926
5 3598459 3598698
5 3599120 3599293
5 3599780 3600000
5 3600279 3600403
5 3601026 3601187
5 3603964 3604152
5 3604952 3605097
5 3606248 3606387
5 3606637 3606793
5 3607498 3607632
5 3608248 3608387
5 3608515 3608637
5 3611137 3611493
5 3613470 3613643
5 3615387 3615598
5 3616910 3617089
5 3618437 3618887
5 3619829 3619950
5 3620384 3620502
5 3621333 3621522
5 3622232 3622437
5 3623005 3623135
5 3623687 3623970
5 3624495 3624702
5 3625742 3625843
5 3627208 3627393
5 3628076 3628359
5 3628727 3628877
5 3629457 3629609
5 3632654 3632797
5 3633476 3633582
5 3634258 3634371
5 3634909 3635132
5 3635697 3635865
5 3636509 3636737
5 3637325 3637539
5 3637920 3638120
5 3638972 3639094
5 3641315 3641509
5 3643285 3643510
5 3644119 3644309
5 3644987 3645170
5 3645982 3646120
5 3646926 3647098
5 3648104 3648259
5 3648787 3649004
5 3649765 3650004
5 3650392 3650522
5 3652593 3653032
5 3662393 3662665
5 3664220 3664359
5 3665026 3665282
5 3665888 3666206
5 3667176 3667290
5 3667574 3667686
5 3668137 3668343
5 3668826 3669059
5 3669393 3669548
5 3670098 3670220
5 3670692 3670797
5 3671409 3671637
5 3672055 3672246
5 3673515 3673787
5 3674928 3675104
5 3677915 3678088
5 3678820 3679015
5 3680637 3680829
5 3681808 3681957
5 3682887 3683127
5 3683582 3683854
5 3684482 3684632
5 3685509 3685705
5 3686514 3686696
5 3687057 3687274
5 3688137 3688270
5 3690186 3690414
5 3691606 3691747
5 3692443 3692698
5 3693398 3693715
5 3694082 3694387
5 3695020 3695404
5 3695665 3695837
5 3696420 3696543
5 3698535 3698651
5 3699202 3699371
5 3700220 3700382
5 3701298 3701403
5 3704173 3704282
5 3707285 3707398
5 3708122 3708236
5 3709820 3710065
5 3711137 3711293
5 3712785 3712921
5 3715065 3715232
5 3716015 3716126
5 3717259 3717420
5 3719415 3719600
5 3721076 3721193
5 3722370 3722620
5 3723812 3723969
5 3724948 3725332
5 3725720 3725982
5 3726626 3726809
5 3727356 3727419
5 3727743 3727837
5 3731105 3731283
5 3731998 3732148
5 3734773 3734898
5 3736067 3736234
5 3736721 3736889
5 3752309 3752465
5 3758031 3758133
5 3758798 3758998
5 3769222 3769367
5 3772678 3772808
5 3773567 3773792
5 3774137 3774508
5 3775895 3776104
5 3776548 3776832
5 3777095 3777266
5 3778084 3778209
5 3779086 3779227
5 3779548 3779676
5 3780326 3780520
5 3781132 3781259
5 3782064 3782383
5 3783693 3783787
5 3784520 3784665
5 3786471 3786691
5 3787176 3787282
5 3787847 3788082
5 3788614 3788864
5 3790023 3790132
5 3791454 3791648
5 3793504 3793654
5 3794670 3794870
5 3795153 3795286
5 3795965 3796120
5 3796536 3796687
6 4292483 4292589
6 4293670 4293848
6 4296726 4296909
6 4297547 4297719
6 4298837 4299048
6 4299873 4300000
6 4300806 4301082
6 4301364 4301587
6 4301889 4302000
6 4304254 4304415
6 4306777 4306908
6 4307276 4307415
6 4307987 4308326
6 4309082 4309182
6 4309711 4309935
6 4310611 4310716
6 4311054 4311226
6 4312448 4312565
6 4320109 4320348
6 4321689 4321957
6 4322048 4322420
6 4323054 4323282
6 4323708 4323910
6 4324528 4324833
6 4325443 4325765
6 4326305 4326407
6 4327398 4327559
6 4327770 4327887
6 4328456 4328738
6 4328882 4329043
6 4329704 4329959
6 4330482 4330632
6 4330915 4331154
6 4331908 4332093
6 4333170 4333465
6 4334582 4334799
6 4335509 4335620
6 4336314 4336453
6 4337045 4337198
6 4339275 4339442
6 4340215 4340354
6 4340859 4341104
6 4343743 4343890
6 4345465 4345637
6 4346248 4346376
6 4347304 4347432
6 4347920 4348209
6 4349848 4350005
6 4350637 4350832
6 4352020 4352215
6 4352848 4353048
6 4354161 4354264
6 4354952 4355077
6 4357137 4357320
6 4358509 4358614
6 4361339 4361664
6 4362572 4362725
6 4363631 4363761
6 4364359 4364504
6 4365176 4365409
6 4366348 4366559
6 4367135 4367360
6 4368470 4368754
6 4369848 4370026
6 4370767 4370948
6 4371536 4371660
6 4373165 4373304
6 4373444 4373564
6 4374676 4374865
6 4376142 4376355
6 4377703 4377825
6 4378439 4378624
6 4378859 4379037
6 4379565 4379769
6 4380289 4380404
6 4380893 4381065
6 4383767 4384054
6 4384708 4384837
6 4386014 4386151
6 4388409 4388532
6 4391450 4391570
6 4392482 4392828
6 4393590 4393792
6 4395708 4395853
6 4396759 4396876
6 4397943 4398069
6 4399609 4399832
6 4401661 4401816
6 4402499 4402652
6 4403748 4404132
6 4406220 4406382
6 4406970 4407248
6 4407676 4407832
6 4410027 4410195
6 4410686 4410791
6 4411178 4411325
6 4413513 4413605
6 4414579 4414697
6 4415342 4415447
6 4419926 4420026
6 4420870 4421026
6 4422639 4422754
6 4425605 4425846
6 4426484 4426641
6 4427437 4427543
6 4428939 4429069
6 4430763 4430936
6 4434446 4434545
6 4435190 4435370
6 4436235 4436443
6 4436827 4437031
6 4443613 4443800
6 4446570 4446765
6 4452204 4452370
6 4453735 4453824
6 4454790 4454952
6 4455754 4455959
6 4456032 4456226
6 4458043 4458198
6 4459534 4459648
6 4462982 4463147
6 4467065 4467198
6 4468016 4468147
6 4470743 4471054
6 4474933 4475107
6 4476814 4476966
6 4478147 4478369
6 4479017 4479158
6 4479796 4479900
6 4480115 4480276
6 4481339 4481454
6 4482846 4482992
6 4484903 4485005
6 4488176 4488333
6 4489512 4489622
6 4506495 4506668
6 4511256 4511403
6 4513991 4514099
6 4517387 4517509
6 4520215 4520476
6 4520854 4521054
6 4523504 4523607
6 4525571 4525745
6 4527443 4527643
6 4528776 4529015
6 4533104 4533243
6 4533922 4534209
6 4534497 4534602
6 4536787 4536915
6 4542520 4542659
6 4544741 4544907
6 4546699 4546834
6 4547609 4547748
6 4548715 4548848
6 4549754 4549909
6 4550915 4551023
6 4552100 4552245
6 4553409 4553593
6 4554670 4554832
6 4556073 4556193
6 4559256 4559507
6 4560326 4560609
6 4561160 4561390
6 4562482 4562759
6 4565198 4565334
6 4566454 4566699
6 4567176 4567409
6 4567593 4567804
6 4569254 4569454
6 4570591 4570921
6 4571934 4572123
6 4575909 4576098
6 4577198 4577326
6 4578764 4578915
6 4580504 4580687
6 4581255 4581391
6 4582736 4582875
6 4585203 4585346
6 4586114 4586433
6 4587054 4587237
6 4588646 4588934
6 4589632 4589770
6 4590746 4590862
6 4595923 4596012
6 4597502 4597916
6 4599398 4599659
6 4601305 4601467
6 4603594 4603720
6 4604480 4604590
6 4605976 4606092
6 4607143 4607520
6 4608643 4608765
6 4609370 4609582
6 4610309 4610472
6 4614220 4614382
6 4617821 4617927
6 4618013 4618097
6 4619043 4619182
6 4620331 4620508
6 4620712 4620896
6 4622160 4622357
6 4623601 4623948
6 4624874 4624994
6 4626315 4626465
6 4627272 4627450
6 4628448 4628549
6 4631535 4631651
6 4633194 4633602
6 4635748 4635959
6 4637117 4637290
6 4638396 4638703
6 4639806 4639921
6 4640426 4640577
6 4640781 4641032
6 4642176 4642289
6 4643167 4643345
6 4646787 4646970
6 4647848 4648059
6 4649124 4649341
6 4652326 4652541
6 4653370 4653609
6 4656088 4656198
6 4657809 4657915
6 4658279 4658478
6 4660607 4660968
6 4661687 4661832
6 4663359 4663484
6 4665004 4665193
6 4666523 4666994
6 4667645 4667729
6 4669277 4669408
6 4671966 4672212
6 4673094 4673232
6 4674111 4674273
6 4674624 4674857
6 4675717 4675994
6 4679771 4679860
6 4680854 4681104
6 4682032 4682287
6 4682596 4682810
6 4683393 4683807
6 4684993 4685093
6 4686148 4686388
6 4688765 4688974
6 4691182 4691287
6 4691643 4691810
6 4695022 4695159
6 4696209 4696523
6 4700452 4700546
6 4701172 4701305
6 4701729 4701897
6 4702858 4703049
6 4703896 4704053
6 4705238 4705367
6 4706226 4706420
6 4707387 4707593
6 4709504 4710038
6 4711220 4711393
6 4712569 4712784
6 4714128 4714280
6 4715615 4715754
6 4721483 4721630
6 4722278 4722467
6 4723359 4723502
6 4725437 4725593
6 4727028 4727175
6 4728294 4728378
6 4728472 4728665
6 4732681 4732774
6 4733834 4734017
6 4734937 4735176
6 4736277 4736481
6 4741152 4741476
6 4742898 4742987
6 4744037 4744182
6 4748027 4748244
6 4750159 4750237
6 4754498 4754704
6 4756576 4756759
6 4758609 4758732
6 4763606 4763716
6 4767472 4767618
6 4770815 4770920
6 4771596 4771744
6 4772677 4772808
6 4774178 4774319
7 5273419 5273540
7 5274622 5274782
7 5277126 5277254
7 5277882 5278143
7 5283904 5284087
7 5284661 5284864
7 5289359 5289487
7 5293850 5294025
7 5295622 5295753
7 5297311 5297417
7 5306437 5306626
8 5465987 5466098
8 5469958 5470105
8 5471418 5471690
8 5477593 5477734
8 5487048 5487259
8 5488057 5488242
8 5489858 5489962
8 5490446 5490603
8 5491053 5491154
8 5496076 5496226
8 5496658 5496828
8 5497793 5498020
8 5498909 5499159
8 5500932 5501176
8 5502111 5502273
8 5504038 5504176
8 5505054 5505182
8 5505796 5506000
8 5506743 5506931
8 5507738 5507850
8 5508457 5508599
8 5509384 5509554
8 5511360 5511472
8 5512874 5513214
8 5514041 5514264
8 5515904 5516093
8 5517747 5517863
8 5519182 5519370
8 5520716 5521017
8 5522318 5522503
8 5523102 5523310
8 5524712 5524888
8 5527782 5527943
8 5529916 5530215
8 5530809 5530998
8 5533126 5533247
8 5533634 5533738
8 5534742 5534969
8 5536027 5536230
8 5537383 5537520
8 5538293 5538498
8 5539304 5539454
8 5543488 5543787
8 5545598 5545920
8 5546870 5547019
8 5548011 5548164
8 5549554 5549820
8 5550876 5551070
8 5551531 5551716
8 5552052 5552188
8 5552522 5552868
8 5553040 5553290
8 5555365 5555520
8 5557696 5557827
8 5559015 5559159
8 5560237 5560404
8 5561267 5561465
8 5562282 5562654
8 5563307 5563634
8 5564222 5564415
8 5565053 5565278
8 5566837 5567009
8 5568032 5568289
8 5569770 5569887
8 5570709 5570898
8 5571570 5571693
8 5572124 5572290
8 5574378 5574744
8 5575742 5575957
8 5576614 5576860
8 5577332 5577420
8 5578228 5578340
8 5578549 5578649
8 5579420 5579570
8 5580287 5580509
8 5581123 5581432
8 5585624 5585896
8 5586398 5586554
8 5588148 5588420
8 5589822 5590032
8 5592325 5592456
8 5593769 5594141
8 5595051 5595354
8 5598080 5598184
8 5600782 5600904
8 5601637 5601805
8 5602124 5602314
8 5603843 5603982
8 5604546 5604686
8 5606415 5606766
8 5609087 5609298
8 5610305 5610585
8 5611276 5611434
8 5613270 5613448
8 5625605 5625825
8 5626160 5626275
8 5627050 5627152
8 5627309 5627426
8 5629138 5629309
8 5629489 5629702
8 5630071 5630203
8 5630444 5630632
8 5630811 5630954
8 5631959 5632121
8 5632732 5632998
8 5633709 5634098
8 5634648 5634854
8 5636342 5636515
8 5637346 5637507
8 5638356 5638539
8 5639297 5639569
8 5640077 5640370
8 5640605 5640716
8 5641134 5641343
8 5641531 5641777
8 5642205 5642334
8 5642729 5643080
8 5644007 5644222
8 5644920 5645235
8 5648054 5648254
8 5650445 5650780
8 5651413 5651596
8 5654485 5654623
8 5655457 5655689
8 5655815 5655993
8 5656748 5657009
8 5657935 5658091
8 5658717 5658821
8 5659513 5659722
8 5660590 5660705
8 5660933 5661045
8 5661963 5662066
8 5662403 5662569
8 5663503 5663685
8 5663804 5663948
8 5664661 5664801
8 5665723 5665851
8 5666743 5666932
8 5667793 5668054
8 5668870 5669038
8 5669665 5669948
8 5670815 5671082
8 5672011 5672173
8 5673977 5674156
8 5674959 5675154
8 5676243 5676482
8 5677387 5677670
8 5679323 5679506
8 5686032 5686187
8 5686670 5686854
8 5689000 5689123
8 5689705 5689940
8 5690456 5690685
8 5691209 5691363
8 5691859 5692126
8 5692732 5692868
8 5693565 5693943
8 5697251 5697359
8 5699812 5699934
8 5702765 5703198
8 5703704 5703898
8 5704707 5704856
8 5706332 5706451
8 5707015 5707154
8 5707848 5708000
8 5708848 5709093
8 5709715 5709876
8 5711093 5711308
8 5711982 5712115
8 5713326 5713437
8 5714331 5714450
8 5715142 5715336
8 5715875 5716309
8 5717320 5717665
8 5718864 5719054
8 5723213 5723364
8 5723959 5724126
8 5724927 5725304
8 5726120 5726493
8 5727496 5727602
8 5728280 5728672
8 5730854 5731137
8 5733143 5733343
8 5735237 5735448
8 5736304 5736556
8 5737534 5737672
8 5738248 5738415
8 5739426 5739598
8 5740537 5740654
8 5741706 5741851
8 5743509 5743656
8 5746191 5746599
8 5748643 5748809
8 5749424 5749680
8 5750337 5750609
8 5751254 5751559
8 5754237 5754426
8 5755726 5755937
8 5757197 5757312
8 5758773 5758938
8 5759138 5759263
8 5759675 5759783
8 5760515 5760732
8 5760860 5760963
8 5765392 5765540
8 5766451 5766692
8 5767590 5767726
8 5768624 5768763
8 5769414 5769544
8 5770254 5770547
8 5771555 5771812
8 5772337 5772449
8 5773290 5773582
8 5774568 5774744
8 5775540 5775770
8 5776131 5776243
8 5777526 5777637
8 5785198 5785470
8 5786150 5786239
8 5786840 5787151
8 5787930 5788069
8 5788889 5789033
8 5789328 5789501
8 5791165 5791576
8 5792270 5792430
8 5793136 5793295
8 5793855 5794005
8 5795149 5795259
8 5795545 5795745
8 5796493 5796893
8 5797622 5797789
8 5798422 5798600
8 5799223 5799490
8 5799952 5800091
8 5802925 5803032
8 5804012 5804152
8 5805043 5805178
8 5806213 5806436
8 5807345 5807501
8 5808513 5808768
8 5809962 5810081
8 5814182 5814335
8 5815620 5815719
8 5816598 5816737
8 5817712 5817807
8 5819042 5819286
8 5821529 5821821
8 5821994 5822093
8 5823480 5823600
8 5824006 5824194
8 5824610 5824704
8 5825870 5826232
8 5826902 5827035
8 5827370 5827584
8 5829408 5829560
8 5830340 5830445
8 5831289 5831441
8 5832644 5832822
8 5833354 5833643
8 5834554 5834702
8 5836004 5836259
8 5836636 5836746
8 5838179 5838529
8 5839081 5839339
8 5839782 5839893
8 5840460 5840643
8 5840980 5841357
8 5842438 5842728
8 5843266 5843433
8 5844390 5844557
8 5845065 5845154
8 5845726 5845954
8 5846715 5847048
8 5847924 5848252
8 5849014 5849142
8 5851444 5851683
8 5851989 5852267
8 5874009 5874243
8 5874992 5875226
8 5875809 5875998
8 5876717 5876874
8 5877320 5877593
8 5878398 5878498
8 5879226 5879454
8 5880147 5880312
8 5880826 5881026
8 5881687 5881920
8 5882464 5882578
8 5883448 5883632
8 5884221 5884420
8 5885067 5885195
8 5885912 5886012
8 5886759 5886904
8 5888991 5889200
8 5889382 5889515
8 5893615 5893787
8 5895676 5895804
8 5897512 5897737
8 5898920 5899032
8 5899515 5899662
8 5900454 5900626
8 5901477 5901718
8 5901932 5902048
8 5903745 5903955
8 5905337 5905487
8 5906087 5906248
8 5907173 5907316
8 5907957 5908145
8 5908669 5908955
8 5910270 5910476
8 5910665 5910909
8 5911770 5911885
8 5912904 5913065
8 5913719 5913957
8 5914504 5914765
8 5916487 5916648
8 5917576 5917698
8 5925320 5925488
8 5926263 5926515
8 5927135 5927378
8 5928204 5928366
8 5928887 5929204
8 5929582 5929720
8 5930020 5930193
8 5932276 5932409
8 5933937 5934076
8 5934860 5935059
8 5935705 5935833
8 5937966 5938113
8 5938521 5938625
8 5942533 5942847
8 5944699 5944927
8 5945515 5945687
8 5947102 5947236
8 5948188 5948318
8 5949632 5949782
8 5950854 5950972
8 5951648 5951826
8 5953565 5953876
8 5954839 5955048
8 5955538 5955672
8 5956415 5956548
8 5957037 5957415
8 5958358 5958528
8 5959439 5959675
8 5960343 5960470
8 5961201 5961448
8 5962205 5962334
8 5962943 5963170
8 5964940 5965039
8 5966456 5966557
8 5967324 5967434
8 5968065 5968415
8 5968902 5969078
8 5969782 5970009
8 5970637 5970743
8 5971696 5971926
8 5976064 5976409
8 5977335 5977644
8 5982159 5982420
8 5983758 5983958
8 5984706 5984807
8 5985648 5985782
8 5986608 5986920
8 5988608 5988953
8 5992215 5992398
8 5993673 5993824
8 5994570 5994726
8 5997231 5997374
8 5998005 5998183
8 5998738 5998957
8 6003469 6003705
8 6004931 6005256
8 6012054 6012315
8 6014754 6014976
8 6015854 6015987
8 6017538 6017822
8 6018476 6018718
8 6019220 6019343
8 6021166 6021271
8 6021788 6022039
8 6022285 6022416
8 6022520 6022659
8 6022940 6023342
8 6023887 6024104
8 6025023 6025173
8 6026057 6026250
8 6026526 6026662
8 6027291 6027516
8 6028442 6028563
8 6032418 6032742
8 6033220 6033365
8 6034411 6034631
8 6035410 6035598
8 6039776 6040015
8 6040753 6040888
8 6042911 6043058
8 6043662 6043813
8 6044119 6044253
8 6046447 6046646
8 6047645 6047750
8 6048294 6048430
8 6048766 6048900
8 6050654 6050837
8 6053246 6053392
8 6054846 6054971
8 6055139 6055296
8 6057294 6057455
8 6058798 6058948
8 6059793 6059993
8 6064887 6065093
8 6066883 6067082
8 6067793 6067937
8 6069209 6069472
8 6070282 6070415
8 6070826 6070990
8 6072097 6072210
8 6073607 6073879
8 6074837 6074993
8 6076251 6076383
8 6077543 6077748
8 6078610 6078778
8 6080627 6080745
8 6081691 6081892
8 6082508 6082764
9 6108556 6108712
9 6110698 6110865
9 6111739 6111890
9 6112765 6113076
9 6113480 6113584
9 6114137 6114459
9 6115011 6115275
9 6115987 6116182
9 6116581 6116736
9 6117038 6117388
9 6117671 6117812
9 6119188 6119371
9 6119985 6120085
9 6122141 6122423
9 6132087 6132398
9 6133476 6133693
9 6134661 6134750
9 6135414 6135608
9 6136085 6136292
9 6138543 6138659
9 6138927 6139118
9 6140024 6140199
9 6140792 6140930
9 6141398 6141604
9 6142015 6142204
9 6142953 6143115
9 6143882 6143983
9 6144620 6144832
9 6145412 6145563
9 6148112 6148231
9 6149137 6149309
9 6150022 6150184
9 6151037 6151293
9 6153204 6153365
9 6157307 6157419
9 6159262 6159446
9 6160359 6160515
9 6160911 6161040
9 6162687 6162865
9 6163645 6163750
9 6164618 6164777
9 6165619 6165726
9 6166578 6166693
9 6168022 6168216
9 6169176 6169296
9 6170096 6170216
9 6171993 6172137
9 6173382 6173543
9 6174509 6174676
9 6175332 6175461
9 6177561 6177681
9 6178526 6178670
9 6179570 6179754
9 6181020 6181179
9 6181637 6181750
9 6183554 6183790
9 6186848 6186958
9 6188124 6188378
10 6237093 6237237
10 6238565 6238693
10 6243684 6243752
10 6244653 6244854
10 6245436 6245509
10 6245709 6245843
10 6246564 6246726
10 6247477 6247601
10 6248204 6248337
10 6249609 6249809
10 6250997 6251138
10 6253315 6253443
10 6255776 6256059
10 6256893 6257048
10 6258598 6258793
10 6259952 6260226
10 6261028 6261297
10 6261720 6261882
10 6262609 6262898
10 6263593 6263848
10 6265038 6265176
10 6266204 6266565
10 6268310 6268509
10 6270619 6270874
10 6271587 6271782
10 6272707 6272824
10 6273843 6274026
10 6274769 6274978
10 6275532 6275732
10 6276562 6276702
10 6277847 6277996
10 6283178 6283465
10 6285115 6285198
10 6286021 6286335
10 6288286 6288448
10 6289504 6289876
10 6290059 6290204
10 6292104 6292256
10 6293256 6293433
10 6293911 6294043
10 6295031 6295249
10 6295882 6296070
10 6298479 6298651
10 6299259 6299393
10 6303548 6303808
10 6306126 6306297
10 6310113 6310317
10 6311154 6311409
10 6311970 6312176
10 6312587 6312743
10 6313420 6313659
10 6314908 6315119
11 6349915 6350115
11 6353832 6353998
11 6355465 6355559
11 6356101 6356239
11 6356845 6357022
11 6357843 6357988
11 6361013 6361140
11 6362265 6362393
11 6363720 6363882
11 6364382 6364509
11 6369470 6369604
11 6370380 6370511
11 6370870 6371004
11 6371711 6371934
11 6374980 6375225
11 6376376 6376687
12 6834213 6834286
12 6852412 6852511
12 6856225 6856356
12 6876998 6877187
12 6878043 6878223
12 6888476 6888626
12 6894643 6894743
12 6898165 6898513
12 6899126 6899232
12 6902189 6902364
12 6903792 6903917
12 6904021 6904194
12 6916287 6916454
12 6921429 6921642
12 6922902 6923244
12 6927670 6927809
12 6929043 6929276
12 6941315 6941493
12 6944370 6944509
12 6947658 6947831
12 6953499 6953670
12 6954434 6954716
12 6958309 6958543
12 6959387 6959554
12 6960914 6961165
12 6961837 6962037
12 6963733 6963843
12 6964869 6964989
12 6965570 6965882
12 6968797 6968917
12 6970787 6970932
12 6973387 6973498
12 6973859 6973982
12 6978815 6978954
12 6982882 6983032
12 6985755 6985939
12 6986613 6986834
12 6987465 6987620
12 6988232 6988604
12 6989072 6989394
12 6990982 6991109
12 6998382 6998509
12 6999201 6999446
12 7000259 7000404
12 7000774 7000910
12 7001474 7001641
12 7002809 7002920
12 7003352 7003525
12 7004309 7004661
12 7005161 7005411
12 7006682 7006782
12 7012178 7012277
12 7012692 7012803
12 7012958 7013053
12 7014354 7014460
12 7015725 7015914
12 7016504 7016604
12 7017257 7017490
12 7020109 7020215
12 7021053 7021155
12 7022185 7022269
12 7023557 7023705
12 7039615 7039770
12 7040759 7041032
12 7041194 7041265
12 7048920 7049070
12 7051812 7051949
12 7054207 7054527
12 7054934 7055080
12 7056740 7056842
12 7057609 7057804
12 7058718 7058930
12 7061619 7061800
12 7062654 7062765
12 7067354 7067476
12 7070837 7071022
12 7071685 7071802
12 7072508 7072874
12 7073404 7073848
12 7078882 7079098
12 7082826 7083015
12 7084026 7084213
12 7089898 7090032
12 7095504 7095676
12 7097943 7098220
12 7122843 7123104
12 7127226 7127332
12 7136109 7136232
