1709587 1709765 1
1711660 1711770 1
1713615 1713787 2
1719527 1719809 1
1720459 1720770 2
1728229 1728422 1
1732701 1732842 1
1737287 1737537 1
1744818 1744951 1
1748374 1748573 2
1749559 1749659 1
1750370 1750476 1
1750948 1751132 2
1751760 1751968 2
1754609 1754759 1
1756680 1757062 1
1766753 1766902 2
1768795 1768929 1
1769585 1769763 2
1771684 1771800 2
1772966 1773064 1
1773737 1773948 1
1775355 1775480 2
1778293 1778433 1
1780287 1780426 1
1781193 1781293 1
1781767 1781931 1
1783527 1783624 2
1784559 1784670 2
1784959 1785093 1
1785954 1786148 1
1787043 1787220 1
1788767 1788856 1
1801504 1801670 2
1802235 1802601 1
1802881 1803059 1
1805483 1805938 2
1813832 1813904 2
1814425 1814550 2
1817059 1817148 1
1817532 1817598 1
1818962 1819175 2
1821687 1821870 1
1822934 1823028 1
1824093 1824412 1
1825332 1825487 1
1826837 1826932 2
1831187 1831343 1
1831770 1831920 2
1833272 1833402 1
1834087 1834293 1
1838389 1838588 2
1838917 1838985 1
1840632 1840859 2
1845172 1845341 1
1845709 1845787 1
1848970 1849093 1
1849126 1849237 1
1854579 1854668 1
1855897 1856023 1
1860670 1860804 1
1867075 1867196 1
1868231 1868383 1
1871289 1871422 2
1872026 1872120 1
1874106 1874237 1
1876204 1876359 1
1881984 1882107 2
1884263 1884439 2
1885027 1885161 2
1888758 1888860 2
1892679 1892786 1
1893922 1894033 2
1895622 1895716 1
1897744 1897902 1
1898494 1898610 1
1901700 1901821 2
1906009 1906115 1
1913041 1913151 2
1915248 1915526 1
1917115 1917259 1
1922293 1922435 1
1924569 1924738 1
1937261 1937418 1
1953363 1953478 1
1955355 1955444 1
1960065 1960254 1
1962457 1962591 1
1963615 1963683 1
1964304 1964536 1
1969565 1969715 2
1974145 1974375 1
1976459 1976648 2
1977995 1978100 1
1979104 1979198 2
1980022 1980168 1
1980437 1980598 2
1989487 1989616 1
1996536 1996636 1
2002105 2002272 1
2005712 2005795 2
2008912 2009071 1
2012116 2012267 1
2015506 2015586 1
2018087 2018220 1
2019637 2019770 1
2031909 2032018 1
2032160 2032222 1
2036031 2036147 2
2038800 2038878 2
2048173 2048287 1
2065113 2065321 1
2071929 2072098 1
2078271 2078386 1
2090637 2090770 2
2095330 2095476 1
2100852 2100960 1
2102802 2103012 1
2103503 2103639 2
2105088 2105167 1
2105747 2105852 1
2108249 2108329 1
2110759 2110887 1
2119636 2119761 1
2121080 2121325 1
2123320 2123404 1
2149636 2149703 2
2151526 2151643 1
2152089 2152204 1
2154209 2154364 1
2155226 2155304 1
2156392 2156501 1
2159304 2159387 1
2164220 2164415 1
2165143 2165247 2
2166003 2166247 1
2168787 2168937 1
2170733 2170806 1
2176465 2176565 1
2181137 2181272 1
2182212 2182397 1
2182943 2183050 1
2183550 2183683 1
2184765 2184912 2
2186897 2187003 1
2189577 2189662 2
2194387 2194502 1
2195054 2195151 1
2195742 2195842 1
2196456 2196744 1
2198805 2198925 1
2238760 2238833 2
2267364 2267453 1
2277223 2277485 1
2279936 2280055 1
2288644 2288768 1
2290428 2290543 1
2303598 2303682 1
2307759 2307876 1
2311842 2311921 2
2351070 2351195 1
2357766 2358158 1
2362301 2362400 1
2364864 2365168 1
2367048 2367263 1
2367633 2367753 1
2373069 2373174 2
2377636 2377808 1
2379974 2380079 1
2380942 2381088 1
2382841 2383050 1
2385148 2385252 1
2386984 2387214 1
2404476 2404576 1
2405182 2405397 1
2408588 2408682 2
2412733 2412860 2
2417443 2417624 1
2440876 2440959 2
2441564 2441643 2
2460752 2460893 1
2466282 2466443 1
2467565 2467799 2
2468826 2468993 2
2469715 2469954 1
2471298 2471515 2
2472587 2472739 1
2473015 2473332 1
2475885 2476000 2
2476026 2476135 1
2477202 2477434 1
2478470 2478682 1
2479943 2480300 1
2481289 2481437 1
2482050 2482236 2
2483077 2483285 1
2484162 2484264 2
2484916 2485100 1
2485456 2485630 2
2486348 2486487 1
2487326 2487498 1
2488031 2488165 1
2488693 2488809 1
2489776 2489943 1
2490578 2490743 1
2493748 2493870 2
2494954 2495087 1
2496004 2496093 1
2498243 2498493 1
2499553 2499705 1
2500217 2500334 1
2503254 2503448 1
2504384 2504573 2
2511509 2511648 2
2513520 2513754 2
2515093 2515259 1
2515698 2515820 1
2516233 2516414 1
2516670 2516876 1
2516993 2517443 1
2519120 2519349 1
2521043 2521209 1
2521967 2522119 1
2522589 2522690 1
2523320 2523487 1
2523943 2524220 1
2535929 2536095 1
2537215 2537454 1
2537904 2538071 1
2538493 2538698 1
2539232 2539448 1
2540178 2540337 1
2541386 2541662 1
2544639 2544728 1
2545155 2545384 1
2545927 2546093 1
2547046 2547191 1
2547832 2547987 1
2548376 2548532 1
2549109 2549309 1
2627460 2627695 1
2628064 2628216 2
2630172 2630392 1
2630993 2631159 2
2632593 2632809 2
2633044 2633232 1
2633457 2633651 2
2637109 2637276 2
2640126 2640248 1
2642393 2642582 2
2645980 2646158 2
2646664 2646782 1
2647642 2648105 1
2649509 2649670 2
2650040 2650142 2
2650542 2650778 2
2651155 2651284 1
2651357 2651465 1
2652520 2652754 2
2653389 2653518 2
2655176 2655626 2
2656520 2656770 1
2658760 2658943 2
2659721 2659822 1
2662237 2662404 2
2663669 2663869 1
2666623 2666737 2
2667598 2667965 2
2670032 2670265 1
2671165 2671387 2
2671932 2672120 2
2672621 2672827 1
2673609 2674015 2
2674743 2675032 2
2676276 2676565 1
2678106 2678227 1
2678850 2678972 2
2680079 2680523 1
2681938 2682189 2
2683497 2683623 1
2683748 2683869 1
2684250 2684397 2
2684965 2685104 1
2686098 2686376 1
2687054 2687298 2
2688325 2688461 2
2689154 2689437 1
2690064 2690480 1
2691175 2691348 2
2691970 2692104 2
2692604 2692809 2
2693093 2693277 2
2694359 2694498 1
2696343 2696482 1
2697336 2697571 1
2698570 2698737 1
2699673 2699801 1
2700485 2700862 2
2701491 2701604 2
2703169 2703396 1
2704270 2704532 2
2705645 2706116 1
2708754 2709026 2
2709969 2710082 1
2712554 2712743 1
2716369 2716468 1
2716735 2716876 2
2717379 2717651 1
2719120 2719337 2
2720210 2720359 1
2722527 2722669 2
2722908 2723033 1
2723687 2723804 2
2724383 2724550 2
2724868 2725006 1
2725889 2726151 2
2727188 2727370 1
2731540 2731643 2
2732517 2732897 2
2733776 2734087 1
2734915 2735182 1
2738693 2738837 2
2739213 2739396 1
2740054 2740237 2
2741009 2741404 1
2742287 2742543 1
2743363 2743585 2
2744098 2744293 2
2745253 2745457 1
2746647 2746772 2
2747454 2747770 1
2750348 2750432 1
2751068 2751290 2
2753198 2753326 1
2754121 2754414 1
2756665 2756815 1
2757513 2757684 2
2758542 2758722 2
2761325 2761442 2
2762176 2762280 1
2763223 2763350 1
2768920 2769087 2
2769770 2769916 1
2770401 2770494 2
2773617 2773863 1
2774928 2775132 2
2776000 2776110 1
2777832 2778093 2
2780259 2780415 1
2784352 2784561 1
2784944 2785066 1
2785776 2785959 1
2786358 2786661 2
2786972 2787075 2
2791580 2791755 1
2793498 2793637 2
2793959 2794182 1
2795182 2795399 1
2802957 2803087 1
2804928 2805053 2
2806498 2806743 1
2808187 2808412 1
2809515 2809820 1
2810509 2810632 1
2813815 2813970 1
2814437 2814582 1
2816428 2816632 1
2818772 2818840 1
2818955 2819054 1
2822365 2822481 1
2823053 2823153 2
2824662 2824866 1
2827246 2827534 1
2827921 2828057 1
2831632 2831826 2
2832754 2832896 1
2835417 2835574 2
2835776 2836070 1
2838032 2838237 1
2841859 2842020 2
2843080 2843201 1
2846334 2846611 2
2851591 2851689 1
2852364 2852499 2
2854131 2854236 2
2857679 2857902 1
2858786 2858926 2
2865870 2866070 2
2867358 2867671 1
2868465 2868598 1
2870865 2871026 2
2871948 2872115 1
2873355 2873568 2
2874166 2874354 2
2880940 2881077 1
2888216 2888405 1
2896532 2896682 2
2915007 2915117 1
2915860 2916048 2
2919658 2919893 2
2930292 2930428 1
2948376 2948470 2
2961302 2961469 2
2966114 2966193 1
2966870 2966938 2
2967461 2967582 2
2967927 2968204 1
2969454 2969549 2
2970736 2970945 2
2971447 2971578 1
2971948 2972082 2
2983876 2983978 1
2989730 2989864 2
3016104 3016259 2
3017426 3017543 1
3017679 3017821 2
3019359 3019548 2
3021812 3022068 1
3023565 3023709 2
3024409 3024515 1
3026065 3026204 2
3027554 3027681 1
3028343 3028543 2
3028920 3029120 1
3029277 3029753 2
3031876 3032127 1
3034826 3034976 1
3037767 3038007 1
3040142 3040364 1
3040931 3041203 2
3041969 3042115 1
3042603 3042723 1
3048909 3049039 2
3051115 3051304 1
3052232 3052386 1
3053161 3053381 1
3054106 3054211 1
3055832 3055993 1
3057200 3057357 1
3058982 3059133 1
3060026 3060157 1
3062429 3062642 1
3064400 3064531 2
3065420 3065693 1
3066425 3066702 2
3067706 3067874 1
3071619 3071755 2
3072106 3072289 2
3074337 3074487 1
3075437 3075598 1
3076152 3076356 2
3077101 3077267 2
3078126 3078276 1
3079509 3079732 2
3080268 3080375 2
3080520 3080907 2
3081179 3081323 1
3082254 3082354 1
3083454 3083598 2
3084558 3085097 1
3085814 3086007 1
3090359 3090632 1
3092441 3092525 2
3092692 3092975 1
3094311 3094536 2
3095454 3095698 2
3097306 3097829 1
3098671 3098813 1
3104373 3104635 2
3105443 3105743 1
3107608 3107737 2
3108328 3108506 1
3111765 3112009 2
3114807 3114974 1
3115759 3115892 2
3118759 3118954 2
3119525 3119928 2
3120704 3121026 1
3122250 3122470 1
3122726 3122910 1
3123154 3123293 2
3123499 3123684 2
3124054 3124254 1
3125537 3125676 2
3126391 3126504 2
3127548 3127653 1
3129270 3129498 1
3130498 3130637 2
3131472 3131604 1
3132254 3132437 2
3133534 3133685 2
3134304 3134482 1
3135072 3135255 2
3136043 3136220 1
3137504 3137724 2
3140072 3140202 2
3144093 3144243 1
3145482 3145770 2
3146448 3146637 2
3148754 3149054 1
3149504 3149732 2
3150017 3150263 1
3153290 3153517 1
3153694 3153778 2
3154654 3154798 1
3155724 3155839 1
3157369 3157490 2
3158256 3158357 1
3199793 3200076 2
3201778 3201891 1
3202354 3202532 1
3203870 3204076 2
3204593 3204720 1
3205448 3205676 2
3206498 3206667 1
3207048 3207198 2
3207658 3207794 2
3208298 3208443 1
3209112 3209248 2
3210074 3210362 1
3211454 3211584 1
3212104 3212254 2
3213008 3213176 1
3213709 3213887 2
3214482 3214837 1
3215483 3215618 1
3216059 3216325 2
3217202 3217326 1
3217444 3217599 2
3219387 3219565 1
3220076 3220254 1
3220820 3221070 2
3221488 3221750 2
3222054 3222215 1
3222787 3222970 2
3223852 3223966 1
3224770 3225015 2
3225587 3225843 1
3226287 3226482 2
3227449 3227642 1
3229517 3229639 1
3231276 3231396 2
3233098 3233311 1
3233520 3233719 1
3234682 3234820 2
3235740 3235843 2
3236744 3236881 1
3238098 3238254 1
3238545 3238739 2
3245117 3245316 1
3245874 3246024 2
3246723 3246937 2
3248359 3248565 1
3249001 3249158 2
3250013 3250286 2
3250769 3250979 1
3251475 3251648 2
3260798 3261011 2
3261951 3262188 1
3262632 3262915 2
3263265 3263389 1
3264714 3264823 2
3265151 3265296 1
3265770 3266026 2
3267743 3267885 2
3268715 3268887 1
3269503 3269668 1
3270876 3271043 1
3271118 3271568 1
3272307 3272409 2
3273136 3273372 2
3274037 3274209 2
3274962 3275346 2
3275733 3275935 1
3276677 3276819 1
3277544 3277848 1
3278164 3278424 1
3279002 3279142 2
3280626 3280758 2
3281698 3281921 2
3282532 3282665 1
3282904 3283143 2
3283665 3283859 1
3284370 3284559 2
3286332 3286458 1
3287365 3287495 2
3288977 3289125 1
3289309 3289529 2
3291207 3291346 2
3292487 3292754 1
3293398 3293720 2
3294140 3294253 1
3294303 3294404 2
3295100 3295406 2
3296010 3296134 1
3296730 3296885 2
3297489 3297622 1
3300015 3300192 1
3301989 3302198 1
3302678 3302910 1
3304382 3304661 2
3305654 3305774 1
3306580 3306699 2
3307101 3307239 2
3316311 3316463 2
3318027 3318399 2
3319403 3319526 1
3319726 3319814 1
3322849 3322955 2
3324556 3324969 1
3325716 3325876 1
3326176 3326359 1
3326954 3327120 1
3328565 3328665 1
3329298 3329509 1
3329893 3330087 1
3330760 3330885 1
3332159 3332270 1
3332313 3332475 1
3333954 3334309 1
3334565 3334754 2
3335041 3335177 1
3335601 3335735 2
3340243 3340482 1
3340577 3340976 1
3341787 3342090 1
3345930 3346238 1
3347824 3348000 1
3348745 3348901 1
3349900 3350031 1
3350820 3351132 1
3351393 3351535 2
3352054 3352282 1
3352549 3352654 1
3356293 3356404 1
3358115 3358305 1
3358842 3358961 2
3361061 3361206 1
3363465 3363637 2
3364152 3364236 1
3365593 3365932 1
3370682 3370859 1
3371827 3371902 1
3372193 3372337 1
3372440 3372550 1
3372893 3373004 1
3374271 3374393 2
3375393 3375720 2
3376754 3376948 1
3378345 3378512 1
3379289 3379429 1
3380619 3380874 1
3382270 3382409 1
3383017 3383134 1
3385043 3385243 1
3385773 3385962 1
3387300 3387432 1
3388210 3388387 1
3388965 3389132 1
3390520 3390726 1
3392800 3392935 1
3393374 3393684 1
3394244 3394378 2
3394952 3395178 1
3395593 3395909 2
3396579 3396794 1
3397262 3397365 1
3398290 3398503 1
3399001 3399235 1
3399732 3399847 1
3400539 3400617 1
3400826 3401037 2
3401687 3401832 1
3402535 3402650 1
3403249 3403400 1
3404054 3404254 1
3404767 3404962 2
3405620 3405729 2
3405826 3405948 1
3407454 3407600 1
3409903 3410023 1
3429978 3430091 1
3430854 3431104 2
3431507 3431617 2
3436232 3436370 2
3437776 3437909 1
3439032 3439131 2
3439687 3439948 2
3441561 3441705 1
3442315 3442487 2
3444709 3444887 1
3445507 3445736 1
3446156 3446277 2
3450009 3450104 1
3452509 3452743 1
3454546 3454715 1
3455559 3455659 2
3457848 3458148 1
3458369 3458542 2
3459541 3459696 1
3463603 3463826 1
3464356 3464467 2
3466526 3466665 1
3467247 3467394 2
3468628 3468764 2
3469293 3469420 2
3470320 3470454 1
3471948 3472076 1
3472648 3472859 2
3473159 3473337 2
3474815 3475020 1
3477193 3477420 2
3477654 3477809 2
3477993 3478265 2
3480257 3480521 2
3489904 3490165 1
3490676 3491054 1
3491404 3491531 2
3492010 3492115 2
3493487 3493670 1
3494387 3494693 1
3495387 3495587 2
3495920 3496287 2
3497154 3497284 1
3498193 3498424 2
3498932 3499183 2
3500376 3500565 1
3500770 3500982 1
3501329 3501477 2
3502854 3503143 1
3503747 3503940 1
3504647 3504774 1
3505978 3506133 2
3506382 3506559 2
3508556 3508684 2
3509237 3509415 1
3509671 3509823 1
3510514 3510660 1
3511982 3512165 2
3513831 3513956 2
3516684 3516817 1
3517707 3517819 1
3518098 3518259 1
3518554 3518715 1
3519748 3519920 2
3521698 3521809 1
3522720 3522843 1
3523455 3523565 2
3524203 3524339 1
3525176 3525359 1
3526837 3527026 2
3527898 3528126 2
3528898 3529276 1
3529715 3529920 1
3530582 3530759 1
3531273 3531407 2
3532994 3533171 1
3534033 3534135 2
3535125 3535330 1
3535989 3536130 2
3536660 3536797 1
3538232 3538404 1
3539059 3539487 1
3540262 3540372 1
3541209 3541420 1
3541795 3541989 1
3542409 3542632 1
3543232 3543365 1
3543954 3544087 2
3544248 3544354 1
3545037 3545198 2
3545845 3545948 1
3546908 3547046 1
3547824 3547940 1
3548343 3548543 1
3550520 3550637 1
3552932 3553109 1
3554676 3554826 1
3556380 3556487 2
3558937 3559251 1
3562761 3563107 1
3564001 3564158 2
3564259 3564443 1
3565220 3565426 2
3566220 3566404 2
3566784 3566904 1
3566995 3567112 2
3567917 3567980 2
3568798 3569054 1
3570697 3570901 1
3571612 3571723 1
3572677 3572849 2
3574591 3574780 1
3574954 3575120 2
3575826 3575962 1
3581077 3581179 2
3591486 3591632 1
3592746 3592908 2
3594069 3594231 1
3596515 3596635 1
3597471 3597617 2
3597787 3597926 1
3598459 3598698 1
3599120 3599293 2
3599780 3600000 1
3600279 3600403 2
3601026 3601187 1
3603964 3604152 1
3604952 3605097 2
3606248 3606387 2
3606637 3606793 1
3607498 3607632 1
3608248 3608387 2
3608515 3608637 1
3611137 3611493 1
3613470 3613643 2
3615387 3615598 1
3616910 3617089 1
3618437 3618887 2
3619829 3619950 2
3620384 3620502 1
3621333 3621522 1
3622232 3622437 2
3623005 3623135 2
3623687 3623970 2
3624495 3624702 1
3625742 3625843 2
3627208 3627393 1
3628076 3628359 1
3628727 3628877 2
3629457 3629609 1
3632654 3632797 1
3633476 3633582 2
3634258 3634371 2
3634909 3635132 1
3635697 3635865 1
3636509 3636737 1
3637325 3637539 2
3637920 3638120 1
3638972 3639094 1
3641315 3641509 1
3643285 3643510 2
3644119 3644309 1
3644987 3645170 2
3645982 3646120 1
3646926 3647098 2
3648104 3648259 1
3648787 3649004 2
3649765 3650004 2
3650392 3650522 2
3652593 3653032 1
3662393 3662665 1
3664220 3664359 2
3665026 3665282 2
3665888 3666206 1
3667176 3667290 1
3667574 3667686 2
3668137 3668343 2
3668826 3669059 1
3669393 3669548 2
3670098 3670220 2
3670692 3670797 1
3671409 3671637 2
3672055 3672246 1
3673515 3673787 2
3674928 3675104 2
3677915 3678088 2
3678820 3679015 1
3680637 3680829 2
3681808 3681957 2
3682887 3683127 1
3683582 3683854 2
3684482 3684632 1
3685509 3685705 1
3686514 3686696 1
3687057 3687274 2
3688137 3688270 1
3690186 3690414 1
3691606 3691747 2
3692443 3692698 2
3693398 3693715 1
3694082 3694387 2
3695020 3695404 2
3695665 3695837 1
3696420 3696543 1
3698535 3698651 2
3699202 3699371 1
3700220 3700382 2
3701298 3701403 2
3704173 3704282 1
3707285 3707398 2
3708122 3708236 1
3709820 3710065 1
3711137 3711293 2
3712785 3712921 1
3715065 3715232 1
3716015 3716126 2
3717259 3717420 1
3719415 3719600 2
3721076 3721193 2
3722370 3722620 1
3723812 3723969 2
3724948 3725332 1
3725720 3725982 2
3726626 3726809 1
3727356 3727419 1
3727743 3727837 2
3731105 3731283 1
3731998 3732148 1
3734773 3734898 2
3736067 3736234 2
3736721 3736889 2
3752309 3752465 1
3758031 3758133 1
3758798 3758998 2
3769222 3769367 2
3772678 3772808 2
3773567 3773792 1
3774137 3774508 2
3775895 3776104 2
3776548 3776832 2
3777095 3777266 1
3778084 3778209 2
3779086 3779227 1
3779548 3779676 1
3780326 3780520 2
3781132 3781259 1
3782064 3782383 2
3783693 3783787 1
3784520 3784665 1
3786471 3786691 2
3787176 3787282 1
3787847 3788082 2
3788614 3788864 2
3790023 3790132 2
3791454 3791648 1
3793504 3793654 2
3794670 3794870 1
3795153 3795286 2
3795965 3796120 2
3796536 3796687 1
4292483 4292589 1
4293670 4293848 2
4296726 4296909 1
4297547 4297719 1
4298837 4299048 1
4299873 4300000 2
4300806 4301082 1
4301364 4301587 2
4301889 4302000 1
4304254 4304415 2
4306777 4306908 1
4307276 4307415 1
4307987 4308326 2
4309082 4309182 1
4309711 4309935 2
4310611 4310716 1
4311054 4311226 1
4312448 4312565 2
4320109 4320348 1
4321689 4321957 2
4322048 4322420 1
4323054 4323282 2
4323708 4323910 2
4324528 4324833 2
4325443 4325765 1
4326305 4326407 2
4327398 4327559 2
4327770 4327887 2
4328456 4328572 1
4328604 4328738 2
4328882 4329043 1
4329704 4329959 1
4330482 4330632 1
4330915 4331154 1
4331908 4332093 1
4333170 4333465 2
4334582 4334799 1
4335509 4335620 2
4336314 4336453 1
4337045 4337198 2
4339275 4339442 1
4340215 4340354 1
4340859 4341104 1
4343743 4343890 2
4345465 4345637 1
4346248 4346376 1
4347304 4347432 2
4347920 4348209 2
4349848 4350005 2
4350637 4350832 1
4352020 4352215 2
4352848 4353048 1
4354161 4354264 2
4354952 4355077 2
4357137 4357320 1
4358509 4358614 2
4361339 4361664 1
4362572 4362725 2
4363631 4363761 1
4364359 4364504 2
4365176 4365409 1
4366348 4366559 2
4367135 4367360 1
4368470 4368754 1
4369848 4370026 2
4370767 4370948 2
4371536 4371660 1
4373165 4373304 1
4373444 4373564 2
4374676 4374865 2
4376142 4376355 1
4377703 4377825 1
4378439 4378624 1
4378859 4379037 2
4379565 4379769 2
4380289 4380404 1
4380893 4381065 1
4383767 4384054 2
4384708 4384837 1
4386014 4386151 1
4388409 4388532 2
4391450 4391570 1
4392482 4392828 1
4393590 4393792 2
4395708 4395853 1
4396759 4396876 2
4397943 4398069 1
4399609 4399832 2
4401661 4401816 1
4402499 4402652 2
4403748 4404132 1
4406220 4406382 1
4406970 4407248 1
4407676 4407832 2
4410027 4410195 1
4410686 4410791 2
4411178 4411325 1
4413513 4413605 1
4414579 4414697 2
4415342 4415447 1
4419926 4420026 2
4420870 4421026 1
4422639 4422754 2
4425605 4425846 2
4426484 4426641 1
4427437 4427543 1
4428939 4429069 1
4430763 4430936 2
4434446 4434545 2
4435190 4435370 2
4436235 4436443 1
4436827 4437031 2
4443613 4443800 1
4446570 4446765 2
4452204 4452370 2
4453735 4453824 1
4454790 4454952 2
4455754 4455959 1
4456032 4456226 1
4458043 4458198 2
4459534 4459648 1
4462982 4463147 1
4467065 4467198 1
4468016 4468147 2
4470743 4471054 2
4474933 4475107 1
4476814 4476966 1
4478147 4478369 2
4479017 4479158 1
4479796 4479900 1
4480115 4480276 1
4481339 4481454 2
4482846 4482992 2
4484903 4485005 1
4488176 4488333 1
4489512 4489622 2
4506495 4506668 1
4511256 4511403 1
4513991 4514099 1
4517387 4517509 1
4520215 4520476 2
4520854 4521054 1
4523504 4523607 2
4525571 4525745 2
4527443 4527643 1
4528776 4529015 2
4533104 4533243 1
4533922 4534209 1
4534497 4534602 2
4536787 4536915 1
4542520 4542659 1
4544741 4544907 1
4546699 4546834 2
4547609 4547748 1
4548715 4548848 2
4549754 4549909 1
4550915 4551023 2
4552100 4552245 2
4553409 4553593 1
4554670 4554832 2
4556073 4556193 2
4559256 4559507 1
4560326 4560609 2
4561160 4561390 1
4562482 4562759 2
4565198 4565334 1
4566454 4566699 2
4567176 4567409 2
4567593 4567804 2
4569254 4569454 1
4570591 4570921 2
4571934 4572123 1
4575909 4576098 1
4577198 4577326 1
4578764 4578915 2
4580504 4580687 2
4581255 4581391 2
4582736 4582875 2
4585203 4585346 1
4586114 4586433 2
4587054 4587237 2
4588646 4588934 1
4589632 4589770 2
4590746 4590862 1
4595923 4596012 1
4597502 4597916 2
4599398 4599659 1
4601305 4601467 1
4603594 4603720 2
4604480 4604590 1
4605976 4606092 1
4607143 4607520 2
4608643 4608765 1
4609370 4609582 1
4610309 4610472 1
4614220 4614382 2
4617821 4617927 1
4618013 4618097 1
4619043 4619182 2
4620331 4620508 1
4620712 4620896 2
4622160 4622357 2
4623601 4623948 1
4624874 4624994 2
4626315 4626465 1
4627272 4627450 1
4628448 4628549 2
4631535 4631651 1
4633194 4633602 2
4635748 4635959 1
4637117 4637290 1
4638396 4638532 1
4638576 4638703 1
4639806 4639921 1
4640426 4640577 2
4640781 4641032 2
4642176 4642289 1
4643167 4643345 2
4646787 4646970 2
4647848 4648059 1
4649124 4649341 1
4652326 4652541 2
4653370 4653609 1
4656088 4656198 2
4657809 4657915 2
4658279 4658478 1
4660607 4660968 1
4661687 4661832 1
4663359 4663484 2
4665004 4665193 1
4666523 4666994 2
4667645 4667729 1
4669277 4669408 2
4671966 4672212 1
4673094 4673232 2
4674111 4674273 2
4674624 4674857 2
4675717 4675994 1
4679771 4679860 1
4680854 4681104 1
4682032 4682287 2
4682596 4682810 1
4683393 4683807 2
4684993 4685093 1
4686148 4686388 2
4688765 4688974 2
4691182 4691287 2
4691643 4691810 1
4695022 4695159 2
4696209 4696523 2
4700452 4700546 2
4701172 4701305 1
4701729 4701897 1
4702858 4703049 2
4703896 4704053 1
4705238 4705367 2
4706226 4706420 2
4707387 4707593 1
4709504 4710038 1
4711220 4711393 1
4712569 4712784 2
4714128 4714280 2
4715615 4715754 1
4721483 4721630 1
4722278 4722467 2
4723359 4723502 1
4725437 4725593 2
4727028 4727175 1
4728294 4728378 2
4728472 4728665 2
4732681 4732774 2
4733834 4734017 1
4734937 4735176 2
4736277 4736481 1
4741152 4741476 1
4742898 4742987 2
4744037 4744182 2
4748027 4748244 1
4750159 4750237 2
4754498 4754704 2
4756576 4756759 1
4758609 4758732 2
4763606 4763716 1
4767472 4767618 2
4770815 4770920 1
4771596 4771744 1
4772677 4772808 1
4774178 4774319 2
4777228 4777432 1
4779842 4779954 1
4785322 4785450 2
4788561 4788712 1
4792432 4792651 1
4794698 4794867 1
4799441 4799619 2
4800576 4800692 2
4804385 4804500 2
4804832 4804976 1
4805776 4805893 2
4808028 4808206 1
4819454 4819548 2
4820714 4820878 1
4829287 4829454 2
4830066 4830178 1
4839296 4839468 1
4841582 4841657 1
4843747 4843832 2
4846975 4847131 2
4849687 4849809 2
4851087 4851187 1
4853214 4853366 1
4855843 4855987 1
4858636 4858769 1
4865222 4865344 2
4865950 4866190 2
4866702 4866875 1
4868334 4868449 2
4869909 4870054 1
4871795 4871951 2
4874498 4874603 1
4877384 4877541 2
4878571 4878681 2
4879048 4879154 2
4892010 4892174 2
4896193 4896332 1
4900015 4900091 1
4901696 4901815 2
4912643 4912809 2
4923850 4923978 1
4924761 4924845 1
4933429 4933544 2
4935406 4935647 2
4939623 4939785 1
4940287 4940504 1
4941359 4941469 1
4945632 4945765 1
4959715 4959854 1
4965980 4966105 2
4976334 4976449 1
4985535 4985708 1
4990463 4990599 2
4995077 4995401 1
4999465 4999565 2
5000120 5000220 1
5008735 5008908 1
5009546 5009677 2
5010828 5010896 2
5012733 5012826 1
5013389 5013536 2
5014340 5014445 2
5014948 5015048 1
5015316 5015452 2
5024773 5024847 2
5030460 5030643 1
5032064 5032175 2
5036658 5036773 1
5039500 5039611 1
5041854 5041991 2
5043511 5043614 2
5044756 5044845 1
5053168 5053445 1
5069550 5069661 2
5085595 5085684 2
5087287 5087465 1
5094362 5094493 2
5097835 5097992 1
5098849 5098965 2
5103820 5103961 1
5108554 5108695 1
5122651 5122774 2
5124676 5124808 1
5129998 5130104 1
5130920 5131059 2
5131522 5131695 2
5132348 5132482 1
5132859 5132970 1
5133598 5133770 2
5133917 5134059 2
5146106 5146222 2
5146726 5146826 1
5147868 5147997 2
5158782 5158887 1
5161139 5161255 2
5162615 5162759 1
5273419 5273540 2
5274622 5274782 1
5277126 5277254 1
5277882 5278143 1
5283904 5284087 2
5284661 5284864 1
5289359 5289487 2
5293850 5294025 1
5295622 5295753 1
5297311 5297417 1
5306437 5306626 1
5465987 5466098 2
5469958 5470105 1
5471418 5471690 2
5477593 5477734 2
5487048 5487259 1
5488057 5488242 2
5489858 5489962 1
5490446 5490603 2
5491053 5491154 2
5496076 5496226 2
5496658 5496828 1
5497793 5498020 1
5498909 5499159 1
5500932 5501176 2
5502111 5502273 2
5504038 5504176 1
5505054 5505182 2
5505796 5506000 1
5506743 5506931 1
5507738 5507850 2
5508457 5508599 2
5509384 5509554 1
5511360 5511472 1
5512874 5513214 2
5514041 5514264 1
5515904 5516093 2
5517747 5517863 2
5519182 5519370 1
5520716 5521017 1
5522318 5522503 1
5523102 5523310 1
5524712 5524888 2
5527782 5527943 2
5529916 5530215 2
5530809 5530998 1
5533126 5533247 2
5533634 5533738 2
5534742 5534969 1
5536027 5536230 2
5537383 5537520 2
5538293 5538498 1
5539304 5539454 2
5543488 5543787 1
5545598 5545920 2
5546870 5547019 2
5548011 5548164 1
5549554 5549820 2
5550876 5551070 2
5551531 5551716 1
5552052 5552188 1
5552522 5552868 1
5553040 5553290 2
5555365 5555520 1
5557696 5557827 1
5559015 5559159 2
5560237 5560404 2
5561267 5561465 1
5562282 5562654 2
5563307 5563634 1
5564222 5564415 2
5565053 5565278 1
5566837 5567009 1
5568032 5568289 2
5569770 5569887 1
5570709 5570898 2
5571570 5571693 1
5572124 5572290 2
5574378 5574744 2
5575742 5575957 2
5576614 5576860 2
5577332 5577420 1
5578228 5578340 1
5578549 5578649 2
5579420 5579570 1
5580287 5580509 1
5581123 5581432 2
5585624 5585896 2
5586398 5586554 2
5588148 5588420 1
5589822 5590032 2
5592325 5592456 1
5593769 5594141 2
5595051 5595354 2
5598080 5598184 1
5600782 5600904 2
5601637 5601805 2
5602124 5602314 1
5603843 5603982 2
5604546 5604686 2
5606415 5606766 2
5609087 5609298 2
5610305 5610585 1
5611276 5611434 2
5613270 5613448 1
5625605 5625825 2
5626160 5626275 1
5627050 5627152 2
5627309 5627426 1
5629138 5629309 1
5629489 5629702 2
5630071 5630203 1
5630444 5630632 1
5630811 5630954 2
5631959 5632121 2
5632732 5632998 1
5633709 5634098 2
5634648 5634854 2
5636342 5636515 1
5637346 5637507 2
5638356 5638539 1
5639297 5639569 1
5640077 5640370 2
5640605 5640716 2
5641134 5641343 1
5641531 5641777 1
5642205 5642334 1
5642729 5643080 2
5644007 5644222 1
5644920 5645235 2
5648054 5648254 2
5650445 5650780 2
5651413 5651596 1
5654485 5654623 1
5655457 5655689 1
5655815 5655993 2
5656748 5657009 1
5657935 5658091 1
5658717 5658821 2
5659513 5659722 1
5660590 5660705 2
5660933 5661045 1
5661963 5662066 2
5662403 5662569 1
5663503 5663685 2
5663804 5663948 1
5664661 5664801 1
5665723 5665851 1
5666743 5666932 2
5667793 5668054 1
5668870 5669038 1
5669665 5669948 1
5670815 5671082 2
5672011 5672173 1
5673977 5674156 2
5674959 5675154 2
5676243 5676482 1
5677387 5677670 2
5679323 5679506 2
5686032 5686187 1
5686670 5686854 2
5689000 5689123 1
5689705 5689940 1
5690456 5690685 2
5691209 5691363 1
5691859 5692126 1
5692732 5692868 1
5693565 5693943 1
5697251 5697359 2
5699812 5699934 1
5702765 5703198 2
5703704 5703898 2
5704707 5704856 1
5706332 5706451 1
5707015 5707154 2
5707848 5708000 1
5708848 5709093 2
5709715 5709876 2
5711093 5711308 1
5711982 5712115 1
5713326 5713437 2
5714331 5714450 2
5715142 5715336 1
5715875 5716309 2
5717320 5717665 1
5718864 5719054 1
5723213 5723364 2
5723959 5724126 1
5724927 5725304 2
5726120 5726493 2
5727496 5727602 1
5728280 5728672 1
5730854 5731137 2
5733143 5733343 2
5735237 5735448 1
5736304 5736556 1
5737534 5737672 2
5738248 5738415 1
5739426 5739598 2
5740537 5740654 2
5741706 5741851 1
5743509 5743656 2
5746191 5746599 2
5748643 5748809 1
5749424 5749680 2
5750337 5750609 1
5751254 5751559 2
5754237 5754426 1
5755726 5755937 1
5757197 5757312 2
5758773 5758938 2
5759138 5759263 1
5759675 5759783 1
5760515 5760732 2
5760860 5760963 1
5765392 5765540 1
5766451 5766692 1
5767590 5767726 2
5768624 5768763 1
5769414 5769544 2
5770254 5770547 2
5771555 5771812 2
5772337 5772449 1
5773290 5773582 2
5774568 5774744 2
5775540 5775770 1
5776131 5776243 2
5777526 5777637 1
5785198 5785470 2
5786150 5786239 2
5786840 5787151 1
5787930 5788069 1
5788889 5789033 2
5789328 5789501 1
5791165 5791576 1
5792270 5792430 2
5793136 5793295 1
5793855 5794005 1
5795149 5795259 1
5795545 5795745 2
5796493 5796893 1
5797622 5797789 2
5798422 5798600 2
5799223 5799490 1
5799952 5800091 1
5802925 5803032 1
5804012 5804152 2
5805043 5805178 1
5806213 5806436 1
5807345 5807501 2
5808513 5808768 1
5809962 5810081 1
5814182 5814335 2
5815620 5815719 1
5816598 5816737 2
5817712 5817807 1
5819042 5819286 1
5821529 5821821 2
5821994 5822093 2
5823480 5823600 1
5824006 5824194 1
5824610 5824704 1
5825870 5826232 2
5826902 5827035 2
5827370 5827584 1
5829408 5829560 1
5830340 5830445 1
5831289 5831441 2
5832644 5832822 1
5833354 5833643 1
5834554 5834702 1
5836004 5836259 1
5836636 5836746 1
5838179 5838529 2
5839081 5839339 1
5839782 5839893 1
5840460 5840643 2
5840980 5841357 2
5842438 5842728 1
5843266 5843433 2
5844390 5844557 1
5845065 5845154 2
5845726 5845954 1
5846715 5847048 2
5847924 5848252 2
5849014 5849142 1
5851444 5851683 1
5851989 5852267 2
5874009 5874243 2
5874992 5875226 1
5875809 5875998 2
5876717 5876874 2
5877320 5877593 1
5878398 5878498 2
5879226 5879454 1
5880147 5880312 1
5880826 5881026 2
5881687 5881920 1
5882464 5882578 1
5883448 5883632 1
5884221 5884420 2
5885067 5885195 1
5885912 5886012 2
5886759 5886904 1
5888991 5889200 2
5889382 5889515 1
5893615 5893787 2
5895676 5895804 1
5897512 5897737 2
5898920 5899032 1
5899515 5899662 2
5900454 5900626 1
5901477 5901718 2
5901932 5902048 2
5903745 5903955 1
5905337 5905487 2
5906087 5906248 2
5907173 5907316 1
5907957 5908145 2
5908669 5908955 1
5910270 5910476 1
5910665 5910909 2
5911770 5911885 2
5912904 5913065 2
5913719 5913957 1
5914504 5914765 2
5916487 5916648 1
5917576 5917698 2
5925320 5925488 2
5926263 5926515 1
5927135 5927378 2
5928204 5928366 1
5928887 5929204 2
5929582 5929720 1
5930020 5930193 1
5932276 5932409 1
5933937 5934076 2
5934860 5935059 2
5935705 5935833 2
5937966 5938113 1
5938521 5938625 2
5942533 5942847 2
5944699 5944927 1
5945515 5945687 2
5947102 5947236 2
5948188 5948318 1
5949632 5949782 2
5950854 5950972 1
5951648 5951826 2
5953565 5953876 2
5954839 5955048 1
5955538 5955672 1
5956415 5956548 1
5957037 5957415 1
5958358 5958528 1
5959439 5959675 2
5960343 5960470 1
5961201 5961448 2
5962205 5962334 1
5962943 5963170 1
5964940 5965039 1
5966456 5966557 1
5967324 5967434 1
5968065 5968415 1
5968902 5969078 1
5969782 5970009 1
5970637 5970743 2
5971696 5971926 2
5976064 5976409 1
5977335 5977644 1
5982159 5982420 1
5983758 5983958 2
5984706 5984807 1
5985648 5985782 1
5986608 5986756 2
5986809 5986920 1
5988608 5988953 2
5992215 5992398 2
5993673 5993824 1
5994570 5994726 2
5997231 5997374 1
5998005 5998183 1
5998738 5998957 2
6003469 6003705 2
6004931 6005256 1
6012054 6012315 2
6014754 6014976 1
6015854 6015987 2
6017538 6017822 2
6018476 6018718 1
6019220 6019343 1
6021166 6021271 2
6021788 6022039 2
6022285 6022416 1
6022520 6022659 2
6022940 6023174 2
6023216 6023342 1
6023887 6024104 1
6025023 6025173 2
6026057 6026250 1
6026526 6026662 2
6027291 6027516 1
6028442 6028563 1
6032418 6032742 2
6033220 6033365 1
6034411 6034631 2
6035410 6035598 2
6039776 6040015 1
6040753 6040888 1
6042911 6043058 2
6043662 6043813 1
6044119 6044253 2
6046447 6046646 1
6047645 6047750 2
6048294 6048430 1
6048766 6048900 2
6050654 6050837 2
6053246 6053392 2
6054846 6054971 1
6055139 6055296 1
6057294 6057455 1
6058798 6058948 2
6059793 6059993 1
6064887 6065093 2
6066883 6067082 2
6067793 6067937 1
6069209 6069472 2
6070282 6070415 2
6070826 6070990 1
6072097 6072210 2
6073607 6073879 2
6074837 6074993 2
6076251 6076383 1
6077543 6077748 1
6078610 6078778 2
6080627 6080745 2
6081691 6081892 1
6082508 6082764 1
6108556 6108712 2
6110698 6110865 1
6111739 6111890 2
6112765 6113076 2
6113480 6113584 1
6114137 6114459 1
6115011 6115275 1
6115987 6116182 2
6116581 6116736 1
6117038 6117388 2
6117671 6117812 1
6119188 6119371 2
6119985 6120085 1
6122141 6122423 2
6132087 6132398 2
6133476 6133693 2
6134661 6134750 1
6135414 6135608 2
6136085 6136292 1
6138543 6138659 2
6138927 6139118 1
6140024 6140199 2
6140792 6140930 1
6141398 6141604 2
6142015 6142204 2
6142953 6143115 1
6143882 6143983 2
6144620 6144832 1
6145412 6145563 2
6148112 6148231 2
6149137 6149309 1
6150022 6150184 2
6151037 6151293 2
6153204 6153365 1
6157307 6157419 2
6159262 6159446 2
6160359 6160515 1
6160911 6161040 2
6162687 6162865 1
6163645 6163750 2
6164618 6164777 1
6165619 6165726 2
6166578 6166693 1
6168022 6168216 2
6169176 6169296 2
6170096 6170216 1
6171993 6172137 2
6173382 6173543 1
6174509 6174676 2
6175332 6175461 2
6177561 6177681 2
6178526 6178670 1
6179570 6179754 1
6181020 6181179 2
6181637 6181750 2
6183554 6183790 1
6186848 6186958 1
6188124 6188378 2
6237093 6237237 2
6238565 6238693 2
6243684 6243752 1
6244653 6244854 2
6245436 6245509 1
6245709 6245843 2
6246564 6246726 1
6247477 6247601 2
6248204 6248337 1
6249609 6249809 2
6250997 6251138 1
6253315 6253443 2
6255776 6256059 2
6256893 6257048 2
6258598 6258793 1
6259952 6260226 1
6261028 6261297 2
6261720 6261882 1
6262609 6262898 2
6263593 6263848 2
6265038 6265176 1
6266204 6266565 1
6268310 6268509 2
6270619 6270874 1
6271587 6271782 1
6272707 6272824 1
6273843 6274026 1
6274769 6274978 1
6275532 6275732 2
6276562 6276702 2
6277847 6277996 1
6283178 6283280 1
6283326 6283465 2
6285115 6285198 1
6286021 6286335 2
6288286 6288448 2
6289504 6289876 1
6290059 6290204 1
6292104 6292256 1
6293256 6293433 1
6293911 6294043 1
6295031 6295249 1
6295882 6296070 1
6298479 6298651 2
6299259 6299393 1
6303548 6303808 1
6306126 6306297 2
6310113 6310317 1
6311154 6311409 2
6311970 6312176 1
6312587 6312743 1
6313420 6313659 1
6314908 6315119 1
6317948 6318017 1
6349915 6350115 2
6353832 6353998 2
6355465 6355559 1
6356101 6356239 1
6356845 6357022 2
6357843 6357988 1
6361013 6361140 2
6362265 6362393 2
6363720 6363882 2
6364382 6364509 1
6369470 6369604 1
6370380 6370511 2
6370870 6371004 1
6371711 6371934 1
6374980 6375225 2
6376376 6376687 1
6834213 6834286 1
6852412 6852511 2
6856225 6856356 2
6876998 6877187 1
6878043 6878223 2
6888476 6888626 1
6894643 6894743 2
6898165 6898513 2
6899126 6899232 1
6902189 6902364 1
6903792 6903917 1
6904021 6904194 1
6916287 6916454 2
6921429 6921642 1
6922902 6923244 1
6927670 6927809 2
6929043 6929276 1
6941315 6941493 1
6944370 6944509 2
6947658 6947831 1
6953499 6953670 2
6954434 6954716 1
6958309 6958543 1
6959387 6959554 2
6960914 6961165 1
6961837 6962037 2
6963733 6963843 1
6964869 6964989 2
6965570 6965882 2
6968797 6968917 1
6970787 6970932 2
6973387 6973498 1
6973859 6973982 2
6978815 6978954 1
6982882 6983032 2
6985755 6985939 2
6986613 6986834 1
6987465 6987620 1
6988232 6988604 1
6989072 6989216 1
6989255 6989394 1
6990982 6991109 1
6998382 6998509 2
6999201 6999446 1
7000259 7000404 2
7000774 7000910 2
7001474 7001641 1
7002809 7002920 2
7003352 7003525 1
7004309 7004661 2
7005161 7005411 2
7006682 7006782 1
7012178 7012277 1
7012692 7012803 2
7012958 7013053 1
7014354 7014460 2
7015725 7015914 1
7016504 7016604 1
7017257 7017490 2
7020109 7020215 1
7021053 7021155 2
7022185 7022269 2
7023557 7023705 1
7039615 7039770 1
7040759 7041032 2
7041194 7041265 1
7048920 7049070 1
7051812 7051949 2
7054207 7054527 2
7054934 7055080 1
7056740 7056842 1
7057609 7057804 1
7058718 7058930 2
7061619 7061800 2
7062654 7062765 1
7067354 7067476 2
7070837 7071022 1
7071685 7071802 1
7072508 7072874 1
7073404 7073848 2
7078882 7079098 1
7082826 7083015 1
7084026 7084213 2
7089898 7090032 1
7095504 7095676 2
7097943 7098220 2
7122843 7123104 1
7127226 7127332 2
7136109 7136232 2
7139754 7140009 2
