1 191021 191347
1 197590 197679
1 198902 199008
1 202219 202343
1 204564 204858
1 205950 206079
1 209776 209954
1 215577 215651
1 220059 220334
1 223494 223963
1 224934 225270
1 230954 231187
1 233358 233633
1 234206 234433
1 235580 235736
1 238337 238470
1 239355 239517
1 241333 241450
1 242478 242918
1 243931 244116
1 247359 247478
1 248770 248893
1 249716 250203
1 250639 250929
1 253151 253290
1 254023 254112
1 255312 255496
1 259559 259689
1 259888 260302
1 261440 261696
1 262563 262914
1 263216 263791
1 264499 264690
1 265371 265720
1 269737 269932
1 271472 271639
1 272506 272645
1 281623 281946
1 286420 286593
1 287166 287406
2 1147669 1148034
2 1148548 1148693
2 1149664 1149900
2 1154515 1154620
2 1155631 1155949
2 1156776 1156926
2 1157909 1158098
2 1160624 1160796
2 1161550 1161683
2 1162282 1162593
2 1165572 1165732
2 1166223 1166546
2 1166883 1167031
2 1167135 1167367
2 1173153 1173325
2 1173624 1173867
2 1181487 1181624
2 1201024 1201375
2 1205609 1205804
2 1211669 1211842
2 1222681 1222836
2 1223863 1223974
2 1224770 1225054
2 1333816 1333937
2 1335487 1335726
2 1340615 1340826
2 1340917 1340996
2 1342787 1342916
2 1343020 1343215
2 1343659 1343943
2 1344126 1344254
2 1346385 1346669
2 1346886 1346985
2 1347998 1348109
2 1348220 1348332
2 1348870 1349143
2 1352555 1353111
2 1354404 1354743
2 1355690 1355915
2 1356287 1356415
2 1358347 1358593
2 1359783 1359914
2 1360881 1361181
2 1362550 1362854
2 1363048 1363248
2 1364104 1364362
2 1365226 1365360
2 1365673 1365820
2 1365973 1366395
2 1369178 1369321
2 1369433 1369613
2 1370216 1370383
2 1374172 1374307
2 1375196 1375326
2 1378929 1379190
2 1379268 1379375
2 1381417 1381548
2 1382637 1382954
2 1383718 1384039
2 1386054 1386357
2 1387879 1388003
2 1389294 1389524
2 1389629 1389793
2 1390412 1390728
2 1391902 1392072
2 1393703 1393885
2 1394400 1394551
2 1394875 1395039
2 1395803 1395921
2 1397559 1397779
2 1399054 1399285
2 1399787 1400190
2 1400379 1400641
2 1400807 1401004
2 1401686 1401807
2 1402304 1402644
2 1403754 1403993
2 1404205 1404393
2 1404650 1404838
2 1407999 1408124
2 1409917 1410032
2 1412198 1412537
2 1413600 1413737
2 1414267 1414402
2 1415000 1415307
2 1415609 1415698
2 1416496 1416833
2 1418724 1419080
2 1420537 1420770
2 1425571 1425702
2 1427098 1427326
2 1427747 1427883
2 1428265 1428454
2 1429038 1429298
2 1430424 1430565
2 1431550 1431900
2 1431980 1432374
2 1435449 1435585
2 1436415 1436732
2 1437621 1437837
2 1438599 1438876
2 1439529 1439753
2 1440048 1440176
2 1441837 1442070
2 1442229 1442528
2 1443650 1443964
2 1445148 1445248
2 1446383 1446567
2 1447406 1447530
2 1447993 1448165
2 1448809 1449064
2 1449975 1450231
2 1451621 1451848
2 1453678 1454014
2 1455287 1455397
2 1455702 1455828
2 1456609 1456843
2 1458750 1458874
2 1458978 1459097
2 1459986 1460101
2 1461289 1461679
2 1462615 1462848
2 1463708 1464158
2 1465000 1465314
2 1466731 1467126
2 1467915 1468229
2 1470543 1470759
2 1473597 1474063
2 1474753 1474869
2 1477026 1477268
2 1477916 1478144
2 1479453 1479579
2 1479740 1479843
2 1482719 1482978
2 1486999 1487182
2 1488192 1488481
2 1489134 1489234
2 1489726 1490015
2 1490279 1490415
2 1491345 1491492
2 1492109 1492265
2 1493386 1493637
2 1494753 1495222
2 1496176 1496376
2 1497458 1497720
2 1498573 1498880
2 1500624 1500767
2 1501003 1501225
2 1502876 1503065
2 1504093 1504198
2 1506524 1506640
2 1507526 1508054
2 1509226 1509359
2 1510603 1510728
2 1511747 1511904
2 1511966 1512095
2 1514451 1514692
2 1516348 1516554
2 1517148 1517420
2 1517588 1517839
2 1519567 1519678
2 1521024 1521182
2 1522361 1522524
2 1523577 1523776
2 1524232 1524520
2 1525270 1525543
2 1526903 1527013
2 1529226 1529395
2 1529994 1530236
2 1530313 1530463
2 1532107 1532330
2 1533079 1533284
2 1533591 1533781
2 1534390 1534644
2 1538521 1538863
2 1540139 1540327
2 1541676 1541924
2 1542652 1542912
2 1543846 1543973
2 1545558 1545699
2 1547677 1547876
2 1549529 1549848
2 1550287 1550470
2 1552180 1552445
2 1552990 1553246
2 1554204 1554432
2 1555359 1555582
2 1556632 1556898
2 1557087 1557154
2 1559017 1559195
2 1559460 1559637
2 1560168 1560313
2 1561482 1561565
2 1564429 1564597
2 1565650 1565917
2 1566873 1567104
2 1567933 1568173
2 1569282 1569443
2 1571923 1572026
2 1575516 1575642
2 1577494 1577572
2 1578919 1579091
2 1579899 1580280
2 1582617 1582884
2 1584476 1584649
2 1585419 1585591
2 1586840 1587029
2 1587418 1587528
2 1588977 1589321
2 1591272 1591591
2 1592582 1592737
2 1597215 1597449
2 1599122 1599563
2 1599900 1600064
2 1602301 1602609
2 1604279 1604734
2 1606020 1606187
2 1608643 1608787
2 1609675 1609797
2 1610693 1611045
2 1611543 1611787
2 1612589 1612950
2 1613629 1613791
2 1613959 1614037
2 1616292 1616409
2 1620279 1620484
2 1620882 1621013
2 1621570 1621676
2 1622526 1622770
2 1623505 1623665
2 1624482 1625052
2 1632707 1633131
2 1635085 1635399
2 1637716 1637953
2 1638299 1638409
2 1638754 1638923
2 1639425 1639613
2 1639782 1639998
2 1641093 1641232
2 1644346 1644676
2 1645387 1645604
2 1646193 1646376
2 1647176 1647393
2 1648267 1648492
2 1649176 1649293
2 1654772 1654882
2 1655906 1656429
2 1657755 1658052
2 1658896 1659165
2 1660351 1660513
2 1661064 1661197
2 1661262 1661430
2 1662359 1662652
2 1663903 1664243
2 1664923 1664991
2 1666122 1666290
2 1667944 1668210
2 1669009 1669182
2 1670108 1670329
2 1671543 1671857
2 1672483 1672593
2 1674787 1675037
2 1675952 1676104
2 1676635 1676755
2 1677010 1677188
2 1677303 1677672
2 1677801 1677906
2 1678800 1679018
2 1679392 1679585
2 1680976 1681139
2 1682193 1682309
2 1682890 1682995
2 1685695 1685847
2 1686309 1686537
2 1687772 1688179
2 1689374 1689794
2 1690487 1690626
2 1691726 1691948
2 1693509 1693693
2 1695846 1696013
2 1698270 1698428
2 1699147 1699372
2 1702672 1702767
2 1703624 1703692
2 1706435 1706591
2 1707868 1708275
2 1710715 1710859
2 1711685 1711832
2 1711969 1712107
2 1712738 1713058
2 1713682 1714009
2 1714615 1714920
2 1715912 1716006
2 1719550 1719694
2 1719926 1720048
2 1720351 1720513
2 1720661 1720827
2 1722385 1722633
2 1723059 1723176
2 1724012 1724243
2 1725223 1725424
2 1726315 1726418
2 1727575 1727730
2 1732028 1732192
2 1732958 1733158
2 1733517 1733611
2 1733888 1734052
2 1738442 1738547
2 1739332 1739482
2 1740958 1741115
2 1742575 1742810
2 1743542 1743719
2 1745076 1745270
2 1745937 1746237
2 1747205 1747396
2 1748161 1748341
2 1748428 1748579
2 1749462 1749758
2 1750415 1750681
2 1751861 1751997
2 1754033 1754175
2 1754737 1754976
2 1756337 1756702
2 1757562 1757912
2 1758704 1758854
2 1759592 1759702
2 1761150 1761358
2 1762898 1763252
2 1763830 1764171
2 1765131 1765330
2 1767359 1767699
2 1770209 1770393
2 1770978 1771096
2 1771636 1771709
2 1772615 1772782
2 1773892 1774050
2 1775062 1775156
2 1776165 1776340
2 1777055 1777305
2 1779925 1780154
2 1781132 1781315
2 1789398 1789512
2 1790366 1790570
2 1793252 1793694
2 1795266 1795788
2 1797493 1797659
2 1798676 1798820
2 1800404 1800613
2 1801455 1801617
2 1802198 1802304
2 1802480 1802679
2 1806114 1806268
2 1807170 1807354
2 1808409 1808659
2 1809094 1809327
2 1810887 1810998
2 1811536 1811835
2 1818558 1818699
2 1819885 1820139
2 1821187 1821404
2 1822199 1822293
2 1822609 1822720
2 1823060 1823220
2 1829582 1829732
2 1838148 1838298
2 1839778 1840122
2 1842039 1842266
2 1845818 1846010
2 1849196 1849259
2 1853125 1853239
2 1856501 1856730
2 1857482 1857643
2 1859062 1859314
2 1871375 1871528
2 1872474 1872620
2 1881860 1882031
2 1882601 1882790
2 1884519 1884681
2 1885576 1885714
2 1886766 1887133
2 1887782 1888152
2 1889700 1890119
2 1891749 1891878
2 1893782 1893993
2 1894437 1894620
2 1895065 1895190
2 1896760 1897003
2 1897070 1897198
2 1897656 1898164
2 1899092 1899366
2 1900113 1900243
2 1901562 1901671
2 1903910 1904082
2 1904923 1905257
2 1906132 1906354
2 1906722 1906863
2 1906994 1907316
2 1907503 1907849
2 1909300 1909534
2 1911972 1912404
2 1912792 1913143
2 1913931 1914363
2 1916225 1916591
2 1920803 1921012
2 1921423 1921592
2 1923448 1923657
3 2209372 2209478
3 2211676 2211832
3 2212082 2212187
3 2212611 2212928
3 2239785 2239944
3 2240448 2240737
3 2240964 2241053
3 2241458 2241659
3 2241996 2242132
3 2242748 2242989
3 2244424 2244601
3 2247187 2247348
3 2248604 2248898
3 2249387 2249620
3 2250500 2250855
3 2254707 2254877
3 2256283 2256557
3 2259152 2259351
3 2259873 2259985
3 2262759 2263048
3 2263642 2263827
3 2265301 2265509
3 2266314 2266563
3 2267654 2267915
3 2269026 2269143
3 2272777 2272896
3 2274012 2274358
3 2274854 2274937
3 2275323 2275660
3 2276332 2276632
3 2276902 2277059
3 2277506 2277791
3 2278676 2278965
3 2280329 2280479
3 2281437 2281510
3 2283038 2283257
3 2283948 2284508
3 2285865 2285993
3 2287325 2287440
3 2288351 2288522
3 2291654 2291870
3 2293147 2293417
3 2294809 2295124
3 2296278 2296412
3 2297240 2297784
3 2298578 2298681
3 2299599 2299877
3 2300950 2301077
3 2302554 2302732
3 2304930 2305175
3 2305659 2305882
3 2307647 2307800
3 2308752 2308945
3 2310504 2310782
3 2312665 2312904
3 2313900 2314122
3 2314865 2315302
3 2318488 2318567
3 2319119 2319365
3 2320793 2320971
3 2322299 2322388
3 2328159 2328265
3 2329482 2329593
3 2331398 2331509
3 2332740 2332887
3 2333263 2333582
4 2367434 2367567
4 2370267 2370374
4 2371310 2371476
4 2372657 2372807
4 2373482 2373781
4 2374587 2374720
4 2376037 2376248
4 2377421 2377552
4 2378578 2378756
4 2379476 2379582
4 2379666 2379768
4 2380482 2380662
4 2381596 2381768
4 2382053 2382354
4 2383008 2383185
4 2384639 2384837
4 2385461 2385634
4 2387263 2387401
4 2388707 2388879
4 2390032 2390165
4 2391294 2391624
4 2392054 2392282
4 2393289 2393488
4 2394117 2394249
4 2395415 2395659
4 2396104 2396393
4 2397352 2397589
4 2397833 2398188
4 2400100 2400380
4 2401476 2401715
4 2402537 2402787
4 2408289 2408531
4 2409571 2409681
4 2409984 2410181
4 2410987 2411126
4 2411304 2411465
4 2412196 2412434
4 2413866 2413971
4 2420401 2420600
4 2422343 2422782
4 2424579 2424820
4 2426918 2427086
4 2427873 2428036
4 2429337 2429639
4 2438482 2438615
4 2439165 2439498
4 2440388 2440736
4 2441156 2441546
4 2442272 2442423
4 2443067 2443373
4 2444332 2444448
4 2445165 2445326
4 2445532 2445704
4 2446713 2446930
4 2447814 2448038
4 2449676 2449793
4 2450721 2450968
4 2451982 2452159
4 2453163 2453366
4 2453781 2453934
4 2454582 2454697
4 2455932 2456126
4 2458744 2458874
4 2459604 2459909
4 2461059 2461232
4 2462223 2462368
4 2463318 2463563
4 2464549 2464791
4 2465926 2466209
4 2466613 2466761
4 2467236 2467351
4 2467970 2468156
4 2468517 2468753
4 2469904 2470123
4 2475009 2475132
4 2476204 2476426
4 2478788 2479024
4 2479479 2479685
4 2480126 2480348
4 2480841 2481036
4 2481648 2481954
4 2485846 2486179
4 2487365 2487593
4 2488348 2488604
4 2490405 2490543
4 2491727 2491952
4 2492832 2492982
4 2493320 2493482
4 2494251 2494352
4 2495360 2495596
4 2495820 2495965
4 2497054 2497320
4 2497709 2497904
4 2498491 2498638
4 2501463 2501673
4 2502470 2502787
4 2503576 2503715
4 2505172 2505287
4 2505749 2506002
4 2511781 2512008
4 2513332 2513537
4 2515204 2515382
4 2516198 2516304
4 2517726 2517854
4 2519679 2519852
4 2520937 2521115
4 2522109 2522298
4 2522598 2522859
4 2523404 2523620
4 2524565 2524759
4 2525559 2525893
4 2527733 2527912
4 2528765 2528976
4 2529632 2529948
4 2532102 2532245
4 2532626 2533018
4 2533604 2534120
4 2534719 2534954
4 2536815 2537037
4 2537836 2538114
4 2539223 2539409
4 2539854 2540032
4 2540551 2540737
4 2541087 2541248
4 2542248 2542543
4 2543393 2543548
4 2544465 2544615
4 2547053 2547320
4 2548199 2548539
4 2550673 2550998
4 2552049 2552509
4 2553017 2553461
4 2554209 2554366
4 2555224 2555622
4 2556315 2556687
4 2557349 2557909
4 2558786 2559036
4 2559931 2560024
4 2561604 2561765
4 2562587 2562815
4 2564755 2565121
4 2565257 2565393
4 2565681 2565807
4 2566209 2566340
4 2567112 2567392
4 2567670 2567932
4 2568932 2569154
4 2569774 2569984
4 2571333 2571464
4 2571872 2572128
4 2573117 2573248
4 2574017 2574184
4 2575020 2575232
4 2576465 2576726
4 2579169 2579436
4 2582804 2582959
4 2585834 2586043
4 2587665 2587882
4 2588674 2588794
4 2588976 2589237
4 2590095 2590241
4 2590565 2590738
4 2592336 2592447
4 2612444 2612559
4 2614542 2614683
4 2616645 2616764
4 2628660 2628822
4 2629854 2629982
4 2630949 2631069
4 2632790 2632957
4 2633551 2633676
4 2635765 2636020
4 2637161 2637429
4 2638498 2638665
4 2640765 2641026
4 2641617 2641769
4 2642603 2642865
4 2643529 2643765
4 2644304 2644637
4 2645376 2645481
4 2646223 2646396
4 2647092 2647390
4 2648784 2648889
4 2649620 2649837
4 2650754 2650976
4 2652208 2652590
4 2653165 2653631
4 2654471 2654797
4 2655284 2655461
4 2655838 2655969
4 2661995 2662126
4 2662999 2663182
4 2665170 2665620
4 2666415 2666739
4 2667582 2667890
4 2668898 2669054
4 2671808 2672096
4 2673632 2673865
4 2675248 2675493
4 2677059 2677193
4 2677365 2677565
4 2680454 2680776
4 2687117 2687258
4 2688294 2688634
4 2691022 2691168
4 2692519 2692790
4 2693792 2694038
4 2694692 2694875
4 2696209 2696339
4 2697610 2697741
4 2698732 2698909
4 2701398 2701612
4 2702282 2702460
4 2704583 2704824
4 2709605 2709987
4 2710495 2710892
4 2711429 2711817
4 2712430 2712801
4 2713948 2714098
4 2714676 2714770
4 2715001 2715226
4 2716059 2716287
4 2717298 2717434
4 2719111 2719218
4 2720276 2720487
4 2721804 2722016
4 2722954 2723070
4 2724590 2724835
4 2727707 2727859
4 2729487 2729665
4 2730642 2730977
4 2733415 2733537
4 2734732 2734976
4 2735804 2736020
4 2736737 2736876
4 2737637 2737926
4 2738493 2738698
4 2740934 2741040
4 2741148 2741370
4 2742249 2742403
4 2743070 2743270
4 2743654 2743722
4 2744469 2744576
4 2745234 2745380
4 2746043 2746320
4 2746860 2746978
4 2748038 2748127
4 2748592 2748702
4 2750893 2751037
4 2752769 2752978
4 2757359 2757443
4 2762041 2762198
4 2762959 2763104
4 2764087 2764259
4 2765910 2766039
4 2768165 2768298
4 2781376 2781559
4 2782317 2782395
4 2784273 2784341
4 2784733 2784869
4 2786524 2786648
4 2788382 2788626
5 3042015 3042176
5 3050443 3050570
5 3054231 3054367
5 3055165 3055265
5 3057593 3057832
5 3061237 3061359
5 3064740 3064896
5 3066168 3066268
5 3068191 3068445
5 3069687 3069920
5 3070454 3070770
5 3071309 3071609
5 3072779 3072931
5 3073682 3074098
5 3074898 3075202
5 3076043 3076298
5 3078370 3078820
5 3081864 3082131
5 3085039 3085222
5 3088021 3088215
5 3091226 3091420
6 3317620 3317837
6 3322599 3322693
6 3323886 3324127
6 3326154 3326343
6 3327143 3327415
6 3330163 3330467
6 3331848 3332010
6 3332533 3332810
6 3334739 3335037
6 3336000 3336136
6 3338715 3338893
6 3339658 3339909
6 3340259 3340547
6 3341259 3341420
6 3343308 3343552
6 3344093 3344460
6 3345297 3345480
6 3345652 3345835
6 3346432 3346720
6 3347490 3347887
6 3350548 3350798
6 3353370 3353570
6 3357494 3357726
6 3359651 3359923
6 3361420 3361629
6 3362540 3362957
6 3363493 3363737
6 3364443 3364770
6 3365548 3365765
6 3366846 3367071
6 3371341 3371603
6 3372652 3373034
6 3374734 3375027
6 3375341 3375519
6 3377413 3377669
6 3380909 3381120
6 3381728 3381875
6 3382560 3382780
6 3390291 3390406
6 3390510 3390709
6 3391976 3392159
6 3393508 3393807
6 3395530 3395911
6 3401324 3401653
6 3403526 3403631
6 3404095 3404229
6 3404661 3404902
6 3405577 3405954
6 3406393 3406801
6 3407491 3407664
6 3408634 3408924
6 3410603 3410881
6 3415776 3416020
6 3417168 3417268
6 3418696 3418879
6 3421484 3421662
6 3422493 3422920
6 3428138 3428337
6 3429210 3429456
6 3431902 3432244
6 3433126 3433437
6 3434345 3434747
6 3437032 3437187
6 3442193 3442637
6 3443682 3444080
6 3444953 3445173
6 3446130 3446575
6 3446855 3447059
6 3447454 3447654
6 3448487 3448712
6 3449371 3449637
6 3454937 3455339
6 3456732 3456970
6 3459088 3459339
6 3460071 3460292
6 3460985 3461115
6 3461236 3461371
6 3462048 3462393
6 3463698 3464082
6 3466209 3466455
6 3467109 3467257
6 3468094 3468326
6 3469312 3469587
6 3470876 3471210
6 3471854 3472076
6 3472726 3473009
6 3474193 3474493
6 3482556 3482970
6 3484037 3484230
6 3484311 3484475
6 3485266 3485481
6 3486131 3486296
6 3487309 3487593
6 3488180 3488567
6 3488954 3489137
6 3490199 3490413
6 3491170 3491415
6 3493086 3493374
6 3494073 3494282
6 3494797 3494959
6 3496047 3496298
6 3496827 3497172
6 3498584 3498726
6 3499634 3500086
6 3500719 3500952
6 3501948 3502319
6 3503292 3503643
6 3504668 3504914
6 3505479 3505782
6 3506938 3507174
6 3511756 3511897
6 3513221 3513540
6 3514659 3514859
6 3515240 3515522
6 3516344 3516600
6 3517308 3517409
6 3517960 3518201
6 3518693 3518932
6 3519098 3519251
6 3519901 3520450
6 3522668 3522814
6 3523175 3523400
6 3523803 3524012
6 3525437 3525570
6 3540570 3540876
6 3543472 3543728
6 3544291 3544605
6 3545628 3545772
6 3547437 3547615
6 3549106 3549206
6 3550536 3550641
6 3551559 3551627
6 3552278 3552528
6 3556054 3556204
7 3591198 3591368
7 3592665 3593037
7 3593674 3594000
7 3594576 3594859
7 3595704 3595866
7 3596861 3597021
7 3597504 3597832
7 3598437 3598659
7 3599037 3599165
7 3599532 3599743
7 3600658 3600867
7 3601829 3602075
7 3606422 3606720
7 3606982 3607317
7 3615872 3616008
7 3617933 3618032
7 3618609 3618748
7 3621176 3621318
7 3622196 3622359
7 3622944 3623258
7 3623651 3623797
7 3625265 3625441
7 3626010 3626585
7 3627235 3627428
7 3628463 3628631
7 3629661 3629923
7 3630535 3630775
7 3631455 3631555
7 3632790 3633040
7 3634513 3634617
7 3635059 3635415
7 3636396 3636584
7 3638881 3639210
7 3639462 3639744
7 3640136 3640539
7 3641765 3641993
7 3643120 3643315
7 3643998 3644287
7 3644748 3644926
7 3645017 3645100
7 3645545 3645692
7 3646532 3646909
7 3647979 3648090
7 3649446 3649632
7 3651213 3651438
7 3652332 3652509
7 3653237 3653645
7 3654267 3654682
7 3656454 3656758
7 3657720 3658270
7 3659248 3659415
7 3661748 3661932
7 3663048 3663387
7 3664578 3664819
7 3665405 3665776
7 3666504 3666869
7 3667638 3667947
7 3668989 3669133
7 3670648 3670820
7 3673923 3674248
7 3675299 3675540
7 3676586 3676790
7 3678487 3678676
7 3680985 3681221
7 3682649 3682743
7 3683528 3683664
7 3684754 3685209
7 3685939 3686049
7 3691683 3691923
7 3692985 3693294
7 3694670 3694957
7 3695167 3695256
7 3696108 3696234
7 3697521 3697704
7 3698730 3698857
7 3699354 3699632
7 3699964 3700267
7 3700612 3701005
7 3701156 3701235
7 3701637 3701832
7 3702637 3702870
7 3703450 3704025
7 3704266 3704392
7 3705694 3705893
7 3709182 3709532
7 3718740 3718997
7 3724815 3725020
7 3726826 3726965
7 3728537 3728687
7 3729013 3729193
7 3729632 3729809
7 3730515 3730615
7 3731351 3731631
7 3731837 3731959
7 3732432 3732776
7 3733593 3733915
7 3736221 3736388
7 3743190 3743504
7 3745315 3745416
7 3745670 3745801
7 3745938 3746036
7 3746387 3746509
7 3747145 3747286
7 3749379 3749499
7 3750597 3750707
7 3751408 3751509
7 3752010 3752381
7 3752596 3752967
7 3755447 3755682
7 3756787 3756932
7 3757665 3757842
7 3760221 3760338
7 3761698 3761949
7 3770548 3770920
7 3771869 3772037
7 3772670 3772843
7 3773598 3773975
7 3774676 3774995
7 3780231 3780566
7 3782088 3782193
7 3782719 3783090
7 3784170 3784462
7 3784628 3784717
7 3785101 3785253
7 3787552 3787824
7 3788855 3788970
7 3789360 3789573
7 3790898 3790998
7 3791224 3791444
7 3792339 3792575
7 3794975 3795362
7 3795990 3796340
7 3798286 3798474
7 3799055 3799217
7 3799986 3800133
7 3800729 3801052
7 3801976 3802143
7 3802320 3802465
7 3803537 3803793
7 3803948 3804248
7 3806254 3806398
7 3806804 3807076
7 3808570 3808717
7 3810037 3810293
7 3812436 3812682
7 3813946 3814072
7 3815371 3815632
7 3817772 3818023
7 3818734 3819064
7 3819603 3819770
7 3820497 3820654
7 3822145 3822396
7 3822998 3823220
7 3823531 3823835
7 3825472 3825639
7 3828516 3828888
7 3830152 3830390
7 3831077 3831252
7 3831676 3831876
7 3832785 3832999
7 3834070 3834226
7 3836343 3836593
7 3837707 3838277
7 3841928 3842277
7 3842837 3843032
7 3845240 3845402
7 3852699 3853008
7 3853932 3854198
7 3854687 3854954
7 3856165 3856476
7 3857482 3857698
7 3859008 3859243
7 3860018 3860331
7 3860786 3860983
7 3862315 3862548
7 3864904 3865243
7 3867125 3867414
7 3868809 3869070
7 3870553 3870914
7 3871498 3871898
7 3872321 3872546
7 3873465 3873602
7 3873890 3874047
7 3878782 3879054
7 3880715 3880976
7 3881848 3882182
7 3883393 3883565
7 3884465 3884676
7 3885676 3885859
7 3886652 3886786
7 3887569 3887700
7 3888119 3888302
7 3888582 3888737
7 3889618 3889721
7 3890065 3890309
7 3890787 3890996
7 3891553 3891658
7 3893659 3893809
7 3897070 3897232
7 3897554 3897698
7 3898626 3898809
7 3900759 3901020
7 3901662 3901913
7 3902898 3903015
7 3904361 3904675
7 3905386 3905826
7 3906637 3906851
7 3908037 3908148
7 3908620 3908698
7 3909341 3909443
7 3909893 3909987
7 3910889 3911036
7 3913191 3913301
7 3914352 3914535
7 3915782 3915920
7 3916246 3916393
7 3916665 3917209
7 3918469 3918673
7 3919332 3919515
7 3919943 3920215
7 3921076 3921266
7 3921927 3922225
7 3923036 3923376
7 3923651 3923970
7 3924587 3924854
7 3925983 3926144
7 3928395 3928547
7 3931587 3931765
7 3933220 3933426
7 3933980 3934077
7 3935447 3935808
7 3937382 3937722
7 3938026 3938315
7 3939930 3940118
7 3941382 3941515
7 3941879 3942088
7 3943011 3943136
7 3943874 3944021
7 3944182 3944402
7 3945077 3945406
7 3945940 3946096
7 3952628 3952821
7 3953829 3954094
7 3954859 3955005
7 3956697 3956816
7 3961681 3961862
7 3965651 3965760
7 3968823 3969038
7 3972495 3972783
7 3973415 3973520
7 3974159 3974404
7 3974964 3975153
7 3976304 3976604
7 3980587 3980743
7 3983451 3983672
7 3986215 3986376
7 3991237 3991509
7 3992304 3992432
7 3996202 3996448
7 3998509 3998648
7 3999459 3999732
7 4000737 4000948
7 4005704 4005866
7 4007248 4007443
7 4008102 4008326
7 4009646 4009777
7 4010507 4010669
7 4015476 4015586
7 4016070 4016182
7 4016709 4016898
7 4021596 4021725
7 4022917 4023074
7 4026522 4026686
7 4030173 4030356
7 4034190 4034478
7 4035445 4035694
7 4036724 4036838
7 4041516 4041595
7 4042285 4042709
7 4044332 4044609
7 4045332 4045454
7 4056210 4056404
7 4060809 4060932
7 4065926 4066070
7 4066693 4066943
7 4067530 4067661
7 4068059 4068226
7 4069798 4070132
7 4071272 4071457
7 4072504 4072682
7 4073420 4073582
7 4073793 4073893
7 4076604 4076715
7 4077015 4077132
7 4086046 4086114
7 4088038 4088231
7 4092072 4092218
7 4092684 4092877
7 4093709 4093808
7 4096304 4096440
7 4099814 4099971
7 4101461 4101634
7 4107184 4107383
7 4107953 4108139
7 4110119 4110260
7 4110825 4110935
7 4112405 4112572
7 4113608 4113801
7 4114637 4114741
7 4117743 4118043
7 4118887 4119126
7 4119953 4120100
7 4122008 4122283
7 4123159 4123337
7 4127745 4127834
7 4132971 4133195
7 4136598 4137069
7 4138426 4138609
7 4138937 4139037
7 4143937 4144065
7 4151099 4151240
7 4155515 4155652
7 4159559 4159770
 9 4795281 4795397
9 4810559 4810804
9 4819209 4819398
9 4819865 4819959
9 4820075 4820436
9 4821248 4821576
9 4822454 4822876
9 4825557 4826059
9 4826528 4826658
9 4826730 4826879
9 4831703 4831809
9 4832726 4832993
9 4833359 4833648
9 4840054 4840248
9 4841073 4841235
9 4844846 4845156
9 4848109 4848443
9 4848576 4848682
9 4849265 4849443
9 4850937 4851276
9 4851515 4851665
9 4855587 4855748
9 4855840 4856226
9 4856487 4856698
9 4857270 4857476
9 4878118 4878385
9 4879782 4879965
9 4881592 4881775
9 4882183 4882502
9 4883287 4883528
9 4884488 4884913
9 4885681 4885890
9 4887367 4887451
9 4887848 4887937
9 4889729 4889912
9 4896015 4896426
9 4898509 4898772
9 4899054 4899220
9 4900751 4901253
9 4901886 4902142
9 4904365 4904493
9 4905187 4905281
9 4906045 4906228
9 4907855 4908080
9 4908629 4908723
9 4909766 4910054
9 4916287 4916538
9 4917589 4917904
9 4918683 4918861
9 4919258 4919342
9 4920069 4920357
9 4921246 4921340
9 4922318 4922543
9 4922904 4923137
9 4924659 4925198
9 4927479 4927699
9 4930235 4930438
9 4931676 4932193
9 4933012 4933319
9 4933915 4934139
9 4935525 4935845
9 4938338 4938520
9 4939628 4939807
9 4940637 4940832
9 4942220 4942487
9 4943043 4943237
9 4945291 4945489
9 4946912 4947074
9 4949020 4949220
9 4951304 4951482
9 4952815 4953070
9 4953776 4954154
9 4954726 4954915
9 4966620 4966870
9 4968365 4968659
9 4981429 4981673
9 4986137 4986276
9 4988412 4988537
9 4988632 4988794
9 4990929 4991047
9 4991614 4991797
9 4991917 4992205
9 4996253 4996392
9 5002280 5002730
9 5004289 5004446
9 5005554 5005654
9 5006923 5007236
9 5008540 5008633
9 5009624 5009832
9 5014047 5014178
9 5014693 5014826
9 5015245 5015522
9 5018765 5018948
9 5019531 5019735
9 5020176 5020376
9 5021447 5021843
9 5022509 5023087
9 5024312 5024437
9 5025482 5025937
9 5026560 5027010
9 5028187 5028343
9 5033458 5033600
9 5034132 5034365
9 5034904 5035048
9 5035310 5035500
9 5036265 5036459
9 5037620 5037898
9 5038487 5038626
9 5040076 5040549
9 5042287 5042537
9 5042887 5043137
9 5043244 5043380
9 5043582 5044032
9 5044408 5044523
9 5047777 5048086
9 5049334 5049537
9 5050712 5050888
9 5052516 5052600
9 5054033 5054331
9 5054912 5055127
9 5055926 5056035
9 5058124 5058396
9 5058658 5058799
9 5059495 5059735
9 5060169 5060342
9 5061570 5061843
9 5062743 5063146
9 5065136 5065257
9 5065527 5065649
9 5067104 5067212
9 5068209 5068620
9 5070382 5070609
9 5073519 5073760
9 5074087 5074226
9 5074535 5074828
9 5075220 5075676
9 5075982 5076259
9 5076817 5076995
9 5077659 5077787
9 5078087 5078259
9 5079059 5079348
9 5079873 5079953
9 5082182 5082304
9 5082698 5082837
9 5083738 5083930
9 5084276 5084498
9 5086715 5086882
9 5088557 5088718
9 5092526 5092682
9 5093558 5093834
9 5096263 5096624
9 5096802 5096938
9 5097095 5097315
9 5098450 5098623
9 5099161 5099596
9 5101651 5101798
9 5102337 5102509
9 5103104 5103426
9 5105665 5105776
9 5108703 5108849
9 5109557 5109669
9 5109979 5110147
9 5110843 5110998
9 5111569 5111773
9 5114659 5114837
9 5116359 5116554
9 5117059 5117226
9 5117982 5118215
9 5119388 5119564
9 5120346 5120661
9 5121370 5121482
9 5123487 5123565
9 5124320 5124775
9 5125816 5126067
9 5126406 5126939
9 5127490 5127605
9 5129620 5129815
9 5135887 5136093
9 5137077 5137235
9 5139878 5140013
9 5141820 5142032
9 5142770 5142982
9 5143559 5143693
9 5144172 5144622
9 5147332 5147487
9 5147928 5148080
9 5148603 5148723
9 5150415 5150670
9 5152476 5152701
9 5153259 5153493
9 5155365 5155493
9 5156859 5157070
9 5157759 5158048
9 5158513 5158827
9 5158989 5159146
9 5159757 5160065
9 5161398 5161598
9 5165303 5165462
9 5166542 5166788
9 5169932 5170178
9 5170419 5170623
9 5170973 5171292
9 5175387 5175643
9 5176159 5176370
9 5177120 5177409
9 5178337 5178604
9 5179898 5180020
9 5180270 5180420
9 5184469 5184710
9 5188372 5188509
9 5188893 5189076
9 5189622 5189821
9 5190171 5190469
9 5191207 5191751
9 5192326 5192405
9 5193182 5193343
9 5195089 5195209
9 5199457 5199647
9 5202448 5202726
9 5204882 5205287
9 5206748 5206900
9 5211993 5212157
9 5213260 5213589
9 5220409 5220654
9 5221604 5221804
9 5222420 5222534
9 5224032 5224248
9 5224532 5224820
9 5226365 5226554
9 5227254 5227479
9 5227767 5227866
9 5228337 5228620
9 5232798 5232965
9 5233582 5233709
9 5234148 5234293
9 5234476 5234654
9 5239104 5239265
9 5241529 5241749
9 5242659 5242884
9 5243601 5243721
9 5247576 5247709
9 5249187 5249365
9 5250232 5250565
9 5251259 5251465
9 5256380 5256539
9 5257296 5257531
9 5259357 5259566
9 5260335 5260614
9 5261844 5262069
9 5262909 5263082
9 5263480 5263642
9 5264359 5264465
9 5266620 5266798
9 5271464 5271835
9 5272212 5272379
9 5275237 5275602
9 5277802 5277900
9 5280203 5280309
9 5286195 5286383
9 5287265 5287476
9 5289501 5289809
9 5291032 5291198
9 5291982 5292193
9 5292843 5292987
9 5298809 5298948
9 5300232 5300370
9 5300520 5300643
9 5301950 5302107
9 5302909 5303043
9 5303926 5304182
9 5305173 5305523
9 5308415 5308759
9 5309200 5309475
9 5312637 5312859
9 5315808 5315915
9 5315998 5316115
9 5316676 5316765
9 5327200 5327333
9 5327400 5327511
9 5328760 5328869
9 5331809 5332113
9 5335115 5335304
9 5336715 5336904
9 5337631 5337757
9 5340618 5340817
9 5341709 5341820
9 5342949 5343184
9 5343723 5344000
9 5349259 5349376
9 5350132 5350320
9 5360015 5360172
9 5362293 5362482
9 5363115 5363276
9 5364376 5364487
9 5369878 5370068
9 5371343 5371570
9 5374474 5374678
9 5375509 5375776
9 5377654 5377832
9 5379025 5379197
9 5380270 5380447
9 5385702 5385902
9 5387112 5387311
9 5394808 5395028
9 5395522 5395716
9 5397070 5397287
9 5398023 5398136
9 5399015 5399146
9 5399287 5399643
9 5400482 5400659
9 5409454 5409637
9 5410154 5410420
9 5411509 5411614
9 5412582 5412748
9 5416287 5416504
9 5420999 5421110
