191021 191347 2
197590 197679 1
198902 199008 1
202219 202343 2
204564 204858 1
205950 206079 2
209776 209954 2
215577 215651 2
220059 220334 1
223494 223963 2
224934 225270 2
230954 231187 2
233358 233633 1
234206 234433 2
235580 235736 2
238337 238470 1
239355 239517 1
241333 241450 2
242478 242918 2
243931 244116 1
247359 247478 2
248770 248893 2
249716 250203 2
250639 250929 1
253151 253290 2
254023 254112 1
255312 255496 2
259559 259689 2
259888 260302 2
261440 261696 1
262563 262914 2
263216 263791 2
264499 264690 1
265371 265720 2
269737 269932 1
271472 271639 2
272506 272645 2
281623 281946 2
286420 286593 1
287166 287406 1
294285 294390 2
295416 295511 2
297043 297198 1
297650 297770 1
298463 298615 2
299359 299546 2
301733 301850 2
304751 304840 2
306601 306781 1
307265 307609 2
308990 309165 1
310130 310286 2
310787 310893 1
312049 312214 2
314845 315023 2
315463 315557 2
318043 318320 1
322219 322508 2
322960 323233 1
326004 326176 1
326779 327001 2
329528 329726 1
330411 330731 1
331436 331564 2
332598 332913 2
333242 333315 1
333712 333812 2
335365 335544 1
336740 337049 2
342386 342469 2
344331 344624 2
351325 351558 1
352413 352552 1
354915 354982 2
357974 358102 2
365962 366216 1
367275 367481 2
374215 374344 1
376369 376500 2
380132 380287 2
382452 382591 2
383387 383728 2
384593 384732 1
394508 394614 2
404294 404542 2
410304 410523 1
413082 413187 2
415409 415665 2
416962 417157 1
424040 424214 2
426841 427035 2
430147 430252 1
432590 432724 2
436400 436678 1
439852 440163 2
442147 442267 1
446342 446498 2
448130 448402 2
450274 450441 2
452305 452457 1
457497 457619 1
463336 463436 1
464435 464604 2
480036 480184 2
501780 501885 1
502401 502571 1
502675 502747 1
503485 503590 2
523163 523312 1
531426 531609 1
535582 535670 2
543207 543329 1
552090 552218 2
555668 555741 2
556869 557025 2
557439 557522 2
565249 565332 1
569130 569229 2
572598 572682 1
573503 573571 2
574241 574341 2
580738 580821 2
581198 581313 1
582797 582918 1
584570 584748 1
586032 586357 2
586776 586987 1
587400 587606 1
588717 589031 2
589533 589633 1
593080 593386 1
593918 593984 2
595393 595551 2
597754 597843 1
597930 598030 2
599747 599957 1
602150 602537 1
604413 604580 2
606675 607003 2
608149 608484 1
612326 612606 2
614545 614662 1
615890 616181 2
619784 619973 2
621123 621257 1
630568 630826 1
638658 638969 2
639407 639568 1
640216 640371 2
641648 641848 1
647110 647263 1
649967 650301 1
655869 655942 2
662945 663163 1
672110 672319 1
673021 673145 1
683983 684086 1
684470 684608 2
686787 686891 1
688365 688498 2
726105 726230 2
729964 730124 1
733317 733419 1
737094 737355 2
757991 758089 1
774633 774731 2
777913 778077 1
779364 779484 2
783895 784028 2
798154 798292 1
811716 811818 2
835306 835379 1
838105 838204 2
839785 839932 1
852246 852356 2
854588 854661 1
854766 854834 2
866360 866520 1
868266 868528 1
869779 869862 2
878324 878457 2
898853 899194 2
913570 913707 2
917559 917632 1
928188 928319 2
932331 932508 1
937865 937959 2
944080 944191 1
944504 944583 1
949009 949104 2
963957 964213 1
969376 969456 2
984854 984959 2
998731 998843 1
1001482 1001570 1
1022685 1022905 1
1033354 1033465 1
1041128 1041360 2
1044394 1044536 1
1066298 1066366 1
1067693 1067820 1
1073254 1073348 1
1075521 1075663 2
1083093 1083246 1
1083762 1083900 1
1088330 1088550 1
1089059 1089179 2
1095104 1095232 1
1100792 1100933 1
1107282 1107597 2
1128333 1128396 2
1130781 1130865 1
1135401 1135486 1
1147669 1148034 2
1148548 1148693 2
1149664 1149900 1
1154515 1154620 2
1155631 1155949 1
1156776 1156926 1
1157909 1158098 2
1160624 1160796 1
1161550 1161683 2
1162282 1162593 2
1165572 1165732 1
1166223 1166546 1
1166883 1167031 1
1167135 1167367 1
1173153 1173325 1
1173624 1173867 1
1181487 1181624 1
1201024 1201375 1
1205609 1205804 1
1211669 1211842 2
1222681 1222836 1
1223863 1223974 2
1224770 1225054 1
1333816 1333937 1
1335487 1335726 1
1340615 1340826 2
1340917 1340996 2
1342787 1342916 2
1343020 1343215 2
1343659 1343943 1
1344126 1344254 2
1346385 1346669 1
1346886 1346985 2
1347998 1348109 2
1348220 1348332 2
1348870 1349143 1
1352555 1353111 2
1354404 1354743 2
1355690 1355915 1
1356287 1356415 2
1358347 1358593 1
1359783 1359914 2
1360881 1361181 1
1362550 1362854 2
1363048 1363248 1
1364104 1364362 1
1365226 1365360 2
1365673 1365820 1
1365973 1366395 1
1369178 1369321 1
1369433 1369613 2
1370216 1370383 2
1374172 1374307 1
1375196 1375326 1
1378929 1379190 1
1379268 1379375 2
1381417 1381548 2
1382637 1382954 1
1383718 1384039 2
1386054 1386357 1
1387879 1388003 1
1389294 1389524 1
1389629 1389793 2
1390412 1390728 2
1391902 1392072 1
1393703 1393885 1
1394400 1394551 2
1394875 1395039 2
1395803 1395921 1
1397559 1397779 2
1399054 1399285 2
1399787 1400190 2
1400379 1400641 1
1400807 1401004 1
1401686 1401807 1
1402304 1402644 2
1403754 1403993 2
1404205 1404393 1
1404650 1404838 1
1407999 1408124 2
1409917 1410032 1
1412198 1412537 1
1413600 1413737 1
1414267 1414402 1
1415000 1415307 1
1415609 1415698 1
1416496 1416833 1
1418724 1419080 1
1420537 1420770 1
1425571 1425702 2
1427098 1427326 1
1427747 1427883 2
1428265 1428454 2
1429038 1429298 1
1430424 1430565 2
1431550 1431900 1
1431980 1432374 1
1435449 1435585 1
1436415 1436732 1
1437621 1437837 1
1438599 1438876 1
1439529 1439753 1
1440048 1440176 1
1441837 1442070 1
1442229 1442528 2
1443650 1443964 1
1445148 1445248 2
1446383 1446567 2
1447406 1447530 2
1447993 1448165 1
1448809 1449064 1
1449975 1450231 2
1451621 1451848 1
1453678 1454014 1
1455287 1455397 1
1455702 1455828 2
1456609 1456843 1
1458750 1458874 1
1458978 1459097 2
1459986 1460101 2
1461289 1461679 1
1462615 1462848 2
1463708 1464158 1
1465000 1465314 2
1466731 1467126 2
1467915 1468229 1
1470543 1470759 1
1473597 1474063 1
1474753 1474869 2
1477026 1477268 1
1477916 1478144 2
1479453 1479579 1
1479740 1479843 1
1482719 1482978 1
1486999 1487182 2
1488192 1488481 1
1489134 1489234 2
1489726 1490015 1
1490279 1490415 2
1491345 1491492 1
1492109 1492265 1
1493386 1493637 2
1494753 1495222 2
1496176 1496376 1
1497458 1497720 1
1498573 1498880 2
1500624 1500767 2
1501003 1501225 1
1502876 1503065 2
1504093 1504198 2
1506524 1506640 1
1507526 1508054 2
1509226 1509359 1
1510603 1510728 2
1511747 1511904 2
1511966 1512095 1
1514451 1514692 1
1516348 1516554 1
1517148 1517420 1
1517588 1517839 2
1519567 1519678 2
1521024 1521182 1
1522361 1522524 2
1523577 1523776 1
1524232 1524520 1
1525270 1525543 2
1526903 1527013 2
1529226 1529395 1
1529994 1530236 1
1530313 1530463 2
1532107 1532330 2
1533079 1533284 1
1533591 1533781 1
1534390 1534644 2
1538521 1538863 1
1540139 1540327 1
1541676 1541924 1
1542652 1542912 1
1543846 1543973 1
1545558 1545699 2
1547677 1547876 1
1549529 1549848 2
1550287 1550470 1
1552180 1552445 2
1552990 1553246 2
1554204 1554432 1
1555359 1555582 2
1556632 1556898 2
1557087 1557154 1
1559017 1559195 2
1559460 1559637 1
1560168 1560313 2
1561482 1561565 2
1564429 1564597 1
1565650 1565917 2
1566873 1567104 2
1567933 1568173 2
1569282 1569443 2
1571923 1572026 1
1575516 1575642 1
1577494 1577572 2
1578919 1579091 1
1579899 1580280 2
1582617 1582884 1
1584476 1584649 2
1585419 1585591 2
1586840 1587029 2
1587418 1587528 2
1588977 1589321 1
1591272 1591591 2
1592582 1592737 2
1597215 1597449 1
1599122 1599563 1
1599900 1600064 2
1602301 1602609 1
1604279 1604734 2
1606020 1606187 1
1608643 1608787 2
1609675 1609797 1
1610693 1611045 2
1611543 1611787 2
1612589 1612950 2
1613629 1613791 1
1613959 1614037 1
1616292 1616409 2
1620279 1620484 2
1620882 1621013 1
1621570 1621676 1
1622526 1622770 1
1623505 1623665 2
1624482 1625052 2
1632707 1633131 1
1635085 1635399 2
1637716 1637953 1
1638299 1638409 2
1638754 1638923 2
1639425 1639613 2
1639782 1639998 1
1641093 1641232 2
1644346 1644676 1
1645387 1645604 2
1646193 1646376 1
1647176 1647393 2
1648267 1648492 1
1649176 1649293 2
1654772 1654882 2
1655906 1656429 2
1657755 1658052 2
1658896 1659165 2
1660351 1660513 2
1661064 1661197 1
1661262 1661430 1
1662359 1662652 1
1663903 1664243 2
1664923 1664991 2
1666122 1666290 2
1667944 1668210 2
1669009 1669182 2
1670108 1670329 1
1671543 1671857 2
1672483 1672593 2
1674787 1675037 2
1675952 1676104 2
1676635 1676755 1
1677010 1677188 2
1677303 1677672 2
1677801 1677906 1
1678800 1679018 2
1679392 1679585 2
1680976 1681139 1
1682193 1682309 2
1682890 1682995 2
1685695 1685847 1
1686309 1686537 2
1687772 1688179 1
1689374 1689794 1
1690487 1690626 1
1691726 1691948 2
1693509 1693693 2
1695846 1696013 1
1698270 1698428 2
1699147 1699372 2
1702672 1702767 1
1703624 1703692 2
1706435 1706591 1
1707868 1708275 2
1710715 1710859 2
1711685 1711832 2
1711969 1712107 1
1712738 1713058 1
1713682 1714009 2
1714615 1714920 1
1715912 1716006 2
1719550 1719694 2
1719926 1720048 2
1720351 1720513 2
1720661 1720827 1
1722385 1722633 2
1723059 1723176 1
1724012 1724243 1
1725223 1725424 2
1726315 1726418 2
1727575 1727730 1
1732028 1732192 2
1732958 1733158 1
1733517 1733611 2
1733888 1734052 2
1738442 1738547 2
1739332 1739482 2
1740958 1741115 1
1742575 1742810 2
1743542 1743719 1
1745076 1745270 2
1745937 1746237 2
1747205 1747396 2
1748161 1748341 1
1748428 1748579 2
1749462 1749758 1
1750415 1750681 1
1751861 1751997 2
1754033 1754175 1
1754737 1754976 2
1756337 1756702 2
1757562 1757912 2
1758704 1758854 1
1759592 1759702 1
1761150 1761358 2
1762898 1763252 2
1763830 1764171 1
1765131 1765330 2
1767359 1767699 2
1770209 1770393 1
1770978 1771096 1
1771636 1771709 1
1772615 1772782 2
1773892 1774050 2
1775062 1775156 1
1776165 1776340 1
1777055 1777305 2
1779925 1780154 2
1781132 1781315 1
1789398 1789512 2
1790366 1790570 1
1793252 1793694 2
1795266 1795788 2
1797493 1797659 1
1798676 1798820 1
1800404 1800613 1
1801455 1801617 2
1802198 1802304 2
1802480 1802679 1
1806114 1806268 1
1807170 1807354 1
1808409 1808659 1
1809094 1809327 1
1810887 1810998 2
1811536 1811835 2
1818558 1818699 1
1819885 1820139 2
1821187 1821404 2
1822199 1822293 1
1822609 1822720 2
1823060 1823220 1
1829582 1829732 2
1838148 1838298 1
1839778 1840122 1
1842039 1842266 2
1845818 1846010 1
1849196 1849259 1
1853125 1853239 2
1856501 1856730 2
1857482 1857643 1
1859062 1859314 2
1871375 1871528 1
1872474 1872620 2
1881860 1882031 1
1882601 1882790 2
1884519 1884681 2
1885576 1885714 1
1886766 1887133 2
1887782 1888152 2
1889700 1890119 1
1891749 1891878 2
1893782 1893993 2
1894437 1894620 2
1895065 1895190 2
1896760 1897003 1
1897070 1897198 2
1897656 1898164 2
1899092 1899366 2
1900113 1900243 1
1901562 1901671 1
1903910 1904082 2
1904923 1905257 1
1906132 1906354 2
1906722 1906863 2
1906994 1907316 1
1907503 1907849 2
1909300 1909534 1
1911972 1912404 1
1912792 1913143 2
1913931 1914363 1
1916225 1916591 2
1920803 1921012 2
1921423 1921592 1
1923448 1923657 2
2209372 2209478 2
2211676 2211832 1
2212082 2212187 2
2212611 2212928 1
2239785 2239944 1
2240448 2240737 2
2240964 2241053 1
2241458 2241659 2
2241996 2242132 2
2242748 2242989 1
2244424 2244601 2
2247187 2247348 2
2248604 2248898 1
2249387 2249620 1
2250500 2250855 1
2254707 2254877 2
2256283 2256557 2
2259152 2259351 1
2259873 2259985 2
2262759 2263048 2
2263642 2263827 1
2265301 2265509 2
2266314 2266563 2
2267654 2267915 1
2269026 2269143 2
2272777 2272896 1
2274012 2274358 2
2274854 2274937 2
2275323 2275660 1
2276332 2276632 1
2276902 2277059 2
2277506 2277791 2
2278676 2278965 2
2280329 2280479 1
2281437 2281510 2
2283038 2283257 2
2283948 2284508 1
2285865 2285993 1
2287325 2287440 1
2288351 2288522 1
2291654 2291870 1
2293147 2293417 1
2294809 2295124 2
2296278 2296412 2
2297240 2297784 1
2298578 2298681 2
2299599 2299877 2
2300950 2301077 1
2302554 2302732 2
2304930 2305175 1
2305659 2305882 1
2307647 2307800 2
2308752 2308945 1
2310504 2310782 1
2312665 2312904 2
2313900 2314122 1
2314865 2315302 2
2318488 2318567 2
2319119 2319365 2
2320793 2320971 2
2322299 2322388 1
2328159 2328265 1
2329482 2329593 2
2331398 2331509 1
2332740 2332887 1
2333263 2333582 2
2334389 2334592 1
2334670 2334826 2
2367434 2367567 2
2370267 2370374 1
2371310 2371476 1
2372657 2372807 2
2373482 2373781 1
2374587 2374720 2
2376037 2376248 2
2377421 2377552 2
2378578 2378756 2
2379476 2379582 1
2379666 2379768 1
2380482 2380662 1
2381596 2381768 2
2382053 2382354 2
2383008 2383185 2
2384639 2384837 1
2385461 2385634 1
2387263 2387401 2
2388707 2388879 2
2390032 2390165 1
2391294 2391624 2
2392054 2392282 1
2393289 2393488 2
2394117 2394249 2
2395415 2395659 1
2396104 2396393 2
2397352 2397589 2
2397833 2398188 1
2400100 2400380 2
2401476 2401715 2
2402537 2402787 1
2408289 2408531 2
2409571 2409681 1
2409984 2410181 1
2410987 2411126 2
2411304 2411465 2
2412196 2412434 1
2413866 2413971 2
2420401 2420600 2
2422343 2422782 2
2424579 2424820 1
2426918 2427086 2
2427873 2428036 2
2429337 2429639 1
2438482 2438615 2
2439165 2439498 2
2440388 2440736 1
2441156 2441546 2
2442272 2442423 1
2443067 2443373 1
2444332 2444448 1
2445165 2445326 2
2445532 2445704 2
2446713 2446930 1
2447814 2448038 2
2449676 2449793 2
2450721 2450968 1
2451982 2452159 2
2453163 2453366 1
2453781 2453934 2
2454582 2454697 1
2455932 2456126 1
2458744 2458874 2
2459604 2459909 2
2461059 2461232 2
2462223 2462368 1
2463318 2463563 2
2464549 2464791 2
2465926 2466209 1
2466613 2466761 1
2467236 2467351 2
2467970 2468156 2
2468517 2468753 1
2469904 2470123 2
2475009 2475132 2
2476204 2476426 1
2478788 2479024 2
2479479 2479685 2
2480126 2480348 2
2480841 2481036 1
2481648 2481954 2
2485846 2486179 1
2487365 2487593 1
2488348 2488604 2
2490405 2490543 2
2491727 2491952 1
2492832 2492982 2
2493320 2493482 2
2494251 2494352 1
2495360 2495596 2
2495820 2495965 2
2497054 2497320 1
2497709 2497904 2
2498491 2498638 2
2501463 2501673 2
2502470 2502787 2
2503576 2503715 2
2505172 2505287 1
2505749 2506002 1
2511781 2512008 1
2513332 2513537 1
2515204 2515382 1
2516198 2516304 1
2517726 2517854 2
2519679 2519852 2
2520937 2521115 1
2522109 2522298 2
2522598 2522859 2
2523404 2523620 1
2524565 2524759 2
2525559 2525893 2
2527733 2527912 1
2528765 2528976 2
2529632 2529948 2
2532102 2532245 2
2532626 2533018 2
2533604 2534120 2
2534719 2534954 1
2536815 2537037 2
2537836 2538114 2
2539223 2539409 1
2539854 2540032 1
2540551 2540737 2
2541087 2541248 1
2542248 2542543 2
2543393 2543548 2
2544465 2544615 1
2547053 2547320 2
2548199 2548539 2
2550673 2550998 2
2552049 2552509 1
2553017 2553461 1
2554209 2554366 2
2555224 2555622 1
2556315 2556687 2
2557349 2557909 2
2558786 2559036 2
2559931 2560024 1
2561604 2561765 1
2562587 2562815 2
2564755 2565121 1
2565257 2565393 1
2565681 2565807 1
2566209 2566340 1
2567112 2567392 2
2567670 2567932 2
2568932 2569154 1
2569774 2569984 1
2571333 2571464 2
2571872 2572128 2
2573117 2573248 1
2574017 2574184 2
2575020 2575232 2
2576465 2576726 1
2579169 2579436 2
2582804 2582959 2
2585834 2586043 2
2587665 2587882 1
2588674 2588794 1
2588976 2589237 2
2590095 2590241 2
2590565 2590738 1
2592336 2592447 2
2612444 2612559 2
2614542 2614683 2
2616645 2616764 1
2628660 2628822 2
2629854 2629982 1
2630949 2631069 1
2632790 2632957 2
2633551 2633676 1
2635765 2636020 1
2637161 2637429 1
2638498 2638665 2
2640765 2641026 2
2641617 2641769 1
2642603 2642865 1
2643529 2643765 2
2644304 2644637 2
2645376 2645481 1
2646223 2646396 2
2647092 2647390 2
2648784 2648889 1
2649620 2649837 2
2650754 2650976 1
2652208 2652590 2
2653165 2653631 2
2654471 2654797 1
2655284 2655461 2
2655838 2655969 1
2661995 2662126 1
2662999 2663182 1
2665170 2665620 1
2666415 2666739 2
2667582 2667890 2
2668898 2669054 1
2671808 2672096 1
2673632 2673865 1
2675248 2675493 2
2677059 2677193 2
2677365 2677565 1
2680454 2680776 1
2687117 2687258 2
2688294 2688634 2
2691022 2691168 1
2692519 2692790 1
2693792 2694038 1
2694692 2694875 2
2696209 2696339 1
2697610 2697741 1
2698732 2698909 2
2701398 2701612 1
2702282 2702460 2
2704583 2704824 2
2709605 2709987 1
2710495 2710892 1
2711429 2711817 2
2712430 2712801 2
2713948 2714098 1
2714676 2714770 1
2715001 2715226 2
2716059 2716287 2
2717298 2717434 1
2719111 2719218 2
2720276 2720487 2
2721804 2722016 1
2722954 2723070 2
2724590 2724835 1
2727707 2727859 2
2729487 2729665 1
2730642 2730977 1
2733415 2733537 2
2734732 2734976 2
2735804 2736020 2
2736737 2736876 2
2737637 2737926 2
2738493 2738698 1
2740934 2741040 1
2741148 2741370 2
2742249 2742403 2
2743070 2743270 1
2743654 2743722 1
2744469 2744576 2
2745234 2745380 2
2746043 2746320 1
2746860 2746978 1
2748038 2748127 2
2748592 2748702 2
2750893 2751037 2
2752769 2752978 1
2757359 2757443 1
2762041 2762198 2
2762959 2763104 2
2764087 2764259 1
2765910 2766039 1
2768165 2768298 1
2781376 2781559 2
2782317 2782395 2
2784273 2784341 1
2784733 2784869 1
2786524 2786648 1
2788382 2788626 1
2796459 2796746 2
2799488 2799634 1
2800666 2800790 2
2802396 2802548 1
2808965 2809098 2
2812537 2812648 1
2813087 2813204 2
2816134 2816495 2
2817166 2817302 1
2819854 2819987 2
2823205 2823299 2
2831026 2831154 2
2831687 2831787 2
2842443 2842598 2
2845754 2845932 1
2859527 2859595 1
2861704 2861843 2
2871270 2871527 1
2872237 2872463 2
2882226 2882376 1
2889110 2889221 1
2893154 2893365 1
2894054 2894354 2
2895610 2895783 1
2898315 2898378 1
2918096 2918237 2
2941882 2941955 2
2945809 2945898 1
3000554 3000704 1
3002826 3002963 2
3003389 3003527 1
3004042 3004135 2
3034787 3034932 2
3042015 3042176 1
3050443 3050570 1
3054231 3054367 2
3055165 3055265 2
3057593 3057832 1
3061237 3061359 2
3064740 3064896 2
3066168 3066268 1
3068191 3068445 2
3069687 3069920 2
3070454 3070770 1
3071309 3071609 2
3072779 3072931 2
3073682 3074098 2
3074898 3075202 2
3076043 3076298 1
3078370 3078820 1
3081864 3082131 1
3085039 3085222 2
3088021 3088215 2
3091226 3091420 1
3317620 3317837 1
3322599 3322693 1
3323886 3324127 2
3326154 3326343 1
3327143 3327415 1
3330163 3330467 2
3331848 3332010 2
3332533 3332810 1
3334739 3335037 2
3336000 3336136 1
3338715 3338893 1
3339658 3339909 2
3340259 3340547 2
3341259 3341420 1
3343308 3343552 1
3344093 3344460 2
3345297 3345480 2
3345652 3345835 2
3346432 3346720 1
3347490 3347887 2
3350548 3350798 1
3353370 3353570 1
3357494 3357726 1
3359651 3359923 1
3361420 3361629 2
3362540 3362957 2
3363493 3363737 2
3364443 3364770 1
3365548 3365765 2
3366846 3367071 1
3371341 3371603 2
3372652 3373034 1
3374734 3375027 2
3375341 3375519 2
3377413 3377669 1
3380909 3381120 2
3381728 3381875 1
3382560 3382780 1
3390291 3390406 2
3390510 3390709 2
3391976 3392159 1
3393508 3393807 2
3395530 3395911 2
3401324 3401653 1
3403526 3403631 2
3404095 3404229 1
3404661 3404902 2
3405577 3405954 2
3406393 3406801 1
3407491 3407664 2
3408634 3408924 2
3410603 3410881 1
3415776 3416020 1
3417168 3417268 2
3418696 3418879 1
3421484 3421662 2
3422493 3422920 1
3428138 3428337 1
3429210 3429456 2
3431902 3432244 1
3433126 3433437 1
3434345 3434747 2
3437032 3437187 2
3442193 3442637 2
3443682 3444080 2
3444953 3445173 1
3446130 3446575 2
3446855 3447059 2
3447454 3447654 2
3448487 3448712 1
3449371 3449637 2
3454937 3455339 1
3456732 3456970 2
3459088 3459339 1
3460071 3460292 2
3460985 3461115 2
3461236 3461371 2
3462048 3462393 2
3463698 3464082 1
3466209 3466455 2
3467109 3467257 1
3468094 3468326 2
3469312 3469587 1
3470876 3471210 1
3471854 3472076 2
3472726 3473009 2
3474193 3474493 2
3482556 3482970 2
3484037 3484230 2
3484311 3484475 1
3485266 3485481 1
3486131 3486296 2
3487309 3487593 2
3488180 3488567 2
3488954 3489137 2
3490199 3490413 1
3491170 3491415 2
3493086 3493374 1
3494073 3494282 1
3494797 3494959 2
3496047 3496298 2
3496827 3497172 2
3498584 3498726 1
3499634 3500086 2
3500719 3500952 2
3501948 3502319 1
3503292 3503643 1
3504668 3504914 2
3505479 3505782 2
3506938 3507174 1
3511756 3511897 2
3513221 3513540 2
3514659 3514859 1
3515240 3515522 2
3516344 3516600 1
3517308 3517409 1
3517960 3518201 2
3518693 3518932 2
3519098 3519251 2
3519901 3520450 2
3522668 3522814 1
3523175 3523400 1
3523803 3524012 2
3525437 3525570 1
3540570 3540876 2
3543472 3543728 1
3544291 3544605 1
3545628 3545772 2
3547437 3547615 1
3549106 3549206 2
3550536 3550641 1
3551559 3551627 2
3552278 3552528 2
3556054 3556204 1
3558312 3558422 2
3559583 3560002 2
3591198 3591368 1
3592665 3593037 2
3593674 3594000 2
3594576 3594859 2
3595704 3595866 2
3596861 3597021 1
3597504 3597832 1
3598437 3598659 2
3599037 3599165 2
3599532 3599743 2
3600658 3600867 1
3601829 3602075 2
3606422 3606720 2
3606982 3607317 2
3615872 3616008 2
3617933 3618032 1
3618609 3618748 2
3621176 3621318 1
3622196 3622359 1
3622944 3623258 2
3623651 3623797 1
3625265 3625441 2
3626010 3626585 2
3627235 3627428 1
3628463 3628631 2
3629661 3629923 2
3630535 3630775 2
3631455 3631555 1
3632790 3633040 2
3634513 3634617 2
3635059 3635415 1
3636396 3636584 2
3638881 3639210 1
3639462 3639744 1
3640136 3640539 2
3641765 3641993 1
3643120 3643315 2
3643998 3644287 2
3644748 3644926 1
3645017 3645100 1
3645545 3645692 2
3646532 3646909 2
3647979 3648090 2
3649446 3649632 2
3651213 3651438 2
3652332 3652509 1
3653237 3653645 1
3654267 3654682 1
3656454 3656758 2
3657720 3658270 1
3659248 3659415 2
3661748 3661932 2
3663048 3663387 2
3664578 3664819 1
3665405 3665776 2
3666504 3666869 1
3667638 3667947 2
3668989 3669133 2
3670648 3670820 1
3673923 3674248 1
3675299 3675540 2
3676586 3676790 2
3678487 3678676 1
3680985 3681221 1
3682649 3682743 2
3683528 3683664 1
3684754 3685209 1
3685939 3686049 2
3691683 3691923 1
3692985 3693294 2
3694670 3694957 1
3695167 3695256 2
3696108 3696234 1
3697521 3697704 1
3698730 3698857 2
3699354 3699632 2
3699964 3700267 1
3700612 3701005 2
3701156 3701235 1
3701637 3701832 2
3702637 3702870 1
3703450 3704025 1
3704266 3704392 2
3705694 3705893 2
3709182 3709532 1
3718740 3718997 2
3724815 3725020 2
3726826 3726965 1
3728537 3728687 2
3729013 3729193 1
3729632 3729809 2
3730515 3730615 1
3731351 3731631 2
3731837 3731959 1
3732432 3732776 2
3733593 3733915 2
3736221 3736388 2
3743190 3743504 2
3745315 3745416 1
3745670 3745801 2
3745938 3746036 1
3746387 3746509 2
3747145 3747286 1
3749379 3749499 2
3750597 3750707 2
3751408 3751509 2
3752010 3752381 1
3752596 3752967 2
3755447 3755682 1
3756787 3756932 2
3757665 3757842 1
3760221 3760338 1
3761698 3761949 2
3770548 3770920 1
3771869 3772037 2
3772670 3772843 1
3773598 3773975 1
3774676 3774995 2
3780231 3780566 2
3782088 3782193 2
3782719 3783090 2
3784170 3784462 1
3784628 3784717 2
3785101 3785253 2
3787552 3787824 2
3788855 3788970 1
3789360 3789573 1
3790898 3790998 2
3791224 3791444 1
3792339 3792575 2
3794975 3795362 1
3795990 3796340 2
3798286 3798474 1
3799055 3799217 2
3799986 3800133 1
3800729 3801052 2
3801976 3802143 1
3802320 3802465 1
3803537 3803793 2
3803948 3804248 2
3806254 3806398 2
3806804 3807076 1
3808570 3808717 2
3810037 3810293 2
3812436 3812682 2
3813946 3814072 1
3815371 3815632 1
3817772 3818023 2
3818734 3819064 2
3819603 3819770 1
3820497 3820654 2
3822145 3822396 2
3822998 3823220 1
3823531 3823835 2
3825472 3825639 1
3828516 3828888 2
3830152 3830390 2
3831077 3831252 1
3831676 3831876 2
3832785 3832999 2
3834070 3834226 2
3836343 3836593 1
3837707 3838277 1
3841928 3842277 1
3842837 3843032 2
3845240 3845402 2
3852699 3853008 2
3853932 3854198 1
3854687 3854954 2
3856165 3856476 1
3857482 3857698 2
3859008 3859243 1
3860018 3860331 2
3860786 3860983 1
3862315 3862548 2
3864904 3865243 2
3867125 3867414 2
3868809 3869070 1
3870553 3870914 2
3871498 3871898 2
3872321 3872546 1
3873465 3873602 1
3873890 3874047 2
3878782 3879054 2
3880715 3880976 2
3881848 3882182 1
3883393 3883565 2
3884465 3884676 2
3885676 3885859 1
3886652 3886786 2
3887569 3887700 2
3888119 3888302 1
3888582 3888737 2
3889618 3889721 2
3890065 3890309 2
3890787 3890996 1
3891553 3891658 2
3893659 3893809 1
3897070 3897232 2
3897554 3897698 1
3898626 3898809 2
3900759 3901020 2
3901662 3901913 2
3902898 3903015 2
3904361 3904675 1
3905386 3905826 2
3906637 3906851 2
3908037 3908148 1
3908620 3908698 2
3909341 3909443 2
3909893 3909987 2
3910889 3911036 1
3913191 3913301 2
3914352 3914535 2
3915782 3915920 1
3916246 3916393 2
3916665 3917209 1
3918469 3918673 2
3919332 3919515 1
3919943 3920215 2
3921076 3921266 1
3921927 3922225 2
3923036 3923376 1
3923651 3923970 2
3924587 3924854 2
3925983 3926144 1
3928395 3928547 1
3931587 3931765 2
3933220 3933426 2
3933980 3934077 1
3935447 3935808 2
3937382 3937722 2
3938026 3938315 1
3939930 3940118 2
3941382 3941515 1
3941879 3942088 1
3943011 3943136 1
3943874 3944021 1
3944182 3944402 2
3945077 3945406 1
3945940 3946096 1
3952628 3952821 2
3953829 3954094 1
3954859 3955005 2
3956697 3956816 2
3961681 3961862 2
3965651 3965760 1
3968823 3969038 1
3972495 3972783 2
3973415 3973520 2
3974159 3974404 1
3974964 3975153 2
3976304 3976604 2
3980587 3980743 1
3983451 3983672 2
3986215 3986376 2
3991237 3991509 2
3992304 3992432 1
3996202 3996448 1
3998509 3998648 2
3999459 3999732 1
4000737 4000948 2
4005704 4005866 2
4007248 4007443 1
4008102 4008326 2
4009646 4009777 1
4010507 4010669 2
4015476 4015586 2
4016070 4016182 1
4016709 4016898 2
4021596 4021725 2
4022917 4023074 1
4026522 4026686 1
4030173 4030356 1
4034190 4034478 2
4035445 4035694 2
4036724 4036838 1
4041516 4041595 2
4042285 4042709 2
4044332 4044609 2
4045332 4045454 2
4056210 4056404 1
4060809 4060932 1
4065926 4066070 2
4066693 4066943 1
4067530 4067661 2
4068059 4068226 2
4069798 4070132 1
4071272 4071457 2
4072504 4072682 1
4073420 4073582 1
4073793 4073893 1
4076604 4076715 2
4077015 4077132 1
4086046 4086114 2
4088038 4088231 1
4092072 4092218 2
4092684 4092877 2
4093709 4093808 1
4096304 4096440 2
4099814 4099971 2
4101461 4101634 1
4107184 4107383 1
4107953 4108139 2
4110119 4110260 2
4110825 4110935 1
4112405 4112572 2
4113608 4113801 1
4114637 4114741 1
4117743 4118043 1
4118887 4119126 2
4119953 4120100 1
4122008 4122283 2
4123159 4123337 2
4127745 4127834 1
4132971 4133195 2
4136598 4137069 2
4138426 4138609 2
4138937 4139037 1
4143937 4144065 1
4151099 4151240 2
4155515 4155652 2
4159559 4159770 2
4168955 4169099 2
4169512 4169664 1
4170746 4170935 1
4175073 4175156 2
4177060 4177207 2
4180675 4180764 1
4181554 4181800 2
4190804 4190882 2
4191730 4191888 2
4192790 4192925 2
4200621 4200888 1
4208679 4208790 2
4209314 4209582 1
4209726 4210015 2
4210380 4210595 2
4216415 4216525 1
4220588 4220808 2
4233798 4234015 2
4242238 4242323 1
4244101 4244211 2
4245304 4245443 1
4251504 4251687 2
4252015 4252198 2
4795281 4795397 1
4810559 4810804 1
4819209 4819398 2
4819865 4819959 1
4820075 4820436 1
4821248 4821576 2
4822454 4822876 2
4825557 4826059 2
4826528 4826658 2
4826730 4826879 1
4831703 4831809 2
4832726 4832993 2
4833359 4833648 2
4840054 4840248 2
4841073 4841235 2
4844846 4845156 1
4848109 4848443 2
4848576 4848682 1
4849265 4849443 2
4850937 4851276 1
4851515 4851665 2
4855587 4855748 2
4855840 4856226 2
4856487 4856698 2
4857270 4857476 1
4878118 4878385 2
4879782 4879965 2
4881592 4881775 2
4882183 4882502 1
4883287 4883528 2
4884488 4884913 1
4885681 4885890 2
4887367 4887451 2
4887848 4887937 1
4889729 4889912 1
4896015 4896426 2
4898509 4898772 2
4899054 4899220 2
4900751 4901253 1
4901886 4902142 2
4904365 4904493 1
4905187 4905281 2
4906045 4906228 2
4907855 4908080 1
4908629 4908723 2
4909766 4910054 2
4916287 4916538 1
4917589 4917904 2
4918683 4918861 2
4919258 4919342 1
4920069 4920357 2
4921246 4921340 1
4922318 4922543 2
4922904 4923137 2
4924659 4925198 1
4927479 4927699 2
4930235 4930438 1
4931676 4932193 2
4933012 4933319 2
4933915 4934139 2
4935525 4935845 1
4938338 4938520 2
4939628 4939807 2
4940637 4940832 1
4942220 4942487 2
4943043 4943237 2
4945291 4945489 1
4946912 4947074 1
4949020 4949220 1
4951304 4951482 2
4952815 4953070 2
4953776 4954154 1
4954726 4954915 1
4966620 4966870 2
4968365 4968659 2
4981429 4981673 2
4986137 4986276 2
4988412 4988537 1
4988632 4988794 1
4990929 4991047 2
4991614 4991797 2
4991917 4992205 2
4996253 4996392 2
5002280 5002730 2
5004289 5004446 1
5005554 5005654 2
5006923 5007236 2
5008540 5008633 1
5009624 5009832 2
5014047 5014178 1
5014693 5014826 2
5015245 5015522 1
5018765 5018948 2
5019531 5019735 1
5020176 5020376 2
5021447 5021843 2
5022509 5023087 1
5024312 5024437 2
5025482 5025937 2
5026560 5027010 1
5028187 5028343 2
5033458 5033600 2
5034132 5034365 2
5034904 5035048 2
5035310 5035500 1
5036265 5036459 1
5037620 5037898 2
5038487 5038626 2
5040076 5040549 1
5042287 5042537 1
5042887 5043137 2
5043244 5043380 2
5043582 5044032 2
5044408 5044523 1
5047777 5048086 1
5049334 5049537 2
5050712 5050888 2
5052516 5052600 1
5054033 5054331 2
5054912 5055127 1
5055926 5056035 2
5058124 5058396 1
5058658 5058799 2
5059495 5059735 2
5060169 5060342 1
5061570 5061843 1
5062743 5063146 2
5065136 5065257 2
5065527 5065649 1
5067104 5067212 2
5068209 5068620 2
5070382 5070609 2
5073519 5073760 2
5074087 5074226 1
5074535 5074828 2
5075220 5075676 1
5075982 5076259 2
5076817 5076995 1
5077659 5077787 2
5078087 5078259 1
5079059 5079348 2
5079873 5079953 1
5082182 5082304 1
5082698 5082837 2
5083738 5083930 2
5084276 5084498 1
5086715 5086882 1
5088557 5088718 2
5092526 5092682 2
5093558 5093834 2
5096263 5096624 2
5096802 5096938 1
5097095 5097315 2
5098450 5098623 2
5099161 5099596 2
5101651 5101798 1
5102337 5102509 1
5103104 5103426 1
5105665 5105776 2
5108703 5108849 2
5109557 5109669 1
5109979 5110147 2
5110843 5110998 2
5111569 5111773 1
5114659 5114837 2
5116359 5116554 2
5117059 5117226 2
5117982 5118215 2
5119388 5119564 1
5120346 5120661 1
5121370 5121482 2
5123487 5123565 2
5124320 5124775 2
5125816 5126067 1
5126406 5126939 2
5127490 5127605 1
5129620 5129815 2
5135887 5136093 2
5137077 5137235 2
5139878 5140013 1
5141820 5142032 1
5142770 5142982 2
5143559 5143693 1
5144172 5144622 2
5147332 5147487 2
5147928 5148080 1
5148603 5148723 2
5150415 5150670 1
5152476 5152701 1
5153259 5153493 2
5155365 5155493 1
5156859 5157070 1
5157759 5158048 1
5158513 5158827 2
5158989 5159146 2
5159757 5160065 2
5161398 5161598 1
5165303 5165462 2
5166542 5166788 2
5169932 5170178 2
5170419 5170623 1
5170973 5171292 2
5175387 5175643 2
5176159 5176370 2
5177120 5177409 1
5178337 5178604 1
5179898 5180020 2
5180270 5180420 2
5184469 5184710 2
5188372 5188509 1
5188893 5189076 1
5189622 5189821 1
5190171 5190469 1
5191207 5191751 1
5192326 5192405 2
5193182 5193343 1
5195089 5195209 2
5199457 5199647 1
5202448 5202726 2
5204882 5205287 2
5206748 5206900 1
5211993 5212157 1
5213260 5213589 2
5220409 5220654 2
5221604 5221804 1
5222420 5222534 1
5224032 5224248 2
5224532 5224820 1
5226365 5226554 2
5227254 5227479 2
5227767 5227866 1
5228337 5228620 1
5232798 5232965 2
5233582 5233709 2
5234148 5234293 1
5234476 5234654 1
5239104 5239265 2
5241529 5241749 2
5242659 5242884 1
5243601 5243721 2
5247576 5247709 2
5249187 5249365 1
5250232 5250565 1
5251259 5251465 2
5256380 5256539 2
5257296 5257531 2
5259357 5259566 2
5260335 5260614 1
5261844 5262069 1
5262909 5263082 2
5263480 5263642 2
5264359 5264465 1
5266620 5266798 2
5271464 5271835 2
5272212 5272379 1
5275237 5275602 2
5277802 5277900 2
5280203 5280309 1
5286195 5286383 1
5287265 5287476 1
5289501 5289809 1
5291032 5291198 2
5291982 5292193 1
5292843 5292987 2
5298809 5298948 1
5300232 5300370 2
5300520 5300643 1
5301950 5302107 1
5302909 5303043 2
5303926 5304182 2
5305173 5305523 2
5308415 5308759 2
5309200 5309475 1
5312637 5312859 1
5315808 5315915 2
5315998 5316115 1
5316676 5316765 1
5327200 5327333 2
5327400 5327511 2
5328760 5328869 1
5331809 5332113 1
5335115 5335304 2
5336715 5336904 2
5337631 5337757 2
5340618 5340817 2
5341709 5341820 1
5342949 5343184 2
5343723 5344000 1
5349259 5349376 2
5350132 5350320 1
5360015 5360172 1
5362293 5362482 2
5363115 5363276 2
5364376 5364487 2
5369878 5370068 1
5371343 5371570 2
5374474 5374678 1
5375509 5375776 1
5377654 5377832 2
5379025 5379197 2
5380270 5380447 2
5385702 5385902 1
5387112 5387311 2
5394808 5395028 2
5395522 5395716 2
5397070 5397287 1
5398023 5398136 2
5399015 5399146 2
5399287 5399643 1
5400482 5400659 2
5409454 5409637 1
5410154 5410420 2
5411509 5411614 2
5412582 5412748 2
5416287 5416504 1
5420999 5421110 1
